date,open,high,low,close,volume,turnover,log_return,is_extreme,code,name
2020-01-02,1971.89,2007.42,1960.04,1997.94,153023187.0,2571196482.0,,False,000001,平安银行
2020-01-03,2006.23,2050.05,2003.86,2034.66,111619481.0,1914495475.0,0.018212079023283156,False,000001,平安银行
2020-01-06,2014.52,2053.61,2002.68,2021.63,86208350.0,1477930193.0,-0.00642461205605861,False,000001,平安银行
2020-01-07,2028.74,2046.5,2007.42,2031.1,72860756.0,1247047135.0,0.004673401502657018,False,000001,平安银行
2020-01-08,2013.34,2019.26,1969.52,1973.07,84782412.0,1423608811.0,-0.02898681283814674,False,000001,平安银行
2020-01-09,1990.84,2005.05,1957.68,1988.47,103163665.0,1725326806.0,0.007774793425840389,False,000001,平安银行
2020-01-10,1988.47,1990.84,1956.49,1976.63,58554845.0,975154819.0,-0.0059721243805696675,False,000001,平安银行
2020-01-13,1983.73,2016.89,1967.15,2012.15,87213336.0,1468271684.0,0.01781042772004942,False,000001,平安银行
2020-01-14,2012.15,2045.32,1984.92,1984.92,130449366.0,2217608853.0,-0.013625191082483097,False,000001,平安银行
2020-01-15,1988.47,1996.76,1948.2,1956.49,85943912.0,1424889228.0,-0.014426559572626846,False,000001,平安银行
2020-01-16,1956.49,1962.41,1918.59,1933.99,102810467.0,1678888508.0,-0.01156682510044834,False,000001,平安银行
2020-01-17,1939.91,1960.04,1936.36,1941.1,60543669.0,995909007.0,0.0036695963079906523,False,000001,平安银行
2020-01-20,1945.83,1967.15,1936.36,1948.2,74607475.0,1226464650.0,0.003651046659809753,False,000001,平安银行
2020-01-21,1935.17,1935.17,1886.62,1894.91,89660310.0,1442171432.0,-0.02773452535186985,False,000001,平安银行
2020-01-22,1885.43,1913.86,1860.56,1905.57,71946491.0,1150933399.0,0.00560983241907886,False,000001,平安银行
2020-01-23,1885.43,1885.43,1822.66,1840.43,110059207.0,1723394337.0,-0.03478193645143438,False,000001,平安银行
2020-02-03,1656.86,1740.95,1656.86,1656.86,225919483.0,3201454165.0,-0.10507499513779672,False,000001,平安银行
2020-02-04,1663.97,1736.21,1660.41,1729.1,170617207.0,2442932843.0,0.04267679709591043,False,000001,平安银行
2020-02-05,1727.92,1763.45,1695.94,1732.66,149138021.0,2177632044.0,0.002056757981474966,False,000001,平安银行
2020-02-06,1753.97,1761.08,1718.44,1749.24,118581572.0,1740107625.0,0.009523607981703094,False,000001,平安银行
2020-02-07,1729.1,1739.76,1706.6,1731.47,92485296.0,1345053256.0,-0.010210649199445709,False,000001,平安银行
2020-02-10,1718.44,1720.81,1693.57,1717.26,133949524.0,1931983482.0,-0.008240761333500638,False,000001,平安银行
2020-02-11,1729.1,1769.37,1724.37,1751.61,140750744.0,2077194139.0,0.019805367635968147,False,000001,平安银行
2020-02-12,1751.61,1755.16,1729.1,1749.24,107050321.0,1573229043.0,-0.0013539571030217546,False,000001,平安银行
2020-02-13,1742.13,1762.26,1730.29,1735.02,101320528.0,1491327714.0,-0.008162467181880129,False,000001,平安银行
2020-02-14,1746.87,1793.06,1740.95,1780.03,151243473.0,2253906452.0,0.02561127738464778,False,000001,平安银行
2020-02-17,1781.21,1820.3,1768.19,1820.3,154369601.0,2337993586.0,0.022371104575163937,False,000001,平安银行
2020-02-18,1815.56,1815.56,1777.66,1800.16,97361235.0,1478274223.0,-0.011125772829091263,False,000001,平安银行
2020-02-19,1788.32,1820.3,1785.95,1804.9,87410693.0,1333730219.0,0.00262963874744097,False,000001,平安银行
2020-02-20,1808.45,1849.9,1788.32,1846.35,123544434.0,1897923029.0,0.022705528654211812,False,000001,平安银行
2020-02-21,1834.51,1861.75,1829.77,1845.17,99507102.0,1546692930.0,-0.0006393030730915737,False,000001,平安银行
2020-02-24,1830.95,1830.95,1794.24,1803.71,119179450.0,1820183855.0,-0.02272575933130988,False,000001,平安银行
2020-02-25,1776.48,1791.87,1750.42,1781.21,114457502.0,1710369786.0,-0.012552746195546121,False,000001,平安银行
2020-02-26,1749.24,1808.45,1740.95,1775.29,117659915.0,1769612245.0,-0.00332911877836528,False,000001,平安银行
2020-02-27,1771.74,1794.24,1763.45,1789.5,97527090.0,1464605739.0,0.007972461359978816,False,000001,平安银行
2020-02-28,1758.71,1781.21,1712.52,1717.26,130064445.0,1906892413.0,-0.04120625386510521,False,000001,平安银行
2020-03-02,1723.18,1770.55,1712.52,1751.61,111658066.0,1647432270.0,0.019805367635968147,False,000001,平安银行
2020-03-03,1771.74,1775.29,1732.66,1743.31,115358432.0,1705816272.0,-0.004749759996879056,False,000001,平安银行
2020-03-04,1738.58,1750.42,1718.44,1739.76,86259523.0,1261123064.0,-0.0020384323193323698,False,000001,平安银行
2020-03-05,1752.79,1852.27,1744.5,1822.66,268660234.0,4089493523.0,0.0465497998638324,False,000001,平安银行
2020-03-06,1797.79,1808.45,1778.84,1780.03,122853103.0,1858691259.0,-0.023666754447875214,False,000001,平安银行
2020-03-09,1742.13,1744.5,1707.79,1711.34,166579354.0,2420392131.0,-0.039353528723326765,False,000001,平安银行
2020-03-10,1703.05,1758.71,1703.05,1748.05,116786497.0,1709084565.0,0.021224191572021343,False,000001,平安银行
2020-03-11,1749.24,1762.26,1731.47,1739.76,81438164.0,1201250682.0,-0.004753708264651846,False,000001,平安银行
2020-03-12,1735.02,1757.53,1720.81,1738.58,98649711.0,1447436642.0,-0.0006784845905040435,False,000001,平安银行
2020-03-13,1646.2,1726.73,1646.2,1719.63,116976580.0,1669009835.0,-0.010959536682624331,False,000001,平安银行
2020-03-16,1711.34,1712.52,1628.44,1628.44,140620218.0,1975824191.0,-0.05448665007127778,False,000001,平安银行
2020-03-17,1628.44,1654.49,1555.01,1588.17,117784906.0,1582506075.0,-0.025040091342271684,False,000001,平安银行
2020-03-18,1588.17,1604.75,1498.16,1505.27,138478437.0,1816836894.0,-0.05361012588833569,False,000001,平安银行
2020-03-19,1501.71,1508.82,1410.52,1448.42,189145713.0,2313863663.0,-0.03849897694932891,False,000001,平安银行
2020-03-20,1468.55,1501.71,1451.97,1482.77,157835296.0,1967487818.0,0.023438652941992537,False,000001,平安银行
2020-03-23,1421.18,1462.63,1412.89,1438.95,107111364.0,1300469494.0,-0.029998279146315573,False,000001,平安银行
2020-03-24,1468.55,1501.71,1453.16,1493.42,118020026.0,1472909400.0,0.03715511083913371,False,000001,平安银行
2020-03-25,1525.4,1547.9,1504.08,1524.22,113695774.0,1467534956.0,0.020414012012309482,False,000001,平安银行
2020-03-26,1513.56,1579.88,1506.45,1546.72,107519243.0,1408651057.0,0.014653755932785706,False,000001,平安银行
2020-03-27,1569.22,1584.62,1549.09,1557.38,65301888.0,861618663.0,0.006868362428118586,False,000001,平安银行
2020-03-30,1521.85,1544.35,1511.19,1532.51,66173879.0,852956240.0,-0.016098008069855643,False,000001,平安银行
2020-03-31,1545.53,1550.27,1513.56,1515.93,51337030.0,662915471.0,-0.010877802080779795,False,000001,平安银行
2020-04-01,1523.03,1555.01,1518.29,1526.58,52083604.0,676070118.0,0.007000827275994969,False,000001,平安银行
2020-04-02,1510.0,1536.06,1499.35,1536.06,51836504.0,663197628.0,0.006190757174924611,False,000001,平安银行
2020-04-03,1518.29,1526.58,1486.32,1493.42,82534814.0,1047282400.0,-0.02815190467349789,False,000001,平安银行
2020-04-07,1526.58,1532.51,1517.11,1525.4,87031371.0,1121200115.0,0.02118787895893832,False,000001,平安银行
2020-04-08,1525.4,1530.14,1506.45,1513.56,52871614.0,676604872.0,-0.007792178843036157,False,000001,平安银行
2020-04-09,1525.4,1526.58,1506.45,1508.82,40855377.0,522027888.0,-0.003136603528425074,False,000001,平安银行
2020-04-10,1511.19,1537.24,1498.16,1514.74,66667495.0,853689950.0,0.0039159186951661495,False,000001,平安银行
2020-04-13,1500.53,1505.27,1476.84,1491.06,44621440.0,562008050.0,-0.015756530650078,False,000001,平安银行
2020-04-14,1498.16,1523.03,1488.69,1523.03,68608687.0,874856562.0,0.02121449526193791,False,000001,平安银行
2020-04-15,1523.03,1531.32,1513.56,1524.22,65639640.0,843649273.0,0.0007810321178065105,False,000001,平安银行
2020-04-16,1514.74,1514.74,1485.13,1501.71,78915498.0,997623816.0,-0.014878344999781903,False,000001,平安银行
2020-04-17,1512.37,1544.35,1498.16,1526.58,133116477.0,1713215767.0,0.016425480486045776,False,000001,平安银行
2020-04-20,1523.03,1545.53,1512.37,1538.43,81845583.0,1058524019.0,0.007732476594690232,False,000001,平安银行
2020-04-21,1575.14,1622.51,1575.14,1592.91,212244834.0,2861879086.0,0.034800116274418424,False,000001,平安银行
2020-04-22,1583.43,1589.35,1558.56,1566.85,103280274.0,1368222855.0,-0.01649529767870136,False,000001,平安银行
2020-04-23,1566.85,1576.33,1552.64,1566.85,64698963.0,855052110.0,0.0,False,000001,平安银行
2020-04-24,1559.75,1572.77,1552.64,1568.04,56600161.0,747473770.0,0.0007591973288745567,False,000001,平安银行
2020-04-27,1575.14,1615.41,1569.22,1598.83,93682990.0,1263809737.0,0.0194456799451252,False,000001,平安银行
2020-04-28,1592.91,1605.93,1571.59,1601.2,77156417.0,1038718080.0,0.0014812363842383073,False,000001,平安银行
2020-04-29,1596.46,1669.89,1592.91,1660.41,110872239.0,1541638203.0,0.036311211687474775,False,000001,平安银行
2020-04-30,1660.41,1695.94,1643.83,1649.75,81954043.0,1155968238.0,-0.00644079854236244,False,000001,平安银行
2020-05-06,1629.62,1645.02,1611.86,1630.8,100899802.0,1382727482.0,-0.011553069318432708,False,000001,平安银行
2020-05-07,1629.62,1629.62,1610.67,1621.33,66274923.0,904349532.0,-0.0058238918903711755,False,000001,平安银行
2020-05-08,1629.62,1660.41,1620.15,1652.12,93478170.0,1297924588.0,0.018812511613276933,False,000001,平安银行
2020-05-11,1648.57,1673.44,1646.2,1658.04,61286229.0,859156594.0,0.0035768701885742385,False,000001,平安银行
2020-05-12,1652.12,1663.97,1624.88,1633.17,55851114.0,772109502.0,-0.015113270426303522,False,000001,平安银行
2020-05-13,1628.44,1631.99,1602.38,1614.22,64035879.0,871062044.0,-0.01167104357834977,False,000001,平安银行
2020-05-14,1604.75,1609.49,1565.67,1575.14,94467209.0,1259440848.0,-0.024507710653686055,False,000001,平安银行
2020-05-15,1585.8,1590.54,1556.19,1566.85,75679447.0,1004313268.0,-0.0052769227380587485,False,000001,平安银行
2020-05-18,1563.3,1579.88,1553.82,1563.3,63720857.0,843479670.0,-0.0022682628769018377,False,000001,平安银行
2020-05-19,1588.17,1592.91,1571.59,1582.25,60036864.0,801755671.0,0.012048913072136186,False,000001,平安银行
2020-05-20,1584.62,1613.04,1571.59,1600.01,69085107.0,929928886.0,0.011161994552926633,False,000001,平安银行
2020-05-21,1601.2,1607.12,1582.25,1586.98,55231200.0,742797057.0,-0.008177040155798157,False,000001,平安银行
2020-05-22,1578.69,1579.88,1530.14,1530.14,85623733.0,1119433491.0,-0.03647360458425684,False,000001,平安银行
2020-05-25,1536.06,1537.24,1511.19,1534.87,41017078.0,528769353.0,0.003086452412817746,False,000001,平安银行
2020-05-26,1541.98,1547.9,1532.51,1544.35,39621240.0,515451849.0,0.006157422952519355,False,000001,平安银行
2020-05-27,1545.53,1562.11,1534.87,1539.61,48296294.0,630305864.0,-0.0030739722515694535,False,000001,平安银行
2020-05-28,1550.21,1587.55,1542.98,1574.3,96076031.0,1255226999.0,0.022281591438529272,False,000001,平安银行
2020-05-29,1567.08,1570.69,1556.23,1565.87,45780822.0,594502124.0,-0.005369148964223011,False,000001,平安银行
2020-06-01,1577.92,1612.85,1575.51,1604.42,88296055.0,1173619007.0,0.0243207404811133,False,000001,平安银行
2020-06-02,1600.8,1641.76,1599.6,1632.12,88345888.0,1194375822.0,0.01711746269518886,False,000001,平安银行
2020-06-03,1642.96,1671.87,1626.1,1630.91,95680308.0,1308782295.0,-0.000741642004800089,False,000001,平安银行
2020-06-04,1629.71,1642.96,1615.26,1634.53,58306633.0,788707630.0,0.002217160004735937,False,000001,平安银行
2020-06-05,1638.14,1640.55,1617.66,1636.94,38302690.0,517232136.0,0.0014733440538702914,False,000001,平安银行
2020-06-08,1647.78,1668.25,1635.73,1640.55,58597190.0,802115792.0,0.002202906162876148,False,000001,平安银行
2020-06-09,1642.96,1653.8,1629.71,1646.57,47430007.0,646895835.0,0.0036627848878989337,False,000001,平安银行
2020-06-10,1651.39,1651.39,1614.05,1624.89,58047620.0,781995749.0,-0.013254215172325294,False,000001,平安银行
2020-06-11,1611.64,1612.85,1565.87,1575.51,134903982.0,1774199979.0,-0.0308610917963642,False,000001,平安银行
2020-06-12,1553.83,1568.28,1550.21,1564.67,103055057.0,1331618729.0,-0.00690409024875635,False,000001,平安银行
2020-06-15,1547.8,1562.26,1541.78,1544.19,66031307.0,850767506.0,-0.01317543811114817,False,000001,平安银行
2020-06-16,1553.83,1564.67,1549.01,1552.62,71805910.0,927043688.0,0.005444325497894449,False,000001,平安银行
2020-06-17,1552.62,1556.23,1536.96,1547.8,71646824.0,918251153.0,-0.0031092586701850985,False,000001,平安银行
2020-06-18,1536.96,1541.78,1516.49,1536.96,111964780.0,1419972017.0,-0.007028128359899155,False,000001,平安银行
2020-06-19,1533.35,1546.6,1518.89,1541.78,153952178.0,1954584920.0,0.0031311536134837987,False,000001,平安银行
2020-06-22,1534.55,1536.96,1520.1,1522.51,131907979.0,1671023279.0,-0.01257730438296236,False,000001,平安银行
2020-06-23,1523.71,1528.53,1508.05,1517.69,99080673.0,1248046647.0,-0.0031708466801288722,False,000001,平安银行
2020-06-24,1522.51,1551.42,1517.69,1541.78,152322048.0,1946329095.0,0.01574815106309126,False,000001,平安银行
2020-06-29,1556.23,1562.26,1530.94,1541.78,103848006.0,1330678289.0,0.0,False,000001,平安银行
2020-06-30,1545.39,1551.42,1532.14,1541.78,93794022.0,1199181601.0,0.0,False,000001,平安银行
2020-07-01,1540.58,1583.94,1534.55,1580.32,169739001.0,2202800844.0,0.024689765069873672,False,000001,平安银行
2020-07-02,1575.51,1624.89,1562.26,1617.66,259050119.0,3433511084.0,0.023353302406629573,False,000001,平安银行
2020-07-03,1634.53,1724.87,1633.32,1716.44,376833363.0,5280918011.0,0.05927171787037952,False,000001,平安银行
2020-07-06,1758.59,1888.68,1757.39,1888.68,471146078.0,7168653356.0,0.09562579391468352,False,000001,平安银行
2020-07-07,1963.36,2003.11,1810.39,1864.59,396442747.0,6267919683.0,-0.012836982583851481,False,000001,平安银行
2020-07-08,1834.48,1927.23,1834.48,1898.32,263133916.0,4095447757.0,0.017928094715843657,False,000001,平安银行
2020-07-09,1886.27,1886.27,1844.11,1870.61,224399440.0,3469517330.0,-0.01470470361901287,False,000001,平安银行
2020-07-10,1848.93,1864.59,1777.87,1789.91,215877326.0,3254272378.0,-0.04409924162334533,False,000001,平安银行
2020-07-13,1770.64,1816.41,1746.55,1793.52,193716012.0,2871414845.0,0.0020148300490004925,False,000001,平安银行
2020-07-14,1794.73,1829.66,1752.57,1768.23,195356627.0,2891773817.0,-0.014201123055853004,False,000001,平安银行
2020-07-15,1780.27,1789.91,1714.03,1718.84,204256283.0,2947173150.0,-0.028329401553973607,False,000001,平安银行
2020-07-16,1722.46,1752.57,1700.78,1704.39,193089129.0,2771496391.0,-0.008442369239104193,False,000001,平安银行
2020-07-17,1706.8,1720.05,1680.3,1703.19,129134677.0,1821043928.0,-0.000704312180260263,False,000001,平安银行
2020-07-20,1714.03,1779.07,1698.37,1774.25,197963200.0,2872758056.0,0.04087483514413904,False,000001,平安银行
2020-07-21,1768.23,1768.23,1734.5,1745.34,125286569.0,1815570301.0,-0.016428419341004502,False,000001,平安银行
2020-07-22,1745.34,1764.62,1718.84,1735.71,131295159.0,1895447229.0,-0.005532827489557341,False,000001,平安银行
2020-07-23,1715.23,1721.25,1663.44,1687.53,202752587.0,2838535211.0,-0.02815063020809064,False,000001,平安银行
2020-07-24,1682.71,1685.12,1616.46,1626.1,183088183.0,2504647111.0,-0.037081411534763076,False,000001,平安银行
2020-07-27,1646.57,1647.78,1577.92,1594.78,188065335.0,2497551472.0,-0.019448714160574518,False,000001,平安银行
2020-07-28,1606.82,1617.66,1587.55,1606.82,121700599.0,1618089559.0,0.007521274836386138,False,000001,平安银行
2020-07-29,1608.03,1641.76,1591.17,1630.91,151958025.0,2043847473.0,0.01488107072037387,False,000001,平安银行
2020-07-30,1626.1,1627.3,1610.44,1610.44,96406763.0,1294444933.0,-0.012630707661323315,False,000001,平安银行
2020-07-31,1599.6,1629.71,1595.98,1606.82,116582191.0,1559068292.0,-0.00225036305905053,False,000001,平安银行
2020-08-03,1622.48,1640.55,1617.66,1636.94,144509616.0,1954607257.0,0.018571574778979996,False,000001,平安银行
2020-08-04,1645.37,1704.39,1623.69,1691.14,244566325.0,3388510059.0,0.03257421243288816,False,000001,平安银行
2020-08-05,1664.64,1668.25,1640.55,1657.41,144020313.0,1980352978.0,-0.02014671477609749,False,000001,平安银行
2020-08-06,1664.64,1681.5,1644.16,1674.28,135251068.0,1868047342.0,0.010127079157323833,False,000001,平安银行
2020-08-07,1662.23,1674.28,1640.55,1650.19,98867837.0,1356305781.0,-0.01449278932023175,False,000001,平安银行
2020-08-10,1646.57,1688.73,1640.55,1680.3,158771035.0,2208568316.0,0.01808191610354524,False,000001,平安银行
2020-08-11,1682.71,1765.82,1682.71,1701.98,260330789.0,3748036828.0,0.01281993029906495,False,000001,平安银行
2020-08-12,1711.62,1746.55,1704.39,1732.09,159681170.0,2287731088.0,0.01753649263788564,False,000001,平安银行
2020-08-13,1734.5,1741.73,1703.19,1708.0,83726175.0,1190139725.0,-0.014005676472331603,False,000001,平安银行
2020-08-14,1698.37,1747.75,1693.55,1742.93,110321582.0,1578543607.0,0.020244509722475258,False,000001,平安银行
2020-08-17,1758.59,1848.93,1752.57,1829.66,326802780.0,4923669137.0,0.04856255215321267,False,000001,平安银行
2020-08-18,1830.86,1842.91,1795.93,1824.84,135026107.0,2033477708.0,-0.002637845283835273,False,000001,平安银行
2020-08-19,1820.02,1848.93,1801.96,1818.82,142092811.0,2154215097.0,-0.0033043727886997738,False,000001,平安银行
2020-08-20,1807.98,1823.64,1750.16,1757.39,133380162.0,1962605014.0,-0.03435818533030955,False,000001,平安银行
2020-08-21,1771.84,1771.84,1724.87,1740.53,123451733.0,1787278581.0,-0.009640089292096235,False,000001,平安银行
2020-08-24,1746.55,1771.84,1735.71,1741.73,91944886.0,1338031969.0,0.0006892076108623428,False,000001,平安银行
2020-08-25,1753.78,1769.43,1741.73,1758.59,74832022.0,1090756854.0,0.009633479447201838,False,000001,平安银行
2020-08-26,1758.59,1759.8,1720.05,1730.89,73411772.0,1057274170.0,-0.015876624512929788,False,000001,平安银行
2020-08-27,1734.5,1741.73,1699.57,1741.73,62666677.0,895618649.0,0.006243145065728096,False,000001,平安银行
2020-08-28,1717.64,1828.46,1717.64,1822.43,241040002.0,3599035695.0,0.04529190322590307,False,000001,平安银行
2020-08-31,1842.91,1888.68,1805.57,1816.41,179712954.0,2760350322.0,-0.0033087497620988594,False,000001,平安银行
2020-09-01,1801.96,1834.48,1792.32,1823.64,81364258.0,1228342742.0,0.003972478129585354,False,000001,平安银行
2020-09-02,1807.98,1870.61,1807.98,1845.32,167938297.0,2575966638.0,0.011818200436251973,False,000001,平安银行
2020-09-03,1845.32,1846.52,1787.5,1794.73,127984159.0,1919266726.0,-0.02779811138858094,False,000001,平安银行
2020-09-04,1774.25,1814.0,1758.59,1801.96,90988999.0,1353550808.0,0.004020368582460049,False,000001,平安银行
2020-09-07,1792.32,1835.68,1786.3,1799.55,103137681.0,1551971381.0,-0.0013383277345985036,False,000001,平安银行
2020-09-08,1806.77,1858.57,1806.77,1858.57,140760166.0,2154220778.0,0.03227074118238749,False,000001,平安银行
2020-09-09,1838.09,1874.23,1822.43,1832.07,101357247.0,1554005575.0,-0.014360899700340116,False,000001,平安银行
2020-09-10,1845.32,1864.59,1830.86,1847.73,95709239.0,1469402768.0,0.008511383520217616,False,000001,平安银行
2020-09-11,1828.46,1842.91,1785.09,1807.98,95423625.0,1431844020.0,-0.02174765868727629,False,000001,平安银行
2020-09-14,1807.98,1842.91,1797.14,1842.91,68025105.0,1027508109.0,0.019135644109631967,False,000001,平安银行
2020-09-15,1830.86,1864.59,1824.84,1848.93,65713267.0,1007999044.0,0.003261249315029332,False,000001,平安银行
2020-09-16,1845.32,1871.82,1832.07,1859.77,72241475.0,1114667832.0,0.0058457307785489765,False,000001,平安银行
2020-09-17,1871.82,1893.5,1854.95,1875.43,98821563.0,1543414502.0,0.008385142297729868,False,000001,平安银行
2020-09-18,1881.45,1938.07,1869.41,1935.66,137319330.0,2186759088.0,0.03161038713386726,False,000001,平安银行
2020-09-21,1927.23,1933.25,1892.29,1910.36,89616165.0,1418370974.0,-0.013156647623213887,False,000001,平安银行
2020-09-22,1887.48,1907.95,1853.75,1875.43,86775631.0,1354536273.0,-0.018453739510653374,False,000001,平安银行
2020-09-23,1877.84,1906.75,1868.2,1882.66,59920047.0,939763266.0,0.0038477039772359055,False,000001,平安银行
2020-09-24,1877.84,1880.25,1821.23,1821.23,106101124.0,1623376201.0,-0.03317357344186509,False,000001,平安银行
2020-09-25,1830.86,1844.11,1820.02,1829.66,61408700.0,933035044.0,0.004618060243856744,False,000001,平安银行
2020-09-28,1829.66,1851.34,1804.36,1844.11,61271111.0,932800766.0,0.007866619041587114,False,000001,平安银行
2020-09-29,1853.75,1856.16,1777.87,1782.68,118237440.0,1766848545.0,-0.033878926308473827,False,000001,平安银行
2020-09-30,1782.68,1839.3,1782.68,1827.25,121706482.0,1838547595.0,0.02469425440318447,False,000001,平安银行
2020-10-09,1842.91,1873.02,1822.43,1828.46,90042593.0,1376995907.0,0.0006619781351291967,False,000001,平安银行
2020-10-12,1833.27,1933.25,1832.07,1915.18,159134715.0,2509002885.0,0.0463375304799516,False,000001,平安银行
2020-10-13,1915.18,1940.48,1899.52,1934.45,90881948.0,1453986338.0,0.010011435359003415,False,000001,平安银行
2020-10-14,1932.04,1941.68,1903.14,1930.84,66256236.0,1057937816.0,-0.001867906961511602,False,000001,平安银行
2020-10-15,1951.32,2038.04,1945.29,1994.68,160006232.0,2654379586.0,0.03252849508276723,False,000001,平安银行
2020-10-16,1994.68,2092.24,1992.27,2059.72,209561419.0,3589229559.0,0.03208641475941145,False,000001,平安银行
2020-10-19,2083.81,2180.17,2083.81,2105.49,201610552.0,3571336006.0,0.021978167909765884,False,000001,平安银行
2020-10-20,2105.49,2119.95,2077.79,2112.72,96007195.0,1673173356.0,0.003427997695741725,False,000001,平安银行
2020-10-21,2124.77,2168.13,2087.43,2157.29,124456018.0,2204040365.0,0.020876587521144664,False,000001,平安银行
2020-10-22,2160.9,2228.35,2083.81,2115.13,189051905.0,3342069011.0,-0.019736528029426315,False,000001,平安银行
2020-10-23,2111.52,2262.08,2111.52,2183.79,169850168.0,3105623948.0,0.031945623083085885,False,000001,平安银行
2020-10-26,2192.22,2203.06,2101.88,2131.99,117559865.0,2085800599.0,-0.024006083552349157,False,000001,平安银行
2020-10-27,2168.13,2168.13,2107.9,2139.22,103486504.0,1839243225.0,0.0033854607502129576,False,000001,平安银行
2020-10-28,2139.22,2156.08,2082.61,2123.56,120582386.0,2125604542.0,-0.007347351000281975,False,000001,平安银行
2020-10-29,2112.72,2159.7,2089.84,2140.42,84660362.0,1498040948.0,0.007908145848189394,False,000001,平安银行
2020-10-30,2136.81,2211.49,2119.95,2138.02,100780383.0,1813064343.0,-0.001121904363148196,False,000001,平安银行
2020-11-02,2125.97,2174.15,2087.43,2123.56,96845277.0,1702741438.0,-0.006786241485041274,False,000001,平安银行
2020-11-03,2133.2,2209.08,2131.99,2163.31,95786863.0,1727488482.0,0.01854553055436698,False,000001,平安银行
2020-11-04,2210.29,2225.95,2163.31,2206.67,124763640.0,2275824963.0,0.019845135688307994,False,000001,平安银行
2020-11-05,2212.7,2228.35,2112.72,2131.99,142946944.0,2558562453.0,-0.03442877599260619,False,000001,平安银行
2020-11-06,2133.2,2138.02,2074.18,2124.77,84878153.0,1486492208.0,-0.003392254636677871,False,000001,平安银行
2020-11-09,2128.38,2168.13,2112.72,2148.86,95142432.0,1688807402.0,0.011273907734037891,False,000001,平安银行
2020-11-10,2168.13,2228.35,2159.7,2181.38,102106281.0,1854142809.0,0.015020235088089012,False,000001,平安银行
2020-11-11,2192.22,2204.26,2119.95,2145.24,94013007.0,1677811479.0,-0.016706269813666935,False,000001,平安银行
2020-11-12,2145.24,2160.9,2101.88,2127.18,67725848.0,1197284181.0,-0.008454275361225531,False,000001,平安银行
2020-11-13,2098.27,2104.29,2010.34,2069.36,128918923.0,2191492021.0,-0.027557778143920297,False,000001,平安银行
2020-11-16,2057.31,2099.47,2035.63,2092.24,75985693.0,1308190460.0,0.01099588164815597,False,000001,平安银行
2020-11-17,2093.45,2159.7,2077.79,2147.65,85293051.0,1509511578.0,0.026138958722332625,False,000001,平安银行
2020-11-18,2141.63,2228.35,2138.02,2223.54,137340072.0,2508632642.0,0.034726299364546756,False,000001,平安银行
2020-11-19,2239.2,2286.17,2204.26,2270.51,121174062.0,2270476475.0,0.02090395539964985,False,000001,平安银行
2020-11-20,2268.1,2287.38,2230.76,2271.72,67391922.0,1265262916.0,0.0005327779652820437,False,000001,平安银行
2020-11-23,2270.51,2363.26,2264.49,2363.26,116585826.0,2252290578.0,0.03950476794763416,False,000001,平安银行
2020-11-24,2363.26,2370.49,2309.06,2331.94,67854323.0,1313496137.0,-0.013341482606059203,False,000001,平安银行
2020-11-25,2346.4,2372.9,2294.6,2295.81,55258501.0,1068352014.0,-0.015614816749363571,False,000001,平安银行
2020-11-26,2294.6,2362.06,2292.19,2348.81,63965789.0,1240074378.0,0.022823094502291193,False,000001,平安银行
2020-11-27,2409.03,2409.03,2334.35,2372.9,75377374.0,1479430636.0,0.010204018893390543,False,000001,平安银行
2020-11-30,2396.99,2515.03,2359.65,2377.71,158144128.0,3213680470.0,0.00202500379684852,False,000001,平安银行
2020-12-01,2372.9,2470.46,2336.76,2415.05,126371975.0,2516010782.0,0.01558215121153669,False,000001,平安银行
2020-12-02,2400.6,2416.26,2351.22,2364.46,88938529.0,1758639188.0,-0.021170324761008524,False,000001,平安银行
2020-12-03,2382.53,2392.17,2309.06,2353.62,71445230.0,1393085021.0,-0.004595097613353911,False,000001,平安银行
2020-12-04,2345.19,2345.19,2284.97,2324.72,89134784.0,1707639065.0,-0.012354966770092563,False,000001,平安银行
2020-12-07,2325.92,2335.56,2250.04,2277.74,87380661.0,1655173465.0,-0.02041587837475438,False,000001,平安银行
2020-12-08,2278.94,2292.19,2231.97,2253.65,71964751.0,1345951734.0,-0.010632599247381866,False,000001,平安银行
2020-12-09,2263.29,2294.6,2250.04,2253.65,67722115.0,1277484441.0,0.0,False,000001,平安银行
2020-12-10,2256.06,2274.13,2222.33,2246.42,60786655.0,1130916254.0,-0.003213286113743354,False,000001,平安银行
2020-12-11,2253.65,2264.49,2194.63,2230.76,88779387.0,1642392314.0,-0.006995503358283757,False,000001,平安银行
2020-12-14,2240.4,2295.81,2228.35,2274.13,83599174.0,1575396008.0,0.019255227094903467,False,000001,平安银行
2020-12-15,2264.49,2270.51,2186.2,2257.26,78885794.0,1458268621.0,-0.007445873315152807,False,000001,平安银行
2020-12-16,2264.49,2300.63,2237.99,2289.78,68907042.0,1302133815.0,0.014304054717054773,False,000001,平安银行
2020-12-17,2277.74,2297.01,2240.4,2282.56,68614069.0,1294658299.0,-0.0031581229746110995,False,000001,平安银行
2020-12-18,2288.58,2300.63,2195.83,2211.49,105875636.0,1959764075.0,-0.03163112360928606,False,000001,平安银行
2020-12-21,2204.26,2245.22,2171.74,2201.86,90687811.0,1662649810.0,-0.004364038783905403,False,000001,平安银行
2020-12-22,2211.49,2246.42,2153.67,2156.08,102873751.0,1873638734.0,-0.021010699604603937,False,000001,平安银行
2020-12-23,2163.31,2176.56,2142.83,2168.13,75008273.0,1345650736.0,0.005573286769575225,False,000001,平安银行
2020-12-24,2186.2,2227.15,2174.15,2199.45,63295012.0,1155767284.0,0.014342284229744666,False,000001,平安银行
2020-12-25,2199.45,2199.45,2144.04,2172.95,57707733.0,1038128197.0,-0.0121216377635536,False,000001,平安银行
2020-12-28,2170.54,2271.72,2163.31,2270.51,127033706.0,2352947322.0,0.04391878451689249,False,000001,平安银行
2020-12-29,2272.92,2324.72,2252.44,2309.06,96309223.0,1837947238.0,0.016836039447357905,False,000001,平安银行
2020-12-30,2288.58,2312.67,2254.85,2312.67,97849778.0,1854082812.0,0.0015621859062130302,False,000001,平安银行
2020-12-31,2313.88,2358.44,2290.99,2329.53,92450343.0,1781736286.0,0.007263829275883492,False,000001,平安银行
2021-01-04,2300.63,2300.63,2221.13,2240.4,155421643.0,2891682312.0,-0.039012109138314065,False,000001,平安银行
2021-01-05,2216.31,2225.95,2144.04,2188.61,182135210.0,3284606914.0,-0.02338778223082175,False,000001,平安银行
2021-01-06,2177.76,2356.03,2168.13,2356.03,193494512.0,3648521909.0,0.07371136003207182,False,000001,平安银行
2021-01-07,2351.22,2406.62,2316.28,2396.99,158418530.0,3111274625.0,0.017235784407236176,False,000001,平安银行
2021-01-08,2396.99,2421.08,2325.92,2390.96,119547322.0,2348316363.0,-0.0025188246277004713,False,000001,平安银行
2021-01-11,2409.03,2486.12,2409.03,2454.8,179045714.0,3652546647.0,0.026350332598479152,False,000001,平安银行
2021-01-12,2456.01,2529.48,2430.71,2529.48,128816550.0,2657687441.0,0.029968456484861707,False,000001,平安银行
2021-01-13,2529.48,2530.69,2457.21,2493.35,104911973.0,2161849708.0,-0.01438656022975296,False,000001,平安银行
2021-01-14,2490.94,2516.23,2403.01,2429.51,113015562.0,2306404547.0,-0.025937596859297824,False,000001,平安银行
2021-01-15,2529.48,2643.91,2507.8,2529.48,248068898.0,5311218075.0,0.04032415708905072,False,000001,平安银行
2021-01-18,2553.57,2743.89,2553.57,2734.25,215730178.0,4792909448.0,0.07784342721553145,False,000001,平安银行
2021-01-19,2711.37,2751.11,2655.96,2690.89,124208834.0,2790056611.0,-0.015985181321315347,False,000001,平安银行
2021-01-20,2668.0,2766.77,2664.39,2706.55,128079316.0,2889249850.0,0.005802767216338009,False,000001,平安银行
2021-01-21,2710.16,2746.3,2668.0,2677.64,94477860.0,2114252732.0,-0.010738951573702627,False,000001,平安银行
2021-01-22,2677.64,2677.64,2590.91,2653.55,92443442.0,2025834762.0,-0.00903744340873561,False,000001,平安银行
2021-01-25,2616.21,2722.21,2581.28,2708.96,102836527.0,2269032821.0,0.020666431252002047,False,000001,平安银行
2021-01-26,2686.07,2808.93,2686.07,2694.5,112672055.0,2558575512.0,-0.005352139006370286,False,000001,平安银行
2021-01-27,2687.28,2827.0,2687.28,2780.02,129415272.0,2976800956.0,0.031245463529857173,False,000001,平安银行
2021-01-28,2743.89,2792.07,2704.14,2747.5,85747696.0,1948881147.0,-0.011766714625632156,False,000001,平安银行
2021-01-29,2747.5,2835.43,2735.46,2781.23,124025841.0,2864101419.0,0.012201868599682444,False,000001,平安银行
2021-02-01,2770.39,3010.09,2734.25,2957.09,147523930.0,3529556987.0,0.06131240076480415,False,000001,平安银行
2021-02-02,2816.16,2902.88,2759.55,2804.11,241616877.0,5679179942.0,-0.05311947858534844,False,000001,平安银行
2021-02-03,2828.2,3032.97,2816.16,3005.27,192327159.0,4690176486.0,0.06928121612568552,False,000001,平安银行
2021-02-04,2912.52,3040.2,2895.66,2963.11,125524750.0,3084553751.0,-0.014128021762190059,False,000001,平安银行
2021-02-05,2963.11,3048.63,2923.36,3002.86,101557559.0,2517804160.0,0.013325775429552046,False,000001,平安银行
2021-02-08,2999.24,2999.24,2902.88,2987.2,108426467.0,2650948251.0,-0.005228674062503975,False,000001,平安银行
2021-02-09,2985.99,2992.02,2911.31,2960.7,94209355.0,2302978158.0,-0.008910766941386932,False,000001,平安银行
2021-02-10,2963.11,3006.47,2816.16,2869.16,191886710.0,4569741960.0,-0.03140642285924067,False,000001,平安银行
2021-02-18,2890.84,2957.09,2828.2,2926.97,150523081.0,3619387652.0,0.019948454250411692,False,000001,平安银行
2021-02-19,2886.02,2913.72,2839.04,2872.77,92258314.0,2197558287.0,-0.018691037153495862,False,000001,平安银行
2021-02-22,2866.75,2866.75,2681.25,2695.71,195684248.0,4445818548.0,-0.06361510060284668,False,000001,平安银行
2021-02-23,2695.71,2731.84,2628.25,2641.5,187046013.0,4160776611.0,-0.020314682876529117,False,000001,平安银行
2021-02-24,2682.46,2683.66,2596.94,2669.21,142849985.0,3144209052.0,0.010435610858944249,False,000001,平安银行
2021-02-25,2698.12,2717.39,2611.39,2660.78,159340347.0,3524600794.0,-0.0031632355892807934,False,000001,平安银行
2021-02-26,2601.75,2645.12,2554.78,2575.26,112497730.0,2424653753.0,-0.03266881299962651,False,000001,平安银行
2021-03-01,2594.53,2611.39,2551.16,2583.69,112538653.0,2408050906.0,0.0032681097909763516,False,000001,平安银行
2021-03-02,2604.16,2668.0,2560.8,2607.78,147342505.0,3196536981.0,0.009280674994785958,False,000001,平安银行
2021-03-03,2599.35,2780.02,2584.89,2771.59,191963527.0,4320024431.0,0.06092187806230167,False,000001,平安银行
2021-03-04,2742.68,2829.41,2728.23,2760.75,121357937.0,2799747146.0,-0.003918780795231254,False,000001,平安银行
2021-03-05,2734.25,2767.98,2633.07,2690.89,88017141.0,1960439115.0,-0.025630388033220385,False,000001,平安银行
2021-03-08,2702.93,2733.05,2587.3,2601.75,99377397.0,2189190958.0,-0.03368769837605103,False,000001,平安银行
2021-03-09,2611.39,2640.3,2478.89,2511.42,136189533.0,2882931928.0,-0.03533596530922156,False,000001,平安银行
2021-03-10,2510.21,2518.64,2442.76,2457.21,114941657.0,2356185004.0,-0.02182177025445764,False,000001,平安银行
2021-03-11,2478.89,2575.26,2476.48,2562.01,104865939.0,2213107787.0,0.04176554669539701,False,000001,平安银行
2021-03-12,2574.05,2613.8,2553.57,2587.3,69720060.0,1494219076.0,0.009822754250559278,False,000001,平安银行
2021-03-15,2577.66,2664.39,2542.73,2601.75,95874870.0,2077984894.0,0.00556943461772269,False,000001,平安银行
2021-03-16,2601.75,2663.18,2562.01,2608.98,93968432.0,2038470661.0,0.0027750448170509308,False,000001,平安银行
2021-03-17,2583.69,2595.73,2517.44,2553.57,82148865.0,1738185857.0,-0.021466960268840454,False,000001,平安银行
2021-03-18,2565.62,2617.41,2529.48,2617.41,69161019.0,1483801549.0,0.024692899133216258,False,000001,平安银行
2021-03-19,2593.32,2607.78,2453.6,2465.64,152562227.0,3159181043.0,-0.05973387053347162,False,000001,平安银行
2021-03-22,2475.28,2595.73,2472.87,2595.73,145119008.0,3087549484.0,0.051416378585712484,False,000001,平安银行
2021-03-23,2598.14,2607.78,2524.67,2557.19,68290338.0,1448043613.0,-0.014958787893849761,False,000001,平安银行
2021-03-24,2554.78,2563.21,2463.24,2472.87,85008507.0,1757688572.0,-0.03352957994960223,False,000001,平安银行
2021-03-25,2478.89,2509.01,2457.21,2499.37,49266574.0,1017166049.0,0.010659280690772469,False,000001,平安银行
2021-03-26,2510.21,2577.66,2500.58,2546.35,82210806.0,1733412579.0,0.01862226111221274,False,000001,平安银行
2021-03-29,2563.21,2607.78,2553.57,2588.5,78566668.0,1684397866.0,0.016417596130786617,False,000001,平安银行
2021-03-30,2575.26,2641.5,2554.78,2641.5,73865481.0,1601238499.0,0.020268380262414454,False,000001,平安银行
2021-03-31,2622.23,2658.37,2601.75,2651.14,77702807.0,1699922184.0,0.0036427985505213282,False,000001,平安银行
2021-04-01,2659.57,2663.18,2589.71,2623.44,54444898.0,1183868024.0,-0.010503302501202167,False,000001,平安银行
2021-04-02,2613.8,2617.41,2572.85,2589.71,58108352.0,1249405387.0,-0.012940533341084338,False,000001,平安银行
2021-04-06,2595.73,2660.78,2590.91,2611.39,40110282.0,873387017.0,0.008336746290441076,False,000001,平安银行
2021-04-07,2635.48,2641.5,2566.82,2606.57,51760459.0,1116774452.0,-0.001847465818419556,False,000001,平安银行
2021-04-08,2584.89,2617.41,2569.23,2596.94,38302950.0,825170841.0,-0.003701351969825231,False,000001,平安银行
2021-04-09,2615.0,2616.21,2539.12,2565.62,39896028.0,849870878.0,-0.012133664018782124,False,000001,平安银行
2021-04-12,2590.91,2590.91,2484.92,2493.35,59474314.0,1240067320.0,-0.02857297702596874,False,000001,平安银行
2021-04-13,2495.76,2515.03,2480.1,2502.98,49990418.0,1036992693.0,0.0038548342182938423,False,000001,平安银行
2021-04-14,2504.19,2522.26,2459.62,2489.73,53743849.0,1113001542.0,-0.005307751143893378,False,000001,平安银行
2021-04-15,2500.58,2501.78,2418.67,2452.39,73586505.0,1494016041.0,-0.01511121160246385,False,000001,平安银行
2021-04-16,2452.39,2460.83,2386.15,2440.35,72999826.0,1466509057.0,-0.0049215876186982505,False,000001,平安银行
2021-04-19,2412.65,2558.39,2398.19,2547.55,111228262.0,2304021478.0,0.04299064136636,False,000001,平安银行
2021-04-20,2539.12,2643.91,2519.85,2612.6,83477272.0,1798249024.0,0.025213781062813887,False,000001,平安银行
2021-04-21,2686.07,2793.27,2684.87,2771.59,159709965.0,3644577541.0,0.05907526867000854,False,000001,平安银行
2021-04-22,2793.27,2798.09,2743.89,2767.98,82969388.0,1905208912.0,-0.0013033504445408458,False,000001,平安银行
2021-04-23,2808.93,2848.68,2778.82,2805.32,82323015.0,1920413502.0,0.013399802168444963,False,000001,平安银行
2021-04-26,2875.18,2918.54,2758.34,2763.16,87241767.0,2037109597.0,-0.0151426621286293,False,000001,平安银行
2021-04-27,2764.36,2793.27,2753.52,2763.16,47043140.0,1083043579.0,0.0,False,000001,平安银行
2021-04-28,2805.32,2824.59,2743.89,2812.54,59383793.0,1375141410.0,0.017713037316016603,False,000001,平安银行
2021-04-29,2811.34,2855.91,2783.64,2841.45,61483688.0,1439823965.0,0.010226495608634444,False,000001,平安银行
2021-04-30,2812.54,2829.41,2771.59,2805.32,56198132.0,1308177203.0,-0.012796870796021867,False,000001,平安银行
2021-05-06,2782.43,2854.7,2782.43,2830.61,50029522.0,1174181608.0,0.008974621667019338,False,000001,平安银行
2021-05-07,2851.09,2926.97,2817.36,2896.86,80221421.0,1929112374.0,0.02313515563389168,False,000001,平安银行
2021-05-10,2890.84,2895.66,2772.8,2873.97,66143890.0,1566860764.0,-0.00793304257615824,False,000001,平安银行
2021-05-11,2845.07,2860.73,2777.61,2834.23,49722345.0,1161846399.0,-0.013924053838848894,False,000001,平安银行
2021-05-12,2805.32,2847.48,2755.93,2836.63,53326526.0,1245517717.0,0.0008464325140419074,False,000001,平安银行
2021-05-13,2833.02,2841.45,2751.11,2778.82,54965250.0,1271946299.0,-0.020590350702121566,False,000001,平安银行
2021-05-14,2809.17,2844.37,2743.61,2831.02,56378536.0,1300250944.0,0.018610693584214837,False,000001,平安银行
2021-05-17,2810.38,2891.72,2786.1,2865.01,52756465.0,1241605192.0,0.011934769815730094,False,000001,平安银行
2021-05-18,2895.36,2926.92,2840.73,2901.43,39541498.0,939786732.0,0.012631878343142436,False,000001,平安银行
2021-05-19,2891.72,2929.35,2855.3,2865.01,42942033.0,1022553739.0,-0.012631878343142573,False,000001,平安银行
2021-05-20,2841.95,2894.15,2824.95,2891.72,40578837.0,957478854.0,0.00927964023675519,False,000001,平安银行
2021-05-21,2899.0,2924.5,2795.81,2851.66,53933574.0,1263058115.0,-0.01395019993959228,False,000001,平安银行
2021-05-24,2850.44,2865.01,2815.24,2850.44,34393563.0,806092207.0,-0.0004279125299857645,False,000001,平安银行
2021-05-25,2857.73,3002.19,2846.8,2986.41,97237462.0,2363145903.0,0.04659862879670608,False,000001,平安银行
2021-05-26,2991.27,3049.54,2974.27,3036.18,91926378.0,2286540249.0,0.016528149187546044,False,000001,平安银行
2021-05-27,3024.04,3054.39,2976.7,3009.48,50409136.0,1246712049.0,-0.00883283995202718,False,000001,平安银行
2021-05-28,2996.12,2999.76,2932.99,2974.27,49240073.0,1200523316.0,-0.011768675625221542,False,000001,平安银行
2021-05-31,2953.63,2977.91,2902.64,2937.85,51535081.0,1244209046.0,-0.012320609427411517,False,000001,平安银行
2021-06-01,2937.85,2943.92,2852.87,2903.86,62501796.0,1490476625.0,-0.011637134874727189,False,000001,平安银行
2021-06-02,2900.22,2903.86,2838.3,2900.22,49752702.0,1176608127.0,-0.0012542902500371237,False,000001,平安银行
2021-06-03,2879.58,2930.57,2874.72,2885.65,40090085.0,958876472.0,-0.005036418308030629,False,000001,平安银行
2021-06-04,2912.36,3030.11,2889.29,2979.13,75673942.0,1851425838.0,0.03188113370798663,False,000001,平安银行
2021-06-07,2971.84,2971.84,2905.07,2949.99,44791410.0,1081738833.0,-0.009829531068493975,False,000001,平安银行
2021-06-08,2931.78,2982.77,2907.5,2977.91,57007792.0,1384120301.0,0.009419931664408462,False,000001,平安银行
2021-06-09,2965.77,3020.4,2935.42,2992.48,45383150.0,1116771375.0,0.004880762872669962,False,000001,平安银行
2021-06-10,2993.69,3042.25,2931.78,2937.85,53021516.0,1294972567.0,-0.018424453743776034,False,000001,平安银行
2021-06-11,2951.2,2956.06,2806.74,2837.09,83466504.0,1965393116.0,-0.03489914233350205,False,000001,平安银行
2021-06-15,2834.66,2844.37,2767.89,2818.88,66062259.0,1524503478.0,-0.006439236035980914,False,000001,平安银行
2021-06-16,2818.88,2840.73,2793.39,2823.74,37820804.0,878470834.0,0.001722604464515784,False,000001,平安银行
2021-06-17,2794.6,2875.94,2794.6,2804.31,45328209.0,1059121804.0,-0.006904727994294375,False,000001,平安银行
2021-06-18,2807.95,2826.16,2718.12,2749.68,69409930.0,1574437730.0,-0.019672978138172165,False,000001,平安银行
2021-06-21,2743.61,2752.11,2671.99,2690.2,71827274.0,1600119860.0,-0.02186900097899904,False,000001,平安银行
2021-06-22,2716.9,2803.1,2701.12,2788.53,75775141.0,1720058047.0,0.03589903496955244,False,000001,平安银行
2021-06-23,2773.96,2841.95,2758.18,2809.17,44790778.0,1035835696.0,0.0073744907868844595,False,000001,平安银行
2021-06-24,2795.81,2806.74,2753.32,2801.88,39028349.0,894502109.0,-0.0025984456035111868,False,000001,平安银行
2021-06-25,2801.88,2865.01,2799.46,2835.88,55997295.0,1310287390.0,0.012061674212319781,False,000001,平安银行
2021-06-28,2835.88,2839.52,2729.04,2765.46,62625737.0,1425702202.0,-0.025145308240170784,False,000001,平安银行
2021-06-29,2741.18,2766.68,2670.77,2712.05,104974939.0,2341926371.0,-0.019502179931050155,False,000001,平安银行
2021-06-30,2714.48,2783.67,2713.26,2746.04,40343546.0,913285187.0,0.012455067395707033,False,000001,平安银行
2021-07-01,2769.11,2852.87,2733.9,2816.45,66483330.0,1530548799.0,0.02531735278324236,False,000001,平安银行
2021-07-02,2758.18,2760.61,2641.64,2647.71,107067756.0,2360189794.0,-0.061782111204252955,False,000001,平安银行
2021-07-05,2633.14,2688.98,2560.3,2678.06,85934129.0,1859394324.0,0.011397536336618733,False,000001,平安银行
2021-07-06,2680.49,2792.17,2652.56,2765.46,79195726.0,1784792786.0,0.03211433461973506,False,000001,平安银行
2021-07-07,2753.32,2798.24,2731.47,2737.54,46894487.0,1063910096.0,-0.010147279509405967,False,000001,平安银行
2021-07-08,2765.46,2765.46,2573.65,2611.29,145705947.0,3140657440.0,-0.04721535480256783,False,000001,平安银行
2021-07-09,2585.79,2625.86,2551.8,2582.15,76236474.0,1625461608.0,-0.011221966868027183,False,000001,平安银行
2021-07-12,2610.07,2610.07,2536.02,2568.8,87790102.0,1859059510.0,-0.005183521444250746,False,000001,平安银行
2021-07-13,2567.58,2590.65,2493.53,2563.94,65761395.0,1382029130.0,-0.0018937259445872222,False,000001,平安银行
2021-07-14,2549.37,2549.37,2477.75,2520.24,84795055.0,1755810875.0,-0.017191002764869574,False,000001,平安银行
2021-07-15,2515.38,2636.78,2504.46,2624.64,95600305.0,2040266259.0,0.0405896086977922,False,000001,平安银行
2021-07-16,2599.15,2648.92,2585.79,2590.65,57300261.0,1230180813.0,-0.013034934305601691,False,000001,平安银行
2021-07-19,2593.08,2601.58,2522.67,2574.87,52213595.0,1098434742.0,-0.006109762071527316,False,000001,平安银行
2021-07-20,2561.51,2573.65,2485.03,2500.81,80403433.0,1665315546.0,-0.02918436800688395,False,000001,平安银行
2021-07-21,2498.39,2525.09,2452.26,2482.61,75307652.0,1535327562.0,-0.007304253270767238,False,000001,平安银行
2021-07-22,2482.61,2508.1,2457.11,2474.11,86864809.0,1773999331.0,-0.0034296907357956774,False,000001,平安银行
2021-07-23,2474.11,2474.11,2427.98,2440.12,72740433.0,1461467512.0,-0.013833516967260113,False,000001,平安银行
2021-07-26,2423.12,2426.76,2237.38,2282.3,145130394.0,2770236696.0,-0.06686351199597208,False,000001,平安银行
2021-07-27,2290.8,2305.36,2136.62,2156.04,135755148.0,2461708370.0,-0.056910500677350664,False,000001,平安银行
2021-07-28,2166.97,2193.68,2146.33,2154.83,106299421.0,1898562592.0,-0.0005613716172264865,False,000001,平安银行
2021-07-29,2174.25,2214.31,2158.47,2180.32,87237812.0,1566107824.0,0.011759820886256163,False,000001,平安银行
2021-07-30,2175.47,2191.25,2092.92,2147.54,95015588.0,1679747318.0,-0.01514865400690545,False,000001,平安银行
2021-08-02,2141.47,2202.17,2085.63,2186.39,115992263.0,2056014243.0,0.01792878088028992,False,000001,平安银行
2021-08-03,2183.96,2203.39,2143.9,2171.82,89694857.0,1609422575.0,-0.00668625618339672,False,000001,平安银行
2021-08-04,2190.03,2193.68,2136.62,2162.11,72962008.0,1300164293.0,-0.004480928970716717,False,000001,平安银行
2021-08-05,2148.76,2191.25,2134.19,2146.33,62157388.0,1104903005.0,-0.007325189888099703,False,000001,平安银行
2021-08-06,2130.55,2173.04,2118.41,2168.18,56745413.0,1005870949.0,0.01012869911065942,False,000001,平安银行
2021-08-09,2174.25,2336.93,2165.75,2313.86,175279800.0,3313803231.0,0.06502901968354666,False,000001,平安银行
2021-08-10,2317.5,2425.55,2294.44,2395.2,130198844.0,2535427989.0,0.03454960903847554,False,000001,平安银行
2021-08-11,2426.76,2498.39,2391.56,2404.91,104830844.0,2104975145.0,0.004045746136853799,False,000001,平安银行
2021-08-12,2402.48,2464.4,2383.06,2414.62,66645800.0,1330388046.0,0.004029444007181425,False,000001,平安银行
2021-08-13,2401.27,2418.26,2367.28,2414.62,56288502.0,1110191399.0,0.0,False,000001,平安银行
2021-08-16,2438.9,2452.26,2375.77,2421.91,62705022.0,1247681171.0,0.003014560240792524,False,000001,平安银行
2021-08-17,2409.77,2454.68,2380.63,2387.91,47602194.0,947385521.0,-0.014137978690137047,False,000001,平安银行
2021-08-18,2387.91,2573.65,2373.35,2503.24,133273216.0,2732213549.0,0.04716738641312724,False,000001,平安银行
2021-08-19,2486.25,2503.24,2430.4,2469.25,64997561.0,1315320352.0,-0.013671431984944868,False,000001,平安银行
2021-08-20,2424.33,2436.47,2270.16,2357.56,161462793.0,3119152555.0,-0.046287274915197976,False,000001,平安银行
2021-08-23,2367.28,2434.05,2319.93,2343.0,119184935.0,2315871646.0,-0.0061950263652431285,False,000001,平安银行
2021-08-24,2349.07,2424.33,2332.07,2350.28,86895330.0,1690760837.0,0.0031023104689084885,False,000001,平安银行
2021-08-25,2357.56,2363.63,2300.51,2326.0,69808397.0,1341330419.0,-0.010384415898094478,False,000001,平安银行
2021-08-26,2330.86,2338.14,2234.95,2241.02,95161900.0,1783725035.0,-0.03721893473026884,False,000001,平安银行
2021-08-27,2253.16,2292.01,2222.81,2232.52,72882023.0,1354408977.0,-0.003800127071185201,False,000001,平安银行
2021-08-30,2210.67,2220.38,2130.55,2151.19,125221101.0,2221855859.0,-0.03710981490154635,False,000001,平安银行
2021-08-31,2151.19,2176.68,2101.41,2160.9,117486786.0,2072006842.0,0.004503624187817665,False,000001,平安银行
2021-09-01,2122.05,2175.47,2064.99,2170.61,231689409.0,4046284163.0,0.004483432458975557,False,000001,平安银行
2021-09-02,2185.18,2279.87,2160.9,2233.74,242260354.0,4454545280.0,0.028669076664493715,False,000001,平安银行
2021-09-03,2245.88,2245.88,2148.76,2190.03,139481871.0,2523273155.0,-0.019762068340037894,False,000001,平安银行
2021-09-06,2176.68,2258.02,2158.47,2239.81,151522556.0,2780281081.0,0.022475798476115128,False,000001,平安银行
2021-09-07,2258.02,2374.56,2227.67,2335.71,162234416.0,3067365669.0,0.041924872583044254,False,000001,平安银行
2021-09-08,2335.71,2373.35,2318.72,2334.5,102620105.0,1979771480.0,-0.0005181779950257433,False,000001,平安银行
2021-09-09,2319.93,2324.79,2282.3,2306.58,73950585.0,1399536021.0,-0.012031827427576275,False,000001,平安银行
2021-09-10,2293.22,2521.45,2287.15,2497.17,231494528.0,4668361828.0,0.07939218267694192,False,000001,平安银行
2021-09-13,2471.68,2489.89,2404.91,2453.47,129722802.0,2606152379.0,-0.01765474163535665,False,000001,平安银行
2021-09-14,2449.83,2460.75,2339.35,2351.49,115817315.0,2272080157.0,-0.042454179253660816,False,000001,平安银行
2021-09-15,2344.21,2548.16,2329.64,2369.7,84161841.0,1639298361.0,0.0077141950671431895,False,000001,平安银行
2021-09-16,2343.0,2367.28,2273.8,2316.29,117695356.0,2234474948.0,-0.02279659709498773,False,000001,平安银行
2021-09-17,2294.44,2306.58,2234.95,2249.52,112487963.0,2098715197.0,-0.029249907637155233,False,000001,平安银行
2021-09-22,2169.4,2191.25,2114.77,2182.75,147336521.0,2616707243.0,-0.03013131041542301,False,000001,平安银行
2021-09-23,2197.32,2224.03,2142.69,2146.33,137983759.0,2465683705.0,-0.016826142858234947,False,000001,平安银行
2021-09-24,2136.62,2146.33,2105.05,2106.27,126569628.0,2209461934.0,-0.018840796228131215,False,000001,平安银行
2021-09-27,2089.27,2146.33,2071.06,2132.98,114066759.0,1979196739.0,0.012601452357767686,False,000001,平安银行
2021-09-28,2120.84,2205.82,2118.41,2181.54,129316747.0,2311265536.0,0.02251098644057766,False,000001,平安银行
2021-09-29,2168.18,2238.59,2149.97,2203.39,123012175.0,2225416488.0,0.009966034052177856,False,000001,平安银行
2021-09-30,2196.1,2209.46,2149.97,2176.68,79561105.0,1424675917.0,-0.012196303297195643,False,000001,平安银行
2021-10-08,2205.82,2293.22,2187.61,2262.87,115920062.0,2146983882.0,0.038833138957265464,False,000001,平安银行
2021-10-11,2306.58,2396.41,2306.58,2355.14,145533835.0,2829310844.0,0.03996625455142781,False,000001,平安银行
2021-10-12,2343.0,2392.77,2330.86,2349.07,103123218.0,2004823968.0,-0.0025806685368099896,False,000001,平安银行
2021-10-13,2343.0,2417.05,2327.21,2376.99,80789668.0,1577612470.0,0.01181547623798998,False,000001,平安银行
2021-10-14,2378.2,2418.26,2293.22,2332.07,84298987.0,1623970431.0,-0.019078696195215718,False,000001,平安银行
2021-10-15,2306.58,2415.84,2306.58,2386.7,99349378.0,1948647237.0,0.023155373496962048,False,000001,平安银行
2021-10-18,2361.21,2373.35,2318.72,2341.78,72962250.0,1408737777.0,-0.019000334730322078,False,000001,平安银行
2021-10-19,2324.79,2389.13,2324.79,2375.77,68241515.0,1330501302.0,0.014410271511005346,False,000001,平安银行
2021-10-20,2397.63,2401.27,2329.64,2335.71,66295555.0,1283356219.0,-0.01700568204416395,False,000001,平安银行
2021-10-21,2369.7,2435.26,2336.93,2427.98,162166101.0,3198266215.0,0.03874372250715532,False,000001,平安银行
2021-10-22,2447.4,2499.6,2403.7,2432.83,113496363.0,2287284921.0,0.0019955528438614077,False,000001,平安银行
2021-10-25,2392.77,2452.26,2367.28,2442.54,73082823.0,1458800090.0,0.00398329268906238,False,000001,平安银行
2021-10-26,2435.26,2482.61,2410.98,2434.05,65280684.0,1313475883.0,-0.003481944792441118,False,000001,平安银行
2021-10-27,2427.98,2448.61,2378.2,2418.26,68760019.0,1365982834.0,-0.006508263377797676,False,000001,平安银行
2021-10-28,2403.7,2420.69,2351.49,2393.98,61901089.0,1211946109.0,-0.010091020411716509,False,000001,平安银行
2021-10-29,2383.06,2396.41,2345.42,2367.28,53992976.0,1052760273.0,-0.011215636148104788,False,000001,平安银行
2021-11-01,2346.64,2395.2,2307.79,2353.92,84149020.0,1626762030.0,-0.0056595931801896055,False,000001,平安银行
2021-11-02,2351.49,2366.06,2183.96,2207.03,199769050.0,3691356324.0,-0.06443430325867316,False,000001,平安银行
2021-11-03,2197.32,2214.31,2166.97,2188.82,111497204.0,2009325066.0,-0.008285134463787857,False,000001,平安银行
2021-11-04,2194.89,2197.32,2160.9,2169.4,98341098.0,1760671898.0,-0.008911954207268718,False,000001,平安银行
2021-11-05,2166.97,2185.18,2132.98,2141.47,109603988.0,1942415605.0,-0.012958122521102605,False,000001,平安银行
2021-11-08,2139.05,2162.11,2107.48,2114.77,137681482.0,2406417772.0,-0.0125464495629421,False,000001,平安银行
2021-11-09,2122.05,2142.69,2095.34,2128.12,124057275.0,2163193119.0,0.006292901326994795,False,000001,平安银行
2021-11-10,2119.62,2120.84,2083.2,2112.34,122085088.0,2109735147.0,-0.007442623131100286,False,000001,平安银行
2021-11-11,2106.27,2237.38,2102.63,2227.67,208472900.0,3752413859.0,0.05315985845785584,False,000001,平安银行
2021-11-12,2222.81,2261.66,2198.53,2217.96,95754646.0,1753072716.0,-0.0043683416932333895,False,000001,平安银行
2021-11-15,2227.67,2261.66,2209.46,2237.38,65508999.0,1203764096.0,0.008717683943296086,False,000001,平安银行
2021-11-16,2228.88,2250.73,2205.82,2211.89,60111048.0,1099113409.0,-0.011458184772435898,False,000001,平安银行
2021-11-17,2203.39,2221.6,2182.75,2198.53,66464038.0,1203859180.0,-0.0060583984581854145,False,000001,平安银行
2021-11-18,2196.1,2199.75,2152.4,2160.9,79984377.0,1430058312.0,-0.01726415363183718,False,000001,平安银行
2021-11-19,2160.9,2214.31,2148.76,2203.39,78637156.0,1414506380.0,0.019472281891646962,False,000001,平安银行
2021-11-22,2188.82,2215.53,2173.04,2199.75,73861780.0,1337768172.0,-0.0016533659294038728,False,000001,平安银行
2021-11-23,2198.53,2227.67,2146.33,2170.61,123597796.0,2213817591.0,-0.013335483503267602,False,000001,平安银行
2021-11-24,2157.26,2179.11,2143.9,2169.4,74131084.0,1316774398.0,-0.0005576024162853244,False,000001,平安银行
2021-11-25,2153.61,2159.68,2140.26,2146.33,60353270.0,1068221305.0,-0.010691224773435079,False,000001,平安银行
2021-11-26,2139.05,2145.12,2126.91,2134.19,69449988.0,1219937313.0,-0.005672223257671363,False,000001,平安银行
2021-11-29,2113.55,2132.98,2107.48,2125.69,51259471.0,895105982.0,-0.003990728039686659,False,000001,平安银行
2021-11-30,2129.33,2146.33,2106.27,2117.19,73361606.0,1280384552.0,-0.004006717781992306,False,000001,平安银行
2021-12-01,2115.98,2157.26,2108.7,2141.47,70692519.0,1243666842.0,0.011402771331682887,False,000001,平安银行
2021-12-02,2139.05,2162.11,2108.7,2135.4,99479835.0,1749164558.0,-0.0028385263408126173,False,000001,平安银行
2021-12-03,2141.47,2148.76,2113.55,2142.69,70759974.0,1242375057.0,0.0034080662426736186,False,000001,平安银行
2021-12-06,2166.97,2253.16,2160.9,2197.32,214562528.0,3896385172.0,0.02517638695474708,False,000001,平安银行
2021-12-07,2221.6,2266.52,2203.39,2241.02,161644387.0,2979968977.0,0.019692683406718113,False,000001,平安银行
2021-12-08,2239.81,2251.95,2204.6,2242.24,98028118.0,1798691053.0,0.0005442468338279399,False,000001,平安银行
2021-12-09,2244.66,2313.86,2230.1,2270.16,145588668.0,2726663443.0,0.012374947390855763,False,000001,平安银行
2021-12-10,2247.09,2270.16,2217.96,2231.31,98925513.0,1824076523.0,-0.017261456650322887,False,000001,平安银行
2021-12-13,2242.24,2292.01,2207.03,2217.96,131449027.0,2427803722.0,-0.006001002440112451,False,000001,平安银行
2021-12-14,2204.6,2205.82,2126.91,2134.19,193720890.0,3434156328.0,-0.038500670907578735,False,000001,平安银行
2021-12-15,2125.69,2143.9,2112.34,2130.55,129462741.0,2269821045.0,-0.001707021241102344,False,000001,平安银行
2021-12-16,2130.55,2152.4,2119.62,2151.19,81947951.0,1445483375.0,0.009641015041700913,False,000001,平安银行
2021-12-17,2148.76,2154.83,2132.98,2132.98,60236967.0,1062875483.0,-0.008501114413290784,False,000001,平安银行
2021-12-20,2131.76,2142.69,2118.41,2126.91,74643520.0,1309029269.0,-0.002849840774372961,False,000001,平安银行
2021-12-21,2123.26,2149.97,2122.05,2135.4,89373404.0,1572895582.0,0.003983760556256343,False,000001,平安银行
2021-12-22,2139.05,2141.47,2100.2,2111.12,97692775.0,1701772584.0,-0.011435370414392439,False,000001,平安银行
2021-12-23,2112.34,2115.98,2089.27,2102.63,105957594.0,1831122716.0,-0.004029670240784657,False,000001,平安银行
2021-12-24,2103.84,2106.27,2089.27,2101.41,48825149.0,843109665.0,-0.0005803941133992453,False,000001,平安银行
2021-12-27,2103.84,2106.27,2083.2,2090.49,73111899.0,1260455319.0,-0.005210059735053941,False,000001,平安银行
2021-12-28,2090.49,2103.84,2074.71,2084.42,112663891.0,1934461076.0,-0.002907849164229477,False,000001,平安银行
2021-12-29,2083.2,2083.2,2027.36,2033.43,146937398.0,2480534593.0,-0.02476661672947958,False,000001,平安银行
2021-12-30,2034.64,2057.71,2029.79,2041.93,79666360.0,1342374249.0,0.004171416672639588,False,000001,平安银行
2021-12-31,2046.78,2051.64,1990.94,2000.65,175076089.0,2899617149.0,-0.020423311278480075,False,000001,平安银行
2022-01-04,2000.65,2022.5,1964.23,2022.5,116925933.0,1918887051.0,0.010862242191624441,False,000001,平安银行
2022-01-05,2012.79,2090.49,2009.15,2081.99,196199817.0,3344124589.0,0.028989797156765265,False,000001,平安银行
2022-01-06,2077.13,2096.56,2063.78,2078.35,110788519.0,1896535838.0,-0.0017498574293479724,False,000001,平安银行
2022-01-07,2075.92,2097.77,2071.06,2088.06,112663070.0,1937710958.0,0.004661095561788857,False,000001,平安银行
2022-01-10,2098.99,2114.77,2067.42,2086.85,90977401.0,1563414572.0,-0.0005796532303114796,False,000001,平安银行
2022-01-11,2095.34,2129.33,2080.78,2113.55,158199940.0,2752485391.0,0.012713246175735415,False,000001,平安银行
2022-01-12,2113.55,2118.41,2051.64,2063.78,150216355.0,2561266412.0,-0.02382974539413702,False,000001,平安银行
2022-01-13,2052.85,2092.92,2041.93,2061.35,90942265.0,1550319159.0,-0.0011781448250481636,False,000001,平安银行
2022-01-14,2063.78,2066.21,1978.8,1982.44,210309491.0,3459950805.0,-0.03903269871422739,False,000001,平安银行
2022-01-17,1984.87,2000.65,1956.95,1969.09,114368943.0,1855633790.0,-0.0067569021578768014,False,000001,平安银行
2022-01-18,1972.73,2007.94,1961.8,2005.51,115297431.0,1891094610.0,0.01832688540939746,False,000001,平安银行
2022-01-19,2007.94,2026.15,1986.08,2003.08,98839185.0,1630973587.0,-0.0012123965272856484,False,000001,平安银行
2022-01-20,1999.44,2119.62,1993.37,2103.84,303119377.0,5195805550.0,0.049078250380509635,False,000001,平安银行
2022-01-21,2118.41,2131.76,2089.27,2106.27,148168295.0,2575115125.0,0.0011543642659419939,False,000001,平安银行
2022-01-24,2105.05,2109.91,2061.35,2088.06,87477087.0,1501390339.0,-0.008683205382697994,False,000001,平安银行
2022-01-25,2073.49,2073.49,2040.71,2045.57,109328397.0,1851999025.0,-0.02055892597619524,False,000001,平安银行
2022-01-26,2057.71,2075.92,2007.94,2021.29,98497522.0,1646384984.0,-0.011940557816079814,False,000001,平安银行
2022-01-27,2003.08,2007.94,1972.73,1978.8,102464311.0,1677261296.0,-0.021245321076024268,False,000001,平安银行
2022-01-28,1989.73,1997.01,1920.53,1921.74,167556367.0,2695470331.0,-0.029259574728328325,False,000001,平安银行
2022-02-07,1944.81,1992.15,1929.03,1989.73,151547630.0,2451798486.0,0.03476792549620752,False,000001,平安银行
2022-02-08,1978.8,2060.14,1973.94,2043.14,175469528.0,2950309012.0,0.026488889024800136,False,000001,平安银行
2022-02-09,2054.07,2063.78,2028.57,2046.78,105116166.0,1774253637.0,0.0017799863865632915,False,000001,平安银行
2022-02-10,2035.86,2067.42,2023.72,2062.57,78455735.0,1326848948.0,0.007684951494051233,False,000001,平安银行
2022-02-11,2067.42,2105.05,2067.42,2075.92,107813914.0,1852167493.0,0.0064516508709428705,False,000001,平安银行
2022-02-14,2075.92,2081.99,2004.29,2012.79,115065851.0,1917613419.0,-0.030882609607507935,False,000001,平安银行
2022-02-15,2003.08,2023.72,1954.52,1976.37,120826437.0,1968985378.0,-0.01825999054743098,False,000001,平安银行
2022-02-16,1984.87,2006.72,1967.87,1992.15,78239959.0,1282234150.0,0.007952628771518236,False,000001,平安银行
2022-02-17,1989.73,2009.15,1981.23,1993.37,79450184.0,1306514350.0,0.0006122162418482273,False,000001,平安银行
2022-02-18,1981.23,2035.86,1980.01,2035.86,80249940.0,1330233366.0,0.021091660270983394,False,000001,平安银行
2022-02-21,2022.5,2023.72,1981.23,2004.29,80099455.0,1316023718.0,-0.015628450713169158,False,000001,平安银行
2022-02-22,1980.01,1995.8,1961.8,1970.3,89495673.0,1454156225.0,-0.017104067912109805,False,000001,平安银行
2022-02-23,1978.8,1980.01,1947.24,1965.45,88674244.0,1431289852.0,-0.0024645886832180886,False,000001,平安银行
2022-02-24,1958.16,1960.59,1918.1,1931.45,132408685.0,2112842553.0,-0.017450210564051414,False,000001,平安银行
2022-02-25,1941.17,1952.09,1926.6,1930.24,72639707.0,1157890268.0,-0.0006266686552253984,False,000001,平安银行
2022-02-28,1930.24,1932.67,1896.25,1912.03,72399045.0,1137154095.0,-0.009478842634604254,False,000001,平安银行
2022-03-01,1916.89,1936.31,1896.25,1932.67,93504034.0,1474693965.0,0.01073696167984727,False,000001,平安银行
2022-03-02,1916.89,1926.6,1901.1,1903.53,76076086.0,1196321949.0,-0.015192409405020278,False,000001,平安银行
2022-03-03,1909.6,1919.31,1897.46,1907.17,57828505.0,908171588.0,0.0019104107418933226,False,000001,平安银行
2022-03-04,1896.25,1897.46,1854.97,1861.04,99093566.0,1523793665.0,-0.024484996649754728,False,000001,平安银行
2022-03-07,1841.62,1841.62,1779.71,1786.99,111315899.0,1655959942.0,-0.04060283105891887,False,000001,平安银行
2022-03-08,1774.85,1803.99,1729.93,1737.22,100303269.0,1463145930.0,-0.028246505799289397,False,000001,平安银行
2022-03-09,1748.14,1754.21,1604.89,1680.16,180076017.0,2492042993.0,-0.0333971074158969,False,000001,平安银行
2022-03-10,1721.43,1790.63,1710.51,1768.78,224915816.0,3269867788.0,0.0514010164207681,False,000001,平安银行
2022-03-11,1748.14,1818.55,1717.79,1808.84,149364697.0,2187480611.0,0.02239571244959668,False,000001,平安银行
2022-03-14,1776.06,1812.48,1754.21,1759.07,111840734.0,1637278471.0,-0.027900495544043117,False,000001,平安银行
2022-03-15,1748.14,1748.14,1651.02,1660.74,178140887.0,2479769555.0,-0.05752197413266738,False,000001,平安银行
2022-03-16,1682.59,1748.14,1640.1,1737.22,153177906.0,2141637066.0,0.04502284822224267,False,000001,平安银行
2022-03-17,1779.71,1785.78,1728.72,1754.21,173006142.0,2506504217.0,0.009732478731716775,False,000001,平安银行
2022-03-18,1743.29,1802.77,1716.58,1784.56,152880713.0,2222158762.0,0.01715327312322949,False,000001,平安银行
2022-03-21,1760.28,1799.13,1746.93,1771.21,120886805.0,1765673892.0,-0.007508957400299704,False,000001,平安银行
2022-03-22,1771.21,1847.69,1760.28,1842.83,162865658.0,2443174056.0,0.039639504675584705,False,000001,平安银行
2022-03-23,1834.34,1844.05,1808.84,1820.98,105010238.0,1577561342.0,-0.011927615812903494,False,000001,平安银行
2022-03-24,1811.27,1858.62,1797.92,1845.26,100235995.0,1518870080.0,0.013245371264444472,False,000001,平安银行
2022-03-25,1839.19,1851.33,1799.13,1818.55,74293335.0,1116354595.0,-0.014580708717952664,False,000001,平安银行
2022-03-28,1796.7,1827.05,1776.06,1802.77,72713699.0,1078327303.0,-0.008715109340373423,False,000001,平安银行
2022-03-29,1806.41,1814.91,1772.42,1782.13,61564315.0,909169631.0,-0.011515092787502172,False,000001,平安银行
2022-03-30,1803.99,1853.76,1791.85,1846.48,123679155.0,1859617041.0,0.03547184582197038,False,000001,平安银行
2022-03-31,1833.12,1890.18,1828.27,1867.11,116374674.0,1789209947.0,0.011110656924975726,False,000001,平安银行
2022-04-01,1865.9,1916.89,1845.26,1912.03,148487874.0,2319616863.0,0.02377372400835244,False,000001,平安银行
2022-04-06,1898.68,2007.94,1897.46,1989.73,248854005.0,4064051492.0,0.03983344625660966,False,000001,平安银行
2022-04-07,1988.51,2022.5,1966.66,1976.37,165906455.0,2724002905.0,-0.006737122378581401,False,000001,平安银行
2022-04-08,1973.94,1997.01,1958.16,1990.94,106677946.0,1741072072.0,0.007345060257012385,False,000001,平安银行
2022-04-11,1984.87,1990.94,1918.1,1948.45,141673536.0,2277469056.0,-0.02157270431503345,False,000001,平安银行
2022-04-12,1948.45,1973.94,1901.1,1932.67,103926142.0,1654820083.0,-0.00813171814015991,False,000001,平安银行
2022-04-13,1929.03,1952.09,1908.39,1918.1,89062806.0,1415496126.0,-0.007567353817027964,False,000001,平安银行
2022-04-14,1942.38,1972.73,1932.67,1947.24,92961494.0,1493343952.0,0.015077872611803319,False,000001,平安银行
2022-04-15,1930.24,2006.72,1925.38,1993.37,123176103.0,2014010094.0,0.023413688416772025,False,000001,平安银行
2022-04-18,1960.59,1966.66,1919.31,1930.24,108688756.0,1734236524.0,-0.032182326256790496,False,000001,平安银行
2022-04-19,1930.24,1938.74,1896.25,1919.31,82177249.0,1294226951.0,-0.005678601068270639,False,000001,平安银行
2022-04-20,1919.31,1948.45,1905.96,1924.17,71655528.0,1137697847.0,0.002528959479551129,False,000001,平安银行
2022-04-21,1914.46,1939.95,1905.96,1919.31,70989116.0,1124663651.0,-0.002528959479551098,False,000001,平安银行
2022-04-22,1898.68,1965.45,1869.54,1949.66,92127408.0,1468452958.0,0.01568925194998396,False,000001,平安银行
2022-04-25,1902.32,1931.45,1794.27,1802.77,166448098.0,2527610217.0,-0.07833062748411394,False,000001,平安银行
2022-04-26,1806.41,1818.55,1754.21,1788.2,98820956.0,1456929632.0,-0.008114843595808883,False,000001,平安银行
2022-04-27,1818.55,1899.89,1816.13,1899.89,149029503.0,2296798759.0,0.060586462440507166,False,000001,平安银行
2022-04-28,1890.18,1933.88,1865.9,1899.89,91177187.0,1426381926.0,0.0,False,000001,平安银行
2022-04-29,1904.75,1910.82,1817.34,1859.83,164501308.0,2503476828.0,-0.02131090406097821,False,000001,平安银行
2022-05-05,1845.26,1875.61,1839.19,1859.83,79019620.0,1208735142.0,0.0,False,000001,平安银行
2022-05-06,1823.41,1845.26,1810.06,1816.13,83243182.0,1250995595.0,-0.023777222178572706,False,000001,平安银行
2022-05-09,1813.7,1813.7,1755.43,1766.35,81862135.0,1197104247.0,-0.027792592979444898,False,000001,平安银行
2022-05-10,1760.28,1772.42,1712.94,1771.21,99228502.0,1425836927.0,0.0027476583054977083,False,000001,平安银行
2022-05-11,1765.14,1801.56,1753.0,1776.06,84857362.0,1240700426.0,0.002734498937013331,False,000001,平安银行
2022-05-12,1757.85,1767.57,1739.64,1745.71,68506423.0,987061607.0,-0.017236078089797137,False,000001,平安银行
2022-05-13,1760.28,1779.71,1759.07,1773.64,67631191.0,985962932.0,0.01587258237189278,False,000001,平安银行
2022-05-16,1779.71,1788.2,1742.07,1749.36,66822782.0,965652298.0,-0.01378392530526848,False,000001,平安银行
2022-05-17,1761.5,1786.99,1738.43,1785.78,93140639.0,1357428407.0,0.020605287815908566,False,000001,平安银行
2022-05-18,1802.77,1807.63,1780.92,1790.63,77857833.0,1150500438.0,0.0027122186623469977,False,000001,平安银行
2022-05-19,1766.35,1784.56,1760.28,1774.85,59092172.0,863214131.0,-0.008851600923981543,False,000001,平安银行
2022-05-20,1784.56,1825.84,1780.92,1823.41,94859778.0,1415164711.0,0.02699246209959596,False,000001,平安银行
2022-05-23,1829.48,1829.48,1791.85,1800.34,64772592.0,962683729.0,-0.012732838460052326,False,000001,平安银行
2022-05-24,1805.2,1805.2,1748.14,1748.14,93355706.0,1358693535.0,-0.029423170394378816,False,000001,平安银行
2022-05-25,1751.78,1759.07,1736.0,1746.93,60322826.0,866228924.0,-0.0006924038994022341,False,000001,平安银行
2022-05-26,1749.36,1751.78,1708.08,1722.65,101131756.0,1435689342.0,-0.013996158817178571,False,000001,平安银行
2022-05-27,1734.79,1742.07,1712.94,1721.43,72306674.0,1029702186.0,-0.0007084620862630389,False,000001,平安银行
2022-05-30,1731.15,1733.57,1704.44,1709.29,89690123.0,1265573048.0,-0.007077261141648772,False,000001,平安银行
2022-05-31,1708.08,1721.43,1699.58,1719.01,93886855.0,1325012048.0,0.0056704641045755904,False,000001,平安银行
2022-06-01,1716.58,1716.58,1699.58,1709.29,84529898.0,1187423732.0,-0.005670464104575575,False,000001,平安银行
2022-06-02,1702.01,1703.22,1685.02,1693.51,97926822.0,1363740798.0,-0.009274781426003919,False,000001,平安银行
2022-06-06,1688.66,1720.22,1655.88,1720.22,171085175.0,2370807610.0,0.015648891433833526,False,000001,平安银行
2022-06-07,1702.01,1729.93,1698.37,1719.01,131511262.0,1860366716.0,-0.000703645903254198,False,000001,平安银行
2022-06-08,1719.01,1720.22,1700.8,1719.01,114552124.0,1613524958.0,0.0,False,000001,平安银行
2022-06-09,1716.58,1755.43,1711.72,1742.07,163290134.0,2339986708.0,0.01332551760041616,False,000001,平安银行
2022-06-10,1731.15,1739.64,1715.36,1738.43,134601231.0,1914639698.0,-0.0020916542606455647,False,000001,平安银行
2022-06-13,1721.43,1722.65,1685.02,1688.66,154775285.0,2163340109.0,-0.029047092043521548,False,000001,平安银行
2022-06-14,1664.38,1715.36,1664.38,1714.15,115142939.0,1602169898.0,0.014982015916473426,False,000001,平安银行
2022-06-15,1711.72,1834.34,1706.87,1789.42,341354371.0,5010292727.0,0.04297421406753761,False,000001,平安银行
2022-06-16,1789.42,1800.34,1750.57,1753.0,133254631.0,1939976255.0,-0.020562939060614537,False,000001,平安银行
2022-06-17,1738.43,1763.92,1723.86,1754.21,105378794.0,1513925914.0,0.0006900071840623471,False,000001,平安银行
2022-06-20,1753.0,1753.0,1731.15,1740.86,103216680.0,1479529787.0,-0.0076393691258791864,False,000001,平安银行
2022-06-21,1740.86,1776.06,1727.5,1744.5,132179398.0,1905346057.0,0.0020887376474109415,False,000001,平安银行
2022-06-22,1743.29,1743.29,1709.29,1709.29,105604592.0,1498415784.0,-0.020389902029815537,False,000001,平安银行
2022-06-23,1710.51,1727.5,1706.87,1723.86,80602803.0,1140899092.0,0.008487882832679346,False,000001,平安银行
2022-06-24,1723.86,1729.93,1712.94,1727.5,86604061.0,1227798687.0,0.0021093142121323878,False,000001,平安银行
2022-06-27,1728.72,1767.57,1726.29,1759.07,149727818.0,2166380438.0,0.018109983642180128,False,000001,平安银行
2022-06-28,1756.64,1780.92,1749.36,1776.06,112511048.0,1638673242.0,0.009612167481234824,False,000001,平安银行
2022-06-29,1778.49,1808.84,1766.35,1777.28,126654728.0,1865064678.0,0.0006866779131400392,False,000001,平安银行
2022-06-30,1776.06,1823.41,1766.35,1818.55,154874501.0,2304888692.0,0.022955374559019883,False,000001,平安银行
2022-07-01,1820.98,1829.48,1801.56,1811.27,77924332.0,1164030776.0,-0.004011223565472759,False,000001,平安银行
2022-07-04,1814.91,1818.55,1790.63,1813.7,83496807.0,1241453402.0,0.0013407009514503922,False,000001,平安银行
2022-07-05,1819.77,1853.76,1799.13,1810.06,111517210.0,1674719025.0,-0.0020089637416571045,False,000001,平安银行
2022-07-06,1800.34,1812.48,1755.43,1763.92,104333523.0,1520022515.0,-0.025821388817315903,False,000001,平安银行
2022-07-07,1765.14,1778.49,1745.71,1750.57,73016098.0,1057696547.0,-0.007597155894513074,False,000001,平安银行
2022-07-08,1760.28,1778.49,1744.5,1765.14,63969823.0,928850349.0,0.008288558165146231,False,000001,平安银行
2022-07-11,1760.28,1768.78,1743.29,1755.43,61169194.0,883613754.0,-0.00551616620114546,False,000001,平安银行
2022-07-12,1749.36,1788.2,1745.71,1750.57,74288242.0,1078431990.0,-0.0027723919640007546,False,000001,平安银行
2022-07-13,1750.57,1756.64,1686.23,1695.94,217599606.0,3056913118.0,-0.031704289802327146,False,000001,平安银行
2022-07-14,1663.16,1664.38,1613.39,1623.1,263212087.0,3534578702.0,-0.043899258456539525,False,000001,平安银行
2022-07-15,1636.46,1646.17,1604.89,1607.32,159863740.0,2139915274.0,-0.009769705185572596,False,000001,平安银行
2022-07-18,1608.53,1631.6,1603.68,1625.53,115350581.0,1536340973.0,0.011265720707935979,False,000001,平安银行
2022-07-19,1619.46,1630.39,1612.18,1629.17,75559710.0,1008562417.0,0.002236766225835901,False,000001,平安银行
2022-07-20,1630.39,1635.24,1620.67,1625.53,80145866.0,1073936300.0,-0.002236766225835886,False,000001,平安银行
2022-07-21,1617.03,1619.46,1576.97,1579.4,197038789.0,2588696130.0,-0.028788888369907586,False,000001,平安银行
2022-07-22,1586.56,1597.69,1559.38,1582.86,137650974.0,1755555714.0,0.002188309235003305,False,000001,平安银行
2022-07-25,1581.62,1587.8,1565.56,1584.09,76395581.0,976071707.0,0.0007767726436135439,False,000001,平安银行
2022-07-26,1575.44,1595.21,1570.5,1595.21,102404881.0,1314310442.0,0.006995279052246662,False,000001,平安银行
2022-07-27,1587.8,1591.51,1572.97,1580.39,92391408.0,1182889761.0,-0.009333736989149653,False,000001,平安银行
2022-07-28,1582.86,1595.21,1579.15,1591.51,75034652.0,964903658.0,0.007011599077671224,False,000001,平安银行
2022-07-29,1591.51,1593.98,1563.09,1566.79,83149747.0,1059518585.0,-0.015654310747094863,False,000001,平安银行
2022-08-01,1564.32,1564.32,1532.2,1534.67,102573271.0,1277987010.0,-0.02071356614013954,False,000001,平安银行
2022-08-02,1509.96,1524.78,1475.36,1514.9,137300930.0,1664397666.0,-0.01296594403135347,False,000001,平安银行
2022-08-03,1506.25,1516.13,1484.01,1486.48,74613653.0,905653325.0,-0.01893852123977879,False,000001,平安银行
2022-08-04,1495.13,1503.78,1485.24,1502.54,60267562.0,729351710.0,0.010746100426669338,False,000001,平安银行
2022-08-05,1498.83,1523.55,1480.3,1521.08,76529787.0,930836354.0,0.012263599500625676,False,000001,平安银行
2022-08-08,1513.66,1527.25,1502.54,1507.48,55199969.0,674950921.0,-0.0089812263368028,False,000001,平安银行
2022-08-09,1508.72,1509.96,1492.66,1497.6,55844757.0,677098633.0,-0.006575555791663969,False,000001,平安银行
2022-08-10,1497.6,1512.43,1485.24,1490.18,68302321.0,825806008.0,-0.004966908711076085,False,000001,平安银行
2022-08-11,1492.66,1530.96,1487.71,1526.02,139930361.0,1710719478.0,0.02376612090616116,False,000001,平安银行
2022-08-12,1514.9,1533.43,1507.48,1529.73,82050356.0,1010612433.0,0.0024282103070670407,False,000001,平安银行
2022-08-15,1518.6,1527.25,1493.89,1496.36,117201000.0,1425087455.0,-0.022055756929399414,False,000001,平安银行
2022-08-16,1496.36,1507.48,1495.13,1498.83,63122370.0,765907219.0,0.0016493114359446286,False,000001,平安银行
2022-08-17,1501.31,1534.67,1491.42,1532.2,134850658.0,1656961619.0,0.022019807350695787,False,000001,平安银行
2022-08-18,1542.08,1549.5,1502.54,1513.66,126970094.0,1560630568.0,-0.012174051978808035,False,000001,平安银行
2022-08-19,1516.13,1575.44,1511.19,1553.2,210641724.0,2653471090.0,0.025786759753599803,False,000001,平安银行
2022-08-22,1554.44,1566.79,1533.43,1544.55,113807658.0,1423361879.0,-0.00558471308664279,False,000001,平安银行
2022-08-23,1538.37,1543.32,1517.37,1524.78,92146307.0,1137300431.0,-0.012882468431245206,False,000001,平安银行
2022-08-24,1523.55,1549.5,1523.55,1532.2,129537533.0,1613309589.0,0.0048544737430963785,False,000001,平安银行
2022-08-25,1532.2,1564.32,1519.84,1559.38,106401061.0,1329230362.0,0.017583695264848147,False,000001,平安银行
2022-08-26,1566.79,1575.44,1539.61,1558.15,92763426.0,1168951099.0,-0.0007890862726724992,False,000001,平安银行
2022-08-29,1544.55,1551.97,1521.08,1534.67,92449065.0,1145189174.0,-0.015183845879264657,False,000001,平安银行
2022-08-30,1535.9,1549.5,1517.37,1542.08,79971238.0,991447627.0,0.004816780256336414,False,000001,平安银行
2022-08-31,1529.73,1579.15,1527.25,1575.44,165304158.0,2091408315.0,0.02140244387197301,False,000001,平安银行
2022-09-01,1563.09,1580.39,1554.44,1558.15,86198195.0,1092666277.0,-0.011035378249044736,False,000001,平安银行
2022-09-02,1559.38,1568.03,1535.9,1545.79,78636281.0,983433863.0,-0.007964113565242254,False,000001,平安银行
2022-09-05,1539.61,1556.91,1528.49,1553.2,63203998.0,788451089.0,0.004782212347858376,False,000001,平安银行
2022-09-06,1554.44,1564.32,1535.9,1544.55,73129499.0,914692184.0,-0.00558471308664279,False,000001,平安银行
2022-09-07,1534.67,1534.67,1517.37,1523.55,97981281.0,1208329759.0,-0.013689467717249644,False,000001,平安银行
2022-09-08,1522.31,1537.14,1519.84,1527.25,62111692.0,768913484.0,0.002425594476256468,False,000001,平安银行
2022-09-09,1532.2,1574.21,1527.25,1571.74,195129731.0,2469131334.0,0.028714553378077528,False,000001,平安银行
2022-09-13,1591.51,1608.81,1564.32,1600.16,172268989.0,2223707380.0,0.017920338320252117,False,000001,平安银行
2022-09-14,1575.44,1590.27,1569.27,1572.97,85803584.0,1095054829.0,-0.017138072189051536,False,000001,平安银行
2022-09-15,1581.62,1618.69,1577.92,1606.34,184101788.0,2393239453.0,0.020992747163095158,False,000001,平安银行
2022-09-16,1596.45,1600.16,1551.97,1551.97,135744781.0,1719252822.0,-0.03443320754281749,False,000001,平安银行
2022-09-19,1549.5,1565.56,1542.08,1553.2,63212104.0,793491306.0,0.0007922271980802445,False,000001,平安银行
2022-09-20,1558.15,1560.62,1522.31,1524.78,88998853.0,1102212204.0,-0.01846718151788802,False,000001,平安银行
2022-09-21,1521.08,1542.08,1507.48,1535.9,68419739.0,845477182.0,0.007266391081958389,False,000001,平安银行
2022-09-22,1523.55,1527.25,1513.66,1518.6,58613338.0,720058210.0,-0.011327670642449288,False,000001,平安银行
2022-09-23,1512.43,1535.9,1511.19,1518.6,58644106.0,722703128.0,0.0,False,000001,平安银行
2022-09-26,1502.54,1517.37,1481.54,1482.77,90372904.0,1094060839.0,-0.02387689770075148,False,000001,平安银行
2022-09-27,1482.77,1502.54,1459.29,1501.31,78962229.0,946732994.0,0.012426100211585599,False,000001,平安银行
2022-09-28,1493.89,1513.66,1472.89,1496.36,78092558.0,946211767.0,-0.0033025679938874855,False,000001,平安银行
2022-09-29,1513.66,1517.37,1460.53,1465.47,91771804.0,1100405198.0,-0.02085948218373181,False,000001,平安银行
2022-09-30,1466.71,1477.83,1461.77,1463.0,53723019.0,638906948.0,-0.0016868880922239742,False,000001,平安银行
2022-10-10,1445.7,1454.35,1416.05,1417.28,96608018.0,1119089731.0,-0.031749580285290985,False,000001,平安银行
2022-10-11,1425.93,1430.87,1409.87,1418.52,41525337.0,476749227.0,0.0008745328154526252,False,000001,平安银行
2022-10-12,1414.81,1435.82,1402.45,1433.35,55957243.0,641776509.0,0.010400287302631267,False,000001,平安银行
2022-10-13,1422.22,1425.93,1397.51,1401.22,85261597.0,970021739.0,-0.022671076151576132,False,000001,平安银行
2022-10-14,1414.81,1437.05,1408.63,1424.7,109606158.0,1265486550.0,0.016617979521844756,False,000001,平安银行
2022-10-17,1411.1,1423.46,1401.22,1418.52,102482271.0,1171523550.0,-0.0043471906728999666,False,000001,平安银行
2022-10-18,1427.17,1438.29,1416.05,1418.52,94683709.0,1091646644.0,0.0,False,000001,平安银行
2022-10-19,1411.1,1419.75,1393.8,1395.04,92398968.0,1049700767.0,-0.016690985870780963,False,000001,平安银行
2022-10-20,1387.63,1397.51,1378.98,1383.92,78192323.0,876967151.0,-0.008003036640782866,False,000001,平安银行
2022-10-21,1385.16,1390.1,1367.86,1370.33,78557429.0,876648491.0,-0.009868465310087445,False,000001,平安银行
2022-10-24,1370.33,1371.56,1311.02,1312.25,138339065.0,1496043940.0,-0.04330836559622536,False,000001,平安银行
2022-10-25,1322.14,1335.73,1309.78,1315.96,131697940.0,1406437766.0,0.0028232161541336446,False,000001,平安银行
2022-10-26,1314.72,1325.84,1311.02,1317.19,114382988.0,1220733278.0,0.0009342423253236075,False,000001,平安银行
2022-10-27,1322.14,1330.79,1317.19,1319.67,95738346.0,1024868047.0,0.0018810257133407826,False,000001,平安银行
2022-10-28,1313.49,1322.14,1286.3,1287.54,105794701.0,1114999302.0,-0.024648284308750122,False,000001,平安银行
2022-10-31,1276.42,1291.25,1262.83,1277.65,98309569.0,1016230012.0,-0.007710968001668392,False,000001,平安银行
2022-11-01,1282.6,1319.67,1280.13,1318.43,138123413.0,1459758367.0,0.03141918173589965,False,000001,平安银行
2022-11-02,1311.02,1319.67,1294.95,1313.49,130298818.0,1377816220.0,-0.0037539179011247255,False,000001,平安银行
2022-11-03,1302.37,1306.07,1282.6,1290.01,98353561.0,1028904286.0,-0.01803774658590756,False,000001,平安银行
2022-11-04,1285.07,1340.67,1283.83,1336.97,177611223.0,1903720944.0,0.03575588929185522,False,000001,平安银行
2022-11-07,1335.73,1348.09,1325.84,1344.38,98808204.0,1070554833.0,0.00552708065993903,False,000001,平安银行
2022-11-08,1345.61,1349.32,1332.02,1340.67,58322205.0,632835805.0,-0.0027634512288421172,False,000001,平安银行
2022-11-09,1339.44,1369.09,1336.97,1345.61,83210685.0,911153622.0,0.003677952833474125,False,000001,平安银行
2022-11-10,1333.26,1346.85,1320.9,1343.14,55202119.0,596916589.0,-0.00183728550055937,False,000001,平安银行
2022-11-11,1375.27,1440.76,1360.44,1412.34,254507055.0,2878557392.0,0.05023774694876766,False,000001,平安银行
2022-11-14,1445.7,1517.37,1445.7,1476.59,387208410.0,4637823414.0,0.044487472019065145,False,000001,平安银行
2022-11-15,1465.47,1505.01,1461.77,1484.01,157390134.0,1891249648.0,0.005012507961740631,False,000001,平安银行
2022-11-16,1479.06,1488.95,1456.82,1460.53,127869288.0,1519133932.0,-0.015948499721615227,False,000001,平安银行
2022-11-17,1459.29,1463.0,1430.87,1444.47,109104716.0,1273790881.0,-0.0110569112688414,False,000001,平安银行
2022-11-18,1450.64,1455.59,1429.64,1432.11,86809329.0,1011078680.0,-0.008593591045761122,False,000001,平安银行
2022-11-21,1418.52,1420.99,1386.39,1416.05,104773707.0,1189388618.0,-0.011277575848159553,False,000001,平安银行
2022-11-22,1416.05,1474.12,1413.57,1460.53,149132388.0,1748727407.0,0.030928078162762097,False,000001,平安银行
2022-11-23,1455.59,1488.95,1448.17,1460.53,124765653.0,1483352652.0,0.0,False,000001,平安银行
2022-11-24,1472.89,1481.54,1444.47,1454.35,79671882.0,941002373.0,-0.004240318133062579,False,000001,平安银行
2022-11-25,1456.82,1511.19,1454.35,1503.78,176072817.0,2130171605.0,0.033422872820157344,False,000001,平安银行
2022-11-28,1470.41,1472.89,1444.47,1459.29,133156295.0,1568351120.0,-0.030031922164916888,False,000001,平安银行
2022-11-29,1502.54,1605.1,1498.83,1605.1,474927650.0,6026006642.0,0.09523604386951315,False,000001,平安银行
2022-11-30,1593.98,1648.35,1584.09,1610.04,320962830.0,4206404173.0,0.003072963471208483,False,000001,平安银行
2022-12-01,1653.29,1687.89,1614.98,1618.69,200268883.0,2658203027.0,0.005358156733453936,False,000001,平安银行
2022-12-02,1623.63,1624.87,1568.03,1593.98,140420278.0,1803658762.0,-0.015383146903832039,False,000001,平安银行
2022-12-05,1617.46,1676.77,1607.57,1671.82,228762742.0,3057231973.0,0.04767882012698252,False,000001,平安银行
2022-12-06,1648.35,1687.89,1637.23,1659.47,125257891.0,1680593516.0,-0.007414579084617178,False,000001,平安银行
2022-12-07,1647.11,1652.05,1610.04,1624.87,137737690.0,1815667663.0,-0.021070461698700686,False,000001,平安银行
2022-12-08,1624.87,1670.59,1621.16,1650.82,106572280.0,1422047905.0,0.015844321579387373,False,000001,平安银行
2022-12-09,1655.76,1699.01,1649.58,1692.83,161583192.0,2197501649.0,0.025129550481093103,False,000001,平安银行
2022-12-12,1678.0,1678.0,1613.75,1619.93,139258428.0,1848277967.0,-0.04401874620783458,False,000001,平安银行
2022-12-13,1624.87,1650.82,1623.63,1635.99,90228513.0,1194285343.0,0.009865187258260492,False,000001,平安银行
2022-12-14,1634.75,1655.76,1616.22,1634.75,97406110.0,1287867945.0,-0.0007582382331881362,False,000001,平安银行
2022-12-15,1623.63,1640.93,1598.92,1618.69,83534926.0,1094434006.0,-0.009872707317550721,False,000001,平安银行
2022-12-16,1608.81,1655.76,1608.81,1648.35,92425167.0,1225269166.0,0.018157607437208196,False,000001,平安银行
2022-12-19,1647.11,1664.41,1600.16,1611.28,103086606.0,1355435567.0,-0.022745893396416902,False,000001,平安银行
2022-12-20,1602.63,1616.22,1565.56,1576.68,89621223.0,1150630681.0,-0.021707523722894653,False,000001,平安银行
2022-12-21,1587.8,1605.1,1574.21,1592.74,61458964.0,791782473.0,0.010134433085933916,False,000001,平安银行
2022-12-22,1606.34,1624.87,1593.98,1600.16,67239430.0,876159828.0,0.004647820700541017,False,000001,平安银行
2022-12-23,1587.8,1613.75,1581.62,1603.86,56442641.0,730705959.0,0.002309599593464929,False,000001,平安银行
2022-12-26,1605.1,1611.28,1570.5,1577.92,79711987.0,1021903963.0,-0.01630569978590965,False,000001,平安银行
2022-12-27,1590.27,1633.52,1590.27,1619.93,88600412.0,1160090119.0,0.026275414380551577,False,000001,平安银行
2022-12-28,1626.11,1653.29,1606.34,1623.63,79119198.0,1042402080.0,0.002281444835225521,False,000001,平安银行
2022-12-29,1614.98,1622.4,1587.8,1610.04,66689009.0,865144967.0,-0.00840535986115785,False,000001,平安银行
2022-12-30,1611.28,1640.93,1601.39,1626.11,81803598.0,1074756754.0,0.009931636105678205,False,000001,平安银行
2023-01-03,1631.05,1711.36,1612.51,1701.48,219412794.0,2971546989.0,0.04530780104140814,False,000001,平安银行
2023-01-04,1694.07,1781.8,1684.18,1769.44,218968253.0,3110729449.0,0.03916465178958296,False,000001,平安银行
2023-01-05,1779.33,1821.34,1775.62,1789.21,166542518.0,2417272356.0,0.011111069306120342,False,000001,平安银行
2023-01-06,1791.68,1818.87,1789.21,1806.51,119574471.0,1747915169.0,0.009622625505215124,False,000001,平安银行
2023-01-09,1822.57,1838.64,1794.15,1828.75,105765911.0,1561368487.0,0.012235866195948629,False,000001,平安银行
2023-01-10,1823.81,1839.87,1778.09,1784.27,126942339.0,1851093717.0,-0.024623305354442813,False,000001,平安银行
2023-01-11,1785.5,1826.28,1778.09,1812.69,83056612.0,1217450812.0,0.015802561841117974,False,000001,平安银行
2023-01-12,1825.04,1825.04,1795.39,1812.69,62569484.0,914367700.0,0.0,False,000001,平安银行
2023-01-13,1812.69,1847.29,1797.86,1847.29,94908583.0,1407181074.0,0.0189077704230245,False,000001,平安银行
2023-01-16,1847.29,1888.06,1834.93,1863.35,156003989.0,2356399993.0,0.008656242740827463,False,000001,平安银行
2023-01-17,1869.53,1875.71,1825.04,1849.76,93583454.0,1396151515.0,-0.007320042057849621,False,000001,平安银行
2023-01-18,1847.29,1875.71,1842.34,1867.06,71843403.0,1083362998.0,0.00930910021669657,False,000001,平安银行
2023-01-19,1869.53,1884.35,1837.4,1864.58,64187520.0,963744633.0,-0.0013291744997475164,False,000001,平安银行
2023-01-20,1873.23,1883.12,1853.46,1869.53,60859008.0,920144806.0,0.002651235715864406,False,000001,平安银行
2023-01-30,1927.6,1944.9,1839.87,1872.0,137431750.0,2096867649.0,0.0013203156777123095,False,000001,平安银行
2023-01-31,1883.12,1916.48,1848.52,1852.23,103049784.0,1568639326.0,-0.010617059477565485,False,000001,平安银行
2023-02-01,1857.17,1863.35,1792.92,1816.39,165342148.0,2426471973.0,-0.01953930374661783,False,000001,平安银行
2023-02-02,1821.34,1826.28,1763.26,1804.04,157790039.0,2280744883.0,-0.006822420487599031,False,000001,平安银行
2023-02-03,1785.5,1797.86,1749.67,1769.44,124638298.0,1782105891.0,-0.01936548199870511,False,000001,平安银行
2023-02-06,1742.26,1745.96,1712.6,1729.9,131761010.0,1838428709.0,-0.022599508974118134,False,000001,平安银行
2023-02-07,1737.31,1769.44,1733.61,1755.85,86946046.0,1235297763.0,0.014889466781212779,False,000001,平安银行
2023-02-08,1759.55,1769.44,1733.61,1734.84,65789257.0,928708934.0,-0.012037880025793328,False,000001,平安银行
2023-02-09,1731.14,1766.97,1724.96,1745.96,83035002.0,1174361963.0,0.006389357521323807,False,000001,平安银行
2023-02-10,1742.26,1744.73,1712.6,1727.43,84728366.0,1184283386.0,-0.010669792792928415,False,000001,平安银行
2023-02-13,1722.49,1722.49,1680.47,1707.66,180005416.0,2473405203.0,-0.011510742535796545,False,000001,平安银行
2023-02-14,1711.36,1727.43,1705.19,1724.96,90993709.0,1263892078.0,0.010079849489857623,False,000001,平安银行
2023-02-15,1723.72,1724.96,1682.95,1689.12,125024398.0,1713566673.0,-0.02099617854942312,False,000001,平安银行
2023-02-16,1690.36,1718.78,1668.12,1680.47,127912329.0,1757431084.0,-0.005134167065382701,False,000001,平安银行
2023-02-17,1684.18,1695.3,1659.47,1659.47,91836369.0,1246777397.0,-0.012575241913634252,False,000001,平安银行
2023-02-20,1668.12,1748.43,1666.88,1748.43,211619117.0,2945969773.0,0.05221996812454083,False,000001,平安银行
2023-02-21,1737.31,1754.61,1720.01,1742.26,99049499.0,1393153377.0,-0.003535121380347361,False,000001,平安银行
2023-02-22,1729.9,1744.73,1722.49,1732.37,63892239.0,895742534.0,-0.005692707832886317,False,000001,平安银行
2023-02-23,1729.9,1769.44,1727.43,1736.08,82449068.0,1165539851.0,0.0021392849341426924,False,000001,平安银行
2023-02-24,1732.37,1733.61,1705.19,1712.6,72998904.0,1012652972.0,-0.01361701451572604,False,000001,平安银行
2023-02-27,1699.01,1715.07,1690.36,1691.59,62146193.0,854854041.0,-0.012343768574248761,False,000001,平安银行
2023-02-28,1699.01,1711.36,1681.71,1702.72,60793592.0,833316018.0,0.006558057390161631,False,000001,平安银行
2023-03-01,1705.19,1753.38,1697.77,1750.91,122345178.0,1719710647.0,0.02790868035640642,False,000001,平安银行
2023-03-02,1745.96,1784.27,1737.31,1759.55,101587684.0,1447565980.0,0.004922441757436092,False,000001,平安银行
2023-03-03,1773.15,1775.62,1747.2,1765.73,69095439.0,985552121.0,0.0035061080712950857,False,000001,平安银行
2023-03-06,1766.97,1766.97,1695.3,1711.36,145582414.0,2023954547.0,-0.031275826559673016,False,000001,平安银行
2023-03-07,1711.36,1742.26,1686.65,1691.59,127926629.0,1773654737.0,-0.011619461015626076,False,000001,平安银行
2023-03-08,1684.18,1685.42,1655.76,1671.82,109689791.0,1479838980.0,-0.011756061670857833,False,000001,平安银行
2023-03-09,1673.06,1678.0,1622.4,1631.05,173606476.0,2305765842.0,-0.024688874156618263,False,000001,平安银行
2023-03-10,1606.34,1639.7,1606.34,1623.63,85699610.0,1128558360.0,-0.00455959593882836,False,000001,平安银行
2023-03-13,1621.16,1642.17,1606.34,1612.51,100063496.0,1309490079.0,-0.006872412050452901,False,000001,平安银行
2023-03-14,1605.1,1606.34,1572.97,1590.27,114907558.0,1474124199.0,-0.013888158082364044,False,000001,平安银行
2023-03-15,1612.51,1628.58,1598.92,1612.51,97936372.0,1278262225.0,0.013888158082363919,False,000001,平安银行
2023-03-16,1592.74,1610.04,1581.62,1584.09,91679249.0,1182054434.0,-0.01778186125898811,False,000001,平安银行
2023-03-17,1605.1,1611.28,1563.09,1575.44,155681414.0,2000832408.0,-0.0054755116181566385,False,000001,平安银行
2023-03-20,1576.68,1587.8,1550.73,1553.2,118881633.0,1505893659.0,-0.014217279466428624,False,000001,平安银行
2023-03-21,1563.09,1579.15,1544.55,1569.27,84074317.0,1060914056.0,0.010293224200763843,False,000001,平安银行
2023-03-22,1575.44,1591.51,1570.5,1580.39,87669077.0,1121080753.0,0.0070611089469184785,False,000001,平安银行
2023-03-23,1569.27,1593.98,1560.62,1593.98,80430604.0,1029380497.0,0.00856238121480783,False,000001,平安银行
2023-03-24,1587.8,1589.04,1576.68,1584.09,62151875.0,796319542.0,-0.006223923277904986,False,000001,平安银行
2023-03-27,1581.62,1582.86,1539.61,1556.91,100842214.0,1266945056.0,-0.01730702224699213,False,000001,平安银行
2023-03-28,1564.32,1572.97,1550.73,1561.85,67386843.0,851797869.0,0.003167928363446507,False,000001,平安银行
2023-03-29,1572.97,1574.21,1544.55,1548.26,59606433.0,750687551.0,-0.008739296356024696,False,000001,平安银行
2023-03-30,1550.73,1570.5,1533.43,1566.79,82454624.0,1035422932.0,0.011897220633243822,False,000001,平安银行
2023-03-31,1568.03,1577.92,1545.79,1548.26,86549166.0,1092263437.0,-0.011897220633243789,False,000001,平安银行
2023-04-03,1550.73,1568.03,1539.61,1565.56,74042886.0,934285179.0,0.011111867742781454,False,000001,平安银行
2023-04-04,1561.85,1571.74,1555.67,1563.09,64745722.0,817726527.0,-0.0015789561076909263,False,000001,平安银行
2023-04-06,1556.91,1558.15,1544.55,1554.44,56332130.0,706480660.0,-0.005549279203529932,False,000001,平安银行
2023-04-07,1553.2,1568.03,1544.55,1559.38,60792526.0,767354797.0,0.0031729542134809616,False,000001,平安银行
2023-04-10,1561.85,1569.27,1554.44,1566.79,64018181.0,809943148.0,0.004740633988202284,False,000001,平安银行
2023-04-11,1569.27,1571.74,1547.02,1549.5,77777962.0,978302908.0,-0.011096642107968065,False,000001,平安银行
2023-04-12,1554.44,1555.67,1538.37,1542.08,90995706.0,1136997696.0,-0.004800143775835044,False,000001,平安银行
2023-04-13,1533.43,1565.56,1519.84,1551.97,113159146.0,1413919037.0,0.006392937207464133,False,000001,平安银行
2023-04-14,1556.91,1593.98,1554.44,1568.03,129799484.0,1653539531.0,0.010294962720955486,False,000001,平安银行
2023-04-17,1564.32,1598.92,1556.91,1597.69,130421259.0,1669357649.0,0.01873878163624207,False,000001,平安银行
2023-04-18,1597.69,1631.05,1592.74,1606.34,153893615.0,2009934875.0,0.005399463185619729,False,000001,平安银行
2023-04-19,1608.81,1614.98,1585.33,1587.8,101437815.0,1309536002.0,-0.011608888911236476,False,000001,平安银行
2023-04-20,1593.98,1593.98,1559.38,1575.44,81178841.0,1033330704.0,-0.007814811967072092,False,000001,平安银行
2023-04-21,1569.27,1585.33,1542.08,1544.55,91866839.0,1160509766.0,-0.019801992553071426,False,000001,平安银行
2023-04-24,1542.08,1544.55,1486.48,1495.13,146767192.0,1798133967.0,-0.03251944620484267,False,000001,平安银行
2023-04-25,1500.07,1528.49,1497.6,1517.37,130190082.0,1595320170.0,0.01476541348216544,False,000001,平安银行
2023-04-26,1513.66,1513.66,1481.54,1497.6,99126040.0,1197555724.0,-0.013114746324864684,False,000001,平安银行
2023-04-27,1490.18,1526.02,1482.77,1514.9,100409337.0,1222755932.0,0.011485603440950525,False,000001,平安银行
2023-04-28,1514.9,1579.15,1509.96,1550.73,144525434.0,1816868033.0,0.0233763576204525,False,000001,平安银行
2023-05-04,1532.2,1585.33,1506.25,1572.97,147826438.0,1863146144.0,0.014239764254423906,False,000001,平安银行
2023-05-05,1579.15,1619.93,1575.44,1595.21,176218865.0,2283981032.0,0.014039836955189882,False,000001,平安银行
2023-05-08,1598.92,1666.88,1586.56,1645.88,263071861.0,3478891629.0,0.031269806575323876,False,000001,平安银行
2023-05-09,1655.76,1680.47,1622.4,1626.11,242253445.0,3238716471.0,-0.012084536073609374,False,000001,平安银行
2023-05-10,1627.34,1638.46,1581.62,1586.56,123705339.0,1600189994.0,-0.02462250908928779,False,000001,平安银行
2023-05-11,1600.16,1621.16,1581.62,1587.8,90375844.0,1166479365.0,0.0007812598842419425,False,000001,平安银行
2023-05-12,1584.09,1590.27,1558.15,1559.38,88560368.0,1124579091.0,-0.018061103943444297,False,000001,平安银行
2023-05-15,1566.79,1587.8,1538.37,1585.33,92832563.0,1173804243.0,0.01650428118555068,False,000001,平安银行
2023-05-16,1581.62,1596.45,1553.2,1559.38,99830169.0,1267712090.0,-0.016504281185550633,False,000001,平安银行
2023-05-17,1554.44,1561.85,1537.14,1543.32,75462120.0,945315193.0,-0.010352366281572935,False,000001,平安银行
2023-05-18,1553.2,1561.85,1535.9,1543.32,68718687.0,861347534.0,0.0,False,000001,平安银行
2023-05-19,1535.9,1537.14,1522.31,1524.78,68841368.0,851165594.0,-0.01208580272637147,False,000001,平安银行
2023-05-22,1521.08,1538.37,1521.08,1529.73,54932785.0,679754868.0,0.0032411118858553366,False,000001,平安银行
2023-05-23,1529.73,1533.43,1508.72,1508.72,69436436.0,852871175.0,-0.013829640021369764,False,000001,平安银行
2023-05-24,1507.48,1508.72,1484.01,1484.01,82425088.0,996600578.0,-0.016513725955013516,False,000001,平安银行
2023-05-25,1481.54,1482.77,1459.29,1474.12,88274430.0,1050002542.0,-0.00668668168733308,False,000001,平安银行
2023-05-26,1474.12,1498.83,1463.0,1495.13,51142864.0,613772897.0,0.014151958004263682,False,000001,平安银行
2023-05-29,1496.36,1498.83,1476.59,1480.3,56607382.0,680275578.0,-0.009968389646580391,False,000001,平安银行
2023-05-30,1480.3,1481.54,1458.06,1466.71,76399692.0,906316374.0,-0.009222972663116403,False,000001,平安银行
2023-05-31,1460.53,1463.0,1430.87,1433.35,117958671.0,1376758357.0,-0.02300743540341277,False,000001,平安银行
2023-06-01,1433.35,1443.23,1420.99,1432.11,74302293.0,861646489.0,-0.0008654806400386532,False,000001,平安银行
2023-06-02,1443.23,1479.06,1438.29,1474.12,122184253.0,1446502669.0,0.028912320348884732,False,000001,平安银行
2023-06-05,1467.94,1482.77,1460.53,1471.65,52184619.0,620531416.0,-0.0016769812842536418,False,000001,平安银行
2023-06-06,1471.65,1493.89,1460.53,1463.0,83327347.0,997039312.0,-0.005895098257385233,False,000001,平安银行
2023-06-07,1469.18,1491.42,1467.94,1475.36,64369784.0,770386878.0,0.008412905770706788,False,000001,平安银行
2023-06-08,1477.83,1507.48,1465.47,1497.6,86939712.0,1048266236.0,0.01496179893249645,False,000001,平安银行
2023-06-09,1490.18,1493.89,1464.24,1467.94,131528476.0,1566929274.0,-0.020003769318751793,False,000001,平安银行
2023-06-12,1460.53,1470.41,1453.12,1456.82,75874703.0,896015709.0,-0.007604079364932381,False,000001,平安银行
2023-06-13,1453.12,1463.0,1444.47,1454.35,84998805.0,1000183567.0,-0.0016969126452248664,False,000001,平安银行
2023-06-14,1462.58,1485.38,1451.19,1452.45,106920004.0,1237376776.0,-0.0013072796687686504,False,000001,平安银行
2023-06-15,1454.98,1472.71,1442.32,1470.18,92530056.0,1064567231.0,0.012133056530459591,False,000001,平安银行
2023-06-16,1470.18,1477.78,1465.11,1472.71,84203365.0,978869317.0,0.0017193987021555663,False,000001,平安银行
2023-06-19,1472.71,1472.71,1444.85,1449.92,95399707.0,1096351097.0,-0.015595858479491648,False,000001,平安银行
2023-06-20,1448.65,1451.19,1437.26,1438.52,54455079.0,620374308.0,-0.00789357521225423,False,000001,平安银行
2023-06-21,1438.52,1453.72,1435.99,1437.26,61658296.0,703681564.0,-0.000876284055544403,False,000001,平安银行
2023-06-26,1430.92,1430.92,1411.93,1415.73,67657743.0,757975992.0,-0.015093224104766092,False,000001,平安银行
2023-06-27,1418.26,1433.46,1414.46,1428.39,46170178.0,519520687.0,0.008902636749477864,False,000001,平安银行
2023-06-28,1428.39,1434.72,1420.79,1430.92,36539644.0,412039354.0,0.0017696581764584426,False,000001,平安银行
2023-06-29,1429.66,1429.66,1414.46,1415.73,48590630.0,544534826.0,-0.010672294925936215,False,000001,平安银行
2023-06-30,1415.73,1432.19,1411.93,1422.06,51905258.0,583494655.0,0.004461225459658645,False,000001,平安银行
2023-07-03,1423.33,1460.05,1422.06,1454.98,88509071.0,1009887429.0,0.02288563024078503,False,000001,平安银行
2023-07-04,1451.19,1454.98,1433.46,1443.59,61630056.0,701885270.0,-0.007859088188639542,False,000001,平安银行
2023-07-05,1438.52,1443.59,1430.92,1435.99,42348240.0,479726282.0,-0.005278559822391502,False,000001,平安银行
2023-07-06,1430.92,1435.99,1419.53,1423.33,59709591.0,672396816.0,-0.008855310164177854,False,000001,平安银行
2023-07-07,1418.26,1427.13,1415.73,1418.26,48444083.0,543212456.0,-0.0035684285065610546,False,000001,平安银行
2023-07-10,1424.59,1428.39,1414.46,1418.26,49588228.0,556581582.0,0.0,False,000001,平安银行
2023-07-11,1420.79,1425.86,1417.0,1419.53,57080909.0,640131787.0,0.000895062767003292,False,000001,平安银行
2023-07-12,1422.06,1438.52,1420.79,1423.33,73608367.0,830230821.0,0.002673365739557922,False,000001,平安银行
2023-07-13,1433.46,1452.45,1427.13,1447.39,112422973.0,1281848379.0,0.01676273783654848,False,000001,平安银行
2023-07-14,1447.39,1462.58,1443.59,1451.19,71914699.0,825295738.0,0.00262197502018554,False,000001,平安银行
2023-07-17,1444.85,1444.85,1425.86,1432.19,60834258.0,687262894.0,-0.013179168204761085,False,000001,平安银行
2023-07-18,1429.66,1433.46,1420.79,1424.59,47196618.0,531299773.0,-0.00532068827804967,False,000001,平安银行
2023-07-19,1422.06,1433.46,1422.06,1432.19,38219596.0,430771279.0,0.005320688278049753,False,000001,平安银行
2023-07-20,1434.72,1448.65,1429.66,1433.46,55406957.0,629696111.0,0.0008863609185675419,False,000001,平安银行
2023-07-21,1432.19,1442.32,1428.39,1435.99,37710256.0,427375950.0,0.0017634045936373492,False,000001,平安银行
2023-07-24,1434.72,1434.72,1423.33,1425.86,42685218.0,480713396.0,-0.007079366359122223,False,000001,平安银行
2023-07-25,1449.92,1485.38,1448.65,1484.11,203295819.0,2358815160.0,0.040040125532997774,False,000001,平安银行
2023-07-26,1475.25,1486.64,1463.85,1477.78,75166268.0,875260135.0,-0.004274304337603329,False,000001,平安银行
2023-07-27,1479.04,1503.1,1475.25,1487.91,111519586.0,1314228294.0,0.0068314890609528865,False,000001,平安银行
2023-07-28,1480.31,1557.56,1477.78,1552.49,234701346.0,2839828237.0,0.04248764287021019,False,000001,平安银行
2023-07-31,1557.56,1582.88,1548.69,1560.09,185495239.0,2288940411.0,0.004883418324081317,False,000001,平安银行
2023-08-01,1552.49,1566.42,1536.03,1539.83,95773478.0,1169570705.0,-0.013071491183234113,False,000001,平安银行
2023-08-02,1527.16,1549.96,1510.7,1523.36,111590004.0,1343864165.0,-0.010753599166522488,False,000001,平安银行
2023-08-03,1518.3,1566.42,1513.23,1561.35,117584771.0,1433255493.0,0.024632410092205754,False,000001,平安银行
2023-08-04,1572.75,1586.68,1546.16,1557.56,130313102.0,1611435431.0,-0.002430337435502771,False,000001,平安银行
2023-08-07,1546.16,1551.22,1534.76,1539.83,64691326.0,786506452.0,-0.011448473490180534,False,000001,平安银行
2023-08-08,1534.76,1546.16,1519.57,1532.23,72570456.0,877489188.0,-0.004947830123527173,False,000001,平安银行
2023-08-09,1527.16,1544.89,1525.9,1541.09,57760774.0,702060797.0,0.005765767668317158,False,000001,平安银行
2023-08-10,1538.56,1546.16,1527.16,1539.83,47559453.0,577123920.0,-0.000817937544790074,False,000001,平安银行
2023-08-11,1541.09,1553.76,1505.64,1505.64,94353857.0,1132867239.0,-0.022453963744294963,False,000001,平安银行
2023-08-14,1489.17,1491.71,1467.65,1477.78,97592018.0,1139185249.0,-0.01867709532771516,False,000001,平安银行
2023-08-15,1480.31,1494.24,1468.91,1485.38,71281277.0,834163040.0,0.00512967012595974,False,000001,平安银行
2023-08-16,1477.78,1500.57,1470.18,1485.38,57290437.0,671706045.0,0.0,False,000001,平安银行
2023-08-17,1477.78,1481.58,1451.19,1465.11,96505775.0,1116292662.0,-0.013740306801215409,False,000001,平安银行
2023-08-18,1466.38,1486.64,1460.05,1463.85,65981885.0,767047287.0,-0.0008603737010580022,False,000001,平安银行
2023-08-21,1463.85,1466.38,1433.46,1433.46,70149785.0,799641424.0,-0.020978849053595778,False,000001,平安银行
2023-08-22,1441.05,1449.92,1432.19,1439.79,60680809.0,689991238.0,0.004406167400014515,False,000001,平安银行
2023-08-23,1437.26,1446.12,1423.33,1424.59,69180998.0,783102827.0,-0.010613216596631633,False,000001,平安银行
2023-08-24,1429.66,1433.46,1399.27,1409.4,129127070.0,1439197084.0,-0.010719971112444679,False,000001,平安银行
2023-08-25,1405.6,1434.72,1403.07,1422.06,84534992.0,946760251.0,0.008942442672945231,False,000001,平安银行
2023-08-28,1499.31,1510.7,1454.98,1458.78,199760987.0,2336205801.0,0.025493945376129347,False,000001,平安银行
2023-08-29,1452.45,1454.98,1409.4,1432.19,196496143.0,2217588610.0,-0.018395728658580326,False,000001,平安银行
2023-08-30,1427.13,1427.13,1409.4,1409.4,137563829.0,1537573551.0,-0.016040659390494424,False,000001,平安银行
2023-08-31,1410.66,1420.79,1408.13,1409.4,80647403.0,900123575.0,0.0,False,000001,平安银行
2023-09-01,1417.0,1438.52,1417.0,1433.46,113870483.0,1285169019.0,0.01692702030906176,False,000001,平安银行
2023-09-04,1437.26,1467.65,1434.72,1463.85,141002923.0,1621769196.0,0.020978849053595684,False,000001,平安银行
2023-09-05,1456.25,1457.52,1438.52,1442.32,80417716.0,917888859.0,-0.01481702302163499,False,000001,平安银行
2023-09-06,1434.72,1451.19,1430.92,1447.39,63484051.0,721905682.0,0.0035090062340471617,False,000001,平安银行
2023-09-07,1443.59,1448.65,1433.46,1434.72,54004157.0,613812176.0,-0.008792226264254493,False,000001,平安银行
2023-09-08,1428.39,1433.46,1422.06,1427.13,47902967.0,539624963.0,-0.005304273666041833,False,000001,平安银行
2023-09-11,1430.92,1443.59,1427.13,1435.99,65448558.0,741764911.0,0.006189072257925803,False,000001,平安银行
2023-09-12,1437.26,1437.26,1424.59,1428.39,49548506.0,559058536.0,-0.005306570939934734,False,000001,平安银行
2023-09-13,1429.66,1433.46,1419.53,1424.59,49021797.0,551747628.0,-0.0026638828503198226,False,000001,平安银行
2023-09-14,1428.39,1434.72,1424.59,1429.66,55165017.0,622906053.0,0.003552600740901897,False,000001,平安银行
2023-09-15,1437.26,1443.59,1418.26,1420.79,89047613.0,1005529161.0,-0.006223598821420426,False,000001,平安银行
2023-09-18,1420.79,1423.33,1410.66,1422.06,50132501.0,561449770.0,0.0008934696410191192,False,000001,平安银行
2023-09-19,1420.79,1422.06,1413.2,1419.53,50366432.0,564044044.0,-0.0017806936739817986,False,000001,平安银行
2023-09-20,1418.26,1420.79,1411.93,1411.93,55887241.0,624785495.0,-0.005368268138404159,False,000001,平安银行
2023-09-21,1410.66,1410.66,1398.0,1399.27,84393011.0,934673194.0,-0.00900689071271278,False,000001,平安银行
2023-09-22,1396.73,1424.59,1396.73,1423.33,91148430.0,1017137922.0,0.01704852459067476,False,000001,平安银行
2023-09-25,1423.33,1433.46,1417.0,1420.79,76121125.0,856022502.0,-0.0017861417065950483,False,000001,平安银行
2023-09-26,1420.79,1425.86,1410.66,1413.2,44498035.0,497885811.0,-0.005356418439858233,False,000001,平安银行
2023-09-27,1411.93,1420.79,1411.93,1414.46,49031061.0,547905821.0,0.0008911963131311593,False,000001,平安银行
2023-09-28,1417.0,1423.33,1415.73,1418.26,52069678.0,583649730.0,0.0026829353267610987,False,000001,平安银行
2023-10-09,1413.2,1414.46,1400.53,1406.86,69582809.0,772959353.0,-0.008070497448756575,False,000001,平安银行
2023-10-10,1417.0,1418.26,1395.47,1395.47,82074851.0,910160342.0,-0.0081289946019129,False,000001,平安银行
2023-10-11,1404.33,1404.33,1387.87,1390.4,72411569.0,797663827.0,-0.003639800563085354,False,000001,平安银行
2023-10-12,1406.86,1413.2,1398.0,1406.86,85305750.0,947562325.0,0.011768795164998125,False,000001,平安银行
2023-10-13,1396.73,1401.8,1386.6,1392.94,68448308.0,753110726.0,-0.009943649329351224,False,000001,平安银行
2023-10-16,1392.94,1396.73,1386.6,1394.2,50162432.0,550988720.0,0.0009041527055237576,False,000001,平安银行
2023-10-17,1394.2,1399.27,1387.87,1395.47,49352505.0,543170901.0,0.0009105020219145837,False,000001,平安银行
2023-10-18,1391.67,1395.47,1381.54,1386.6,65182492.0,713979896.0,-0.006376568565823082,False,000001,平安银行
2023-10-19,1381.54,1382.8,1341.02,1342.28,118896083.0,1271914677.0,-0.032485046924655384,False,000001,平安银行
2023-10-20,1335.95,1351.15,1330.89,1342.28,52613912.0,557618632.0,0.0,False,000001,平安银行
2023-10-23,1341.02,1342.28,1320.76,1329.62,53040448.0,557032229.0,-0.00947647347775218,False,000001,平安银行
2023-10-24,1334.69,1343.55,1322.02,1335.95,76065269.0,801528404.0,0.004749462140569715,False,000001,平安银行
2023-10-25,1330.89,1334.69,1311.89,1314.42,141144968.0,1470971924.0,-0.016247145571088924,False,000001,平安银行
2023-10-26,1305.56,1319.49,1304.29,1318.22,59999147.0,621915277.0,0.0028868380325808934,False,000001,平安银行
2023-10-27,1314.42,1327.09,1308.09,1323.29,91977136.0,957587534.0,0.0038387181769941638,False,000001,平安银行
2023-10-30,1316.96,1325.82,1310.63,1323.29,80568955.0,837646002.0,0.0,False,000001,平安银行
2023-10-31,1320.76,1328.35,1318.22,1324.55,65285523.0,682212138.0,0.0009517192089444209,False,000001,平安银行
2023-11-01,1335.95,1337.22,1323.29,1327.09,56730035.0,595211885.0,0.0019157960936437427,False,000001,平安银行
2023-11-02,1329.62,1342.28,1325.82,1327.09,61942995.0,652316670.0,0.0,False,000001,平安银行
2023-11-03,1328.35,1332.15,1320.76,1327.09,70546347.0,738879704.0,0.0,False,000001,平安银行
2023-11-06,1330.89,1353.68,1330.89,1353.68,100706221.0,1069206838.0,0.019838234572744796,False,000001,平安银行
2023-11-07,1349.88,1349.88,1339.75,1342.28,64086612.0,679815569.0,-0.008457149176636628,False,000001,平安银行
2023-11-08,1339.75,1342.28,1323.29,1329.62,87781875.0,923622008.0,-0.00947647347775218,False,000001,平安银行
2023-11-09,1324.55,1332.15,1320.76,1328.35,63913648.0,669639052.0,-0.0009556165770473482,False,000001,平安银行
2023-11-10,1323.29,1325.82,1303.03,1304.29,104504417.0,1080649734.0,-0.018278739129876858,False,000001,平安银行
2023-11-13,1305.56,1308.09,1294.16,1297.96,77004310.0,789007118.0,-0.004865030250851346,False,000001,平安银行
2023-11-14,1296.7,1308.09,1295.43,1300.5,59685888.0,613377698.0,0.0019550047404995113,False,000001,平安银行
2023-11-15,1313.16,1323.29,1309.36,1313.16,110914015.0,1152154780.0,0.00968764032964584,False,000001,平安银行
2023-11-16,1314.42,1315.69,1295.43,1296.7,92262194.0,948395097.0,-0.01261387066351344,False,000001,平安银行
2023-11-17,1294.16,1297.96,1281.5,1285.3,90336217.0,917616681.0,-0.008830421438752437,False,000001,平安银行
2023-11-20,1285.3,1294.16,1278.97,1290.36,63952831.0,650077370.0,0.003929095074348994,False,000001,平安银行
2023-11-21,1295.43,1310.63,1294.16,1301.76,104116573.0,1072311504.0,0.008795945789650591,False,000001,平安银行
2023-11-22,1299.23,1305.56,1284.03,1286.57,73748951.0,753064758.0,-0.011737432545362443,False,000001,平安银行
2023-11-23,1285.3,1286.57,1275.17,1285.3,84665587.0,855904312.0,-0.0009876083186371454,False,000001,平安银行
2023-11-24,1280.23,1282.77,1276.44,1278.97,68469456.0,691423444.0,-0.004937087637198711,False,000001,平安银行
2023-11-27,1277.7,1277.7,1262.51,1267.57,83618785.0,836268369.0,-0.008953384714036505,False,000001,平安银行
2023-11-28,1265.04,1268.84,1259.97,1259.97,78617469.0,784405805.0,-0.006013770626587842,False,000001,平安银行
2023-11-29,1259.97,1262.51,1228.32,1230.85,146759662.0,1438320264.0,-0.023382923531107585,False,000001,平安银行
2023-11-30,1227.05,1232.11,1218.19,1225.78,90176457.0,871481712.0,-0.004127611563976088,False,000001,平安银行
2023-12-01,1221.98,1225.78,1213.12,1223.25,77805699.0,749668364.0,-0.0020661248739463423,False,000001,平安银行
2023-12-04,1224.52,1225.78,1216.92,1219.45,60543785.0,583664338.0,-0.0031113137638018457,False,000001,平安银行
2023-12-05,1216.92,1218.19,1199.19,1200.46,78737848.0,750961220.0,-0.015695120749457423,False,000001,平安银行
2023-12-06,1195.39,1211.85,1190.33,1202.99,75305592.0,714029469.0,0.0021053077322023663,False,000001,平安银行
2023-12-07,1201.72,1201.72,1187.79,1195.39,58538019.0,552224831.0,-0.006337632433714949,False,000001,平安银行
2023-12-08,1191.59,1196.66,1177.66,1177.66,102115150.0,957664581.0,-0.014943073190855168,False,000001,平安银行
2023-12-11,1167.53,1187.79,1156.14,1184.0,113366281.0,1044765735.0,0.005369117680345245,False,000001,平安银行
2023-12-12,1178.93,1202.99,1177.66,1192.86,85501642.0,805067628.0,0.007455248552349018,False,000001,平安银行
2023-12-13,1187.79,1189.06,1158.67,1159.94,106130165.0,981001231.0,-0.02798550537156014,False,000001,平安银行
2023-12-14,1166.27,1175.13,1158.67,1158.67,74290056.0,683211466.0,-0.0010954840417396522,False,000001,平安银行
2023-12-15,1165.0,1184.0,1163.73,1166.27,98893942.0,915126127.0,0.006537826413290356,False,000001,平安银行
2023-12-18,1162.47,1170.07,1151.07,1156.14,65442562.0,599379044.0,-0.00872375183042472,False,000001,平安银行
2023-12-19,1154.87,1161.2,1148.54,1152.34,64407088.0,586716664.0,-0.003292212566054764,False,000001,平安银行
2023-12-20,1153.6,1158.67,1143.47,1143.47,71563363.0,650511343.0,-0.007727158723801242,False,000001,平安银行
2023-12-21,1140.94,1163.73,1138.41,1161.2,101704676.0,925407073.0,0.01538645427446506,False,000001,平安银行
2023-12-22,1163.73,1175.13,1153.6,1165.0,100564502.0,924998769.0,0.0032671338493261196,False,000001,平安银行
2023-12-25,1162.47,1165.0,1157.4,1163.73,41397088.0,379638234.0,-0.0010907233778990712,False,000001,平安银行
2023-12-26,1163.73,1165.0,1148.54,1152.34,54189633.0,493746623.0,-0.00983570602209068,False,000001,平安银行
2023-12-27,1152.34,1156.14,1142.21,1154.87,64153435.0,582036661.0,0.002193125908839144,False,000001,平安银行
2023-12-28,1153.6,1199.19,1149.8,1196.66,166159184.0,1550256591.0,0.035546559259405676,False,000001,平安银行
2023-12-29,1192.86,1200.46,1184.0,1189.06,85385279.0,803196744.0,-0.006371263776875868,False,000001,平安银行
2024-01-02,1189.06,1192.86,1166.27,1166.27,115836645.0,1075742252.0,-0.01935245699488955,False,000001,平安银行
2024-01-03,1163.73,1167.53,1158.67,1165.0,73361031.0,673673614.0,-0.0010895349964896825,False,000001,平安银行
2024-01-04,1163.73,1163.73,1149.8,1153.6,86419399.0,787470082.0,-0.009833599469116416,False,000001,平安银行
2024-01-05,1152.34,1195.39,1148.54,1173.86,199162216.0,1852659692.0,0.01740997632056532,False,000001,平安银行
2024-01-08,1168.8,1177.66,1153.6,1158.67,112115619.0,1029006549.0,-0.013024668268249578,False,000001,平安银行
2024-01-09,1159.94,1163.73,1151.07,1162.47,76619388.0,700375720.0,0.003274256093905869,False,000001,平安银行
2024-01-10,1159.94,1163.73,1151.07,1151.07,85862091.0,783771150.0,-0.009855107123136253,False,000001,平安银行
2024-01-11,1149.8,1167.53,1143.47,1161.2,93468637.0,853890237.0,0.008762008596704762,False,000001,平安银行
2024-01-12,1156.14,1173.86,1153.6,1163.73,77258215.0,711018266.0,0.0021764104714270234,False,000001,平安银行
2024-01-15,1159.94,1176.4,1156.14,1166.27,74513266.0,685950951.0,0.002180258374388856,False,000001,平安银行
2024-01-16,1163.73,1184.0,1159.94,1182.73,143831258.0,1334465409.0,0.014014703627755351,False,000001,平安银行
2024-01-17,1181.46,1189.06,1168.8,1168.8,148229621.0,1380725065.0,-0.011847744187556379,False,000001,平安银行
2024-01-18,1166.27,1170.07,1139.67,1165.0,175513247.0,1597853727.0,-0.0032564944366888023,False,000001,平安银行
2024-01-19,1159.94,1165.0,1152.34,1161.2,96398142.0,881865024.0,-0.0032671338493260363,False,000001,平安银行
2024-01-22,1159.94,1172.6,1144.74,1152.34,158031966.0,1449858242.0,-0.00765929555066371,False,000001,平安银行
2024-01-23,1146.01,1162.47,1134.61,1159.94,113554458.0,1030898421.0,0.006573622024928862,False,000001,平安银行
2024-01-24,1168.8,1182.73,1148.54,1181.46,175912316.0,1620099272.0,0.018382682160393737,False,000001,平安银行
2024-01-25,1181.46,1208.05,1173.86,1202.99,216251395.0,2037648413.0,0.01805916260304211,False,000001,平安银行
2024-01-26,1199.19,1224.52,1195.39,1218.19,227228706.0,2172799799.0,0.012556026147811703,False,000001,平安银行
2024-01-29,1227.05,1251.11,1213.12,1228.32,237625184.0,2312173346.0,0.00828123154360066,False,000001,平安银行
2024-01-30,1216.92,1228.32,1201.72,1202.99,157912214.0,1515156604.0,-0.020837257691412366,False,000001,平安银行
2024-01-31,1197.92,1210.59,1187.79,1197.92,135721747.0,1286857397.0,-0.0042234049058008285,False,000001,平安银行
2024-02-01,1191.59,1200.46,1182.73,1191.59,105525987.0,993481907.0,-0.005298169756340175,False,000001,平安银行
2024-02-02,1192.86,1199.19,1148.54,1173.86,163421431.0,1520605695.0,-0.01499108587478505,False,000001,平安银行
2024-02-05,1163.73,1194.13,1153.6,1187.79,180359190.0,1674566499.0,0.01179697376932543,False,000001,平安银行
2024-02-06,1177.66,1225.78,1176.4,1225.78,199540954.0,1900324218.0,0.03148293842260395,False,000001,平安银行
2024-02-07,1218.19,1224.52,1200.46,1216.92,206201497.0,1975435102.0,-0.0072542996312739355,False,000001,平安银行
2024-02-08,1213.12,1224.52,1205.52,1224.52,165681384.0,1593505690.0,0.0062258540441553056,False,000001,平安银行
2024-02-19,1235.91,1242.25,1221.98,1242.25,160524265.0,1564088445.0,0.014375321026369342,False,000001,平安银行
2024-02-20,1239.71,1246.04,1232.11,1243.51,112356398.0,1098987813.0,0.0010137745461449843,False,000001,平安银行
2024-02-21,1238.45,1367.61,1237.18,1367.61,505528460.0,5295259397.0,0.09512666478939354,False,000001,平安银行
2024-02-22,1348.61,1381.54,1344.82,1380.27,492232512.0,5307736374.0,0.00921444136980449,False,000001,平安银行
2024-02-23,1377.74,1423.33,1372.67,1373.94,356747950.0,3917316282.0,-0.004596607481229209,False,000001,平安银行
2024-02-26,1365.08,1377.74,1329.62,1333.42,286260888.0,3048205025.0,-0.02993545438503411,False,000001,平安银行
2024-02-27,1328.35,1342.28,1324.55,1329.62,198190492.0,2083027074.0,-0.002853883215527225,False,000001,平安银行
2024-02-28,1330.89,1354.95,1316.96,1328.35,308269265.0,3253340358.0,-0.0009556165770473482,False,000001,平安银行
2024-02-29,1319.49,1341.02,1318.22,1341.02,184534423.0,1936020983.0,0.009492947884629524,False,000001,平安银行
2024-03-01,1341.02,1342.28,1320.76,1328.35,182810290.0,1917689307.0,-0.009492947884629524,False,000001,平安银行
2024-03-04,1323.29,1329.62,1306.83,1308.09,165592954.0,1719562862.0,-0.015369512539457899,False,000001,平安银行
2024-03-05,1304.29,1325.82,1299.23,1320.76,181731907.0,1889144330.0,0.009639270481897236,False,000001,平安银行
2024-03-06,1316.96,1323.29,1308.09,1308.09,134564016.0,1396940060.0,-0.009639270481897184,False,000001,平安银行
2024-03-07,1308.09,1347.35,1308.09,1314.42,201616589.0,2109589237.0,0.004827445685986172,False,000001,平安银行
2024-03-08,1310.63,1322.02,1304.29,1314.42,111397428.0,1154491251.0,0.0,False,000001,平安银行
2024-03-11,1314.42,1325.82,1309.36,1325.82,121067298.0,1260212020.0,0.008635632249605325,False,000001,平安银行
2024-03-12,1327.09,1341.02,1318.22,1337.22,164126237.0,1721999708.0,0.008561696134811201,False,000001,平安银行
2024-03-13,1333.42,1335.95,1304.29,1308.09,176803911.0,1834654994.0,-0.022024774070402434,False,000001,平安银行
2024-03-14,1304.29,1314.42,1291.63,1295.43,140939973.0,1448499698.0,-0.009725371638975676,False,000001,平安银行
2024-03-15,1335.95,1361.28,1329.62,1342.28,375020789.0,3973799131.0,0.035526974233233206,False,000001,平安银行
2024-03-18,1337.22,1343.55,1328.35,1334.69,167139651.0,1761249150.0,-0.005670605452067933,False,000001,平安银行
2024-03-19,1333.42,1334.69,1315.69,1316.96,129321558.0,1351069630.0,-0.01337300490733277,False,000001,平安银行
2024-03-20,1314.42,1325.82,1313.16,1323.29,87266316.0,910278573.0,0.004795009660704262,False,000001,平安银行
2024-03-21,1323.29,1332.15,1319.49,1325.82,86446625.0,905422294.0,0.0019100760400303245,False,000001,平安银行
2024-03-22,1323.29,1323.29,1305.56,1311.89,102814174.0,1065535606.0,-0.01056229039934063,False,000001,平安银行
2024-03-25,1310.63,1328.35,1306.83,1316.96,95320221.0,993304120.0,0.0038572046986059465,False,000001,平安银行
2024-03-26,1323.29,1349.88,1319.49,1342.28,174002146.0,1835376191.0,0.019043610359400588,False,000001,平安银行
2024-03-27,1337.22,1346.08,1330.89,1333.42,127413599.0,1347397150.0,-0.006622590262225008,False,000001,平安银行
2024-03-28,1330.89,1338.48,1314.42,1328.35,130218892.0,1362980388.0,-0.0038094997925745707,False,000001,平安银行
2024-03-29,1323.29,1338.48,1320.76,1332.15,87275898.0,917332316.0,0.002856607843687807,False,000001,平安银行
2024-04-01,1332.15,1348.61,1330.89,1347.35,119108796.0,1261770380.0,0.01134552196012947,False,000001,平安银行
2024-04-02,1346.08,1352.41,1333.42,1335.95,108545826.0,1149700800.0,-0.008497051086200328,False,000001,平安银行
2024-04-03,1333.42,1335.95,1319.49,1324.55,98184585.0,1028648883.0,-0.008569870152569345,False,000001,平安银行
2024-04-08,1319.49,1328.35,1313.16,1320.76,90636052.0,945290441.0,-0.0028654506226084646,False,000001,平安银行
2024-04-09,1320.76,1325.82,1311.89,1316.96,85715673.0,891468991.0,-0.002881278247040363,False,000001,平安银行
2024-04-10,1314.42,1318.22,1300.5,1301.76,124639082.0,1288696196.0,-0.011608855244248185,False,000001,平安银行
2024-04-11,1296.7,1303.03,1281.5,1297.96,101021340.0,1030820137.0,-0.002923393831878987,False,000001,平安银行
2024-04-12,1294.16,1300.5,1271.37,1273.9,130545371.0,1322011754.0,-0.01871074003246547,False,000001,平安银行
2024-04-15,1275.17,1306.83,1273.9,1303.03,145320260.0,1486326196.0,0.022609260535311353,False,000001,平安银行
2024-04-16,1301.76,1315.69,1294.16,1301.76,147803643.0,1523138499.0,-0.000975126670966954,False,000001,平安银行
2024-04-17,1299.23,1346.08,1292.9,1344.82,223264057.0,2337576587.0,0.03254298010367196,False,000001,平安银行
2024-04-18,1339.75,1396.73,1337.22,1367.61,316591426.0,3427338982.0,0.016804515734210795,False,000001,平安银行
2024-04-19,1356.21,1370.14,1349.88,1353.68,145767502.0,1562376147.0,-0.010237881057597214,False,000001,平安银行
2024-04-22,1347.35,1368.88,1323.29,1329.62,200981837.0,2125722741.0,-0.017933622654388828,False,000001,平安银行
2024-04-23,1330.89,1348.61,1324.55,1334.69,124002700.0,1308866093.0,0.003805868025684276,False,000001,平安银行
2024-04-24,1332.15,1338.48,1324.55,1333.42,94156774.0,989093538.0,-0.0009519848101571097,False,000001,平安银行
2024-04-25,1329.62,1344.82,1327.09,1343.55,111381224.0,1176304525.0,0.007568294267804492,False,000001,平安银行
2024-04-26,1341.02,1351.15,1327.09,1342.28,160762751.0,1698581437.0,-0.0009457040055794118,False,000001,平安银行
2024-04-29,1337.22,1380.27,1332.15,1368.88,216917737.0,2337350884.0,0.019623226639980524,False,000001,平安银行
2024-04-30,1367.61,1377.74,1358.75,1366.34,132455653.0,1431407709.0,-0.001857255160551934,False,000001,平安银行
2024-05-06,1387.87,1406.86,1372.67,1379.01,178410057.0,1953817493.0,0.009230218335462963,False,000001,平安银行
2024-05-07,1376.47,1379.01,1362.54,1377.74,108705665.0,1176786413.0,-0.0009213748724731675,False,000001,平安银行
2024-05-08,1372.67,1377.74,1356.21,1358.75,122179127.0,1318612000.0,-0.013879316090733581,False,000001,平安银行
2024-05-09,1356.21,1370.14,1356.21,1362.54,106946063.0,1150726858.0,0.0027854454692134,False,000001,平安银行
2024-05-10,1363.81,1387.87,1362.54,1385.34,176783561.0,1923452177.0,0.016594991954334663,False,000001,平安银行
2024-05-13,1380.27,1394.2,1368.88,1389.14,140249860.0,1530058920.0,0.002739253752855756,False,000001,平安银行
2024-05-14,1392.94,1400.53,1377.74,1381.54,107578391.0,1176577328.0,-0.005486031632043069,False,000001,平安银行
2024-05-15,1380.27,1382.8,1368.88,1371.41,86829660.0,942907951.0,-0.0073594113375213726,False,000001,平安银行
2024-05-16,1373.94,1419.53,1371.41,1414.46,307629165.0,3410151917.0,0.030908425155862892,False,000001,平安银行
2024-05-17,1415.73,1446.12,1409.4,1446.12,284174885.0,3200736554.0,0.022136275029179357,False,000001,平安银行
2024-05-20,1447.39,1460.05,1432.19,1441.05,217021030.0,2475290152.0,-0.0035120933034435355,False,000001,平安银行
2024-05-21,1433.46,1471.45,1432.19,1462.58,203004941.0,2336192875.0,0.01482998494081793,False,000001,平安银行
2024-05-22,1463.85,1486.64,1451.19,1463.85,211553138.0,2458448970.0,0.0008679517909045309,False,000001,平安银行
2024-05-23,1460.05,1467.65,1439.79,1443.59,184162290.0,2110799282.0,-0.013936884637566812,False,000001,平安银行
2024-05-24,1439.79,1454.98,1430.92,1432.19,139827584.0,1593330336.0,-0.007928325334596427,False,000001,平安银行
2024-05-27,1432.19,1460.05,1432.19,1457.52,145436143.0,1663272118.0,0.017531619974013143,False,000001,平安银行
2024-05-28,1456.25,1466.38,1438.52,1443.59,120432285.0,1377107204.0,-0.009603294639416674,False,000001,平安银行
2024-05-29,1441.05,1449.92,1422.06,1425.86,144481111.0,1635445613.0,-0.012357926181513804,False,000001,平安银行
2024-05-30,1423.33,1435.99,1400.53,1408.13,132549635.0,1481608711.0,-0.012512557435166933,False,000001,平安银行
2024-05-31,1410.66,1417.0,1406.86,1406.86,82670676.0,921248146.0,-0.0009023123252063094,False,000001,平安银行
2024-06-03,1408.13,1409.4,1381.54,1390.4,132669675.0,1456086024.0,-0.011768795164998213,False,000001,平安银行
2024-06-04,1386.6,1399.27,1381.54,1395.47,98100495.0,1079356561.0,0.0036398005630854584,False,000001,平安银行
2024-06-05,1398.0,1401.8,1376.47,1376.47,101896775.0,1114155999.0,-0.01370902513515494,False,000001,平安银行
2024-06-06,1380.27,1390.4,1377.74,1380.27,104933153.0,1145989426.0,0.002756881248714834,False,000001,平安银行
2024-06-07,1382.8,1394.2,1379.01,1391.67,117012604.0,1281662986.0,0.00822533263578553,False,000001,平安银行
2024-06-11,1390.4,1395.47,1366.34,1376.47,133762854.0,1452841957.0,-0.010982213884500422,False,000001,平安银行
2024-06-12,1373.94,1381.54,1365.08,1377.74,95742635.0,1037927497.0,0.0009222245870946327,False,000001,平安银行
2024-06-13,1379.01,1384.07,1367.61,1367.61,120350779.0,1304403407.0,-0.007379784708184288,False,000001,平安银行
2024-06-14,1376.97,1387.82,1355.26,1381.04,163799047.0,1657433955.0,0.009772147690325061,False,000001,平安银行
2024-06-17,1374.26,1378.33,1367.47,1370.19,68121702.0,688669914.0,-0.007887422170768349,False,000001,平安银行
2024-06-18,1371.54,1378.33,1362.05,1367.47,70065308.0,707829472.0,-0.001987099124805545,False,000001,平安银行
2024-06-19,1370.19,1385.11,1367.47,1376.97,79618418.0,807676192.0,0.006923115786231454,False,000001,平安银行
2024-06-20,1378.33,1379.68,1363.4,1363.4,62962757.0,635070262.0,-0.009903853070266066,False,000001,平安银行
2024-06-21,1363.4,1368.83,1349.84,1356.62,83054528.0,831176895.0,-0.004985267786178072,False,000001,平安银行
2024-06-24,1352.55,1366.12,1340.34,1353.91,94708154.0,944907466.0,-0.0019996095988462754,False,000001,平安银行
2024-06-25,1355.26,1374.26,1353.91,1367.47,76999281.0,775332072.0,0.009965614669058858,False,000001,平安银行
2024-06-26,1364.76,1374.26,1359.33,1367.47,62859871.0,633763882.0,0.0,False,000001,平安银行
2024-06-27,1364.76,1385.11,1356.62,1374.26,92888197.0,938954398.0,0.004953087197955118,False,000001,平安银行
2024-06-28,1370.19,1391.89,1368.83,1376.97,91808992.0,933947813.0,0.0019700285882765615,False,000001,平安银行
2024-07-01,1368.83,1404.1,1362.05,1404.1,134305149.0,1372549620.0,0.0195110951216455,False,000001,平安银行
2024-07-02,1397.32,1421.74,1394.61,1410.89,138438570.0,1440864391.0,0.004824182798863872,False,000001,平安银行
2024-07-03,1410.89,1414.96,1395.96,1398.68,71306746.0,737326421.0,-0.00869177622835475,False,000001,平安银行
2024-07-04,1397.32,1408.17,1390.54,1391.89,73504424.0,757464387.0,-0.004866398907727202,False,000001,平安银行
2024-07-05,1391.89,1395.96,1345.77,1352.55,171335386.0,1721256576.0,-0.028670836169353026,False,000001,平安银行
2024-07-08,1348.48,1359.33,1336.27,1347.12,86865962.0,864791776.0,-0.0040227193119719215,False,000001,平安银行
2024-07-09,1348.48,1370.19,1344.41,1366.12,103248530.0,1034316511.0,0.014005624700896257,False,000001,平安银行
2024-07-10,1366.12,1383.75,1363.4,1375.61,87386511.0,886626727.0,0.006922664083841459,False,000001,平安银行
2024-07-11,1385.11,1387.82,1366.12,1374.26,72139225.0,731789332.0,-0.0009818646761166313,False,000001,平安银行
2024-07-12,1372.9,1398.68,1372.9,1398.68,121416369.0,1246877666.0,0.017613530280431153,False,000001,平安银行
2024-07-15,1398.68,1404.1,1391.89,1401.39,86941247.0,896975833.0,0.0019356664984470986,False,000001,平安银行
2024-07-16,1401.39,1406.82,1389.18,1397.32,94300811.0,971564895.0,-0.0029084848870422537,False,000001,平安银行
2024-07-17,1397.32,1413.6,1394.61,1410.89,122016835.0,1266412580.0,0.00966459461694981,False,000001,平安银行
2024-07-18,1408.17,1414.96,1397.32,1412.24,108706102.0,1127365071.0,0.0009563853615672326,False,000001,平安银行
2024-07-19,1408.17,1413.6,1395.96,1406.82,89872324.0,929722662.0,-0.0038452581203282828,False,000001,平安银行
2024-07-22,1405.46,1408.17,1382.4,1387.82,99448087.0,1018663806.0,-0.013597667500634712,False,000001,平安银行
2024-07-23,1390.54,1401.39,1378.33,1381.04,102015363.0,1046994471.0,-0.004897332151771263,False,000001,平安银行
2024-07-24,1381.04,1389.18,1372.9,1374.26,72451757.0,736332832.0,-0.004921434097618814,False,000001,平安银行
2024-07-25,1372.9,1376.97,1356.62,1368.83,85640443.0,861750366.0,-0.003959044065267074,False,000001,平安银行
2024-07-26,1370.19,1372.9,1352.55,1360.69,92955195.0,931879546.0,-0.005964436334121176,False,000001,平安银行
2024-07-29,1359.33,1375.61,1352.55,1371.54,78155243.0,788019059.0,0.00794227208872557,False,000001,平安银行
2024-07-30,1370.19,1374.26,1360.69,1367.47,61326795.0,618056610.0,-0.0029718788872922894,False,000001,平安银行
2024-07-31,1367.47,1394.61,1366.12,1393.25,109690634.0,1117768675.0,0.018676830236926165,False,000001,平安银行
2024-08-01,1390.54,1400.03,1379.68,1393.25,73388377.0,752688220.0,0.0,False,000001,平安银行
2024-08-02,1386.47,1390.54,1374.26,1375.61,59022876.0,601173371.0,-0.012741878362854576,False,000001,平安银行
2024-08-05,1371.54,1386.47,1363.4,1363.4,75897852.0,768980625.0,-0.008915689158106284,False,000001,平安银行
2024-08-06,1366.12,1372.9,1341.7,1347.12,126553691.0,1261997757.0,-0.01201259962663147,False,000001,平安银行
2024-08-07,1349.84,1353.91,1344.41,1347.12,51760842.0,514848813.0,0.0,False,000001,平安银行
2024-08-08,1345.77,1353.91,1343.05,1348.48,50041067.0,497548149.0,0.0010090518737160773,False,000001,平安银行
2024-08-09,1351.19,1370.19,1348.48,1362.05,73027396.0,732886456.0,0.010012885579396216,False,000001,平安银行
2024-08-12,1359.33,1363.4,1353.91,1357.98,35301346.0,353251351.0,-0.002992616285476359,False,000001,平安银行
2024-08-13,1359.33,1360.69,1345.77,1349.84,62207720.0,620061492.0,-0.006012234579607463,False,000001,平安银行
2024-08-14,1348.48,1353.91,1344.41,1345.77,43638038.0,433380447.0,-0.003019726958110301,False,000001,平安银行
2024-08-15,1345.77,1364.76,1338.98,1360.69,77624747.0,775851461.0,0.011025584079314555,False,000001,平安银行
2024-08-16,1367.47,1385.11,1363.4,1374.26,126036761.0,1277042001.0,0.009923480399388332,False,000001,平安银行
2024-08-19,1374.26,1397.32,1372.9,1395.96,148298526.0,1520594688.0,0.015666946206000915,False,000001,平安银行
2024-08-20,1400.03,1414.96,1394.61,1402.75,156918665.0,1623147686.0,0.004852245014406028,False,000001,平安银行
2024-08-21,1397.32,1408.17,1385.11,1404.1,103488781.0,1068207868.0,0.0009619324895150715,False,000001,平安银行
2024-08-22,1402.75,1417.67,1400.03,1408.17,110903039.0,1153871816.0,0.0028944609454324088,False,000001,平安银行
2024-08-23,1409.53,1424.45,1400.03,1420.38,107190571.0,1117475768.0,0.008633452363079415,False,000001,平安银行
2024-08-26,1424.45,1431.23,1413.6,1423.1,74067524.0,775921849.0,0.0019131492605057876,False,000001,平安银行
2024-08-27,1420.38,1427.16,1406.82,1414.96,72313658.0,755583764.0,-0.005736328563075892,False,000001,平安银行
2024-08-28,1412.24,1414.96,1394.61,1401.39,94254754.0,973872155.0,-0.009636660936985517,False,000001,平安银行
2024-08-29,1398.68,1408.17,1371.54,1374.26,119767631.0,1221351092.0,-0.019549196778878272,False,000001,平安银行
2024-08-30,1371.54,1391.89,1371.54,1378.33,129405908.0,1318858688.0,0.0029572169963974883,False,000001,平安银行
2024-09-02,1372.9,1385.11,1368.83,1371.54,96883550.0,983898751.0,-0.0049384253070602,False,000001,平安银行
2024-09-03,1371.54,1374.26,1356.62,1367.47,91658122.0,920884663.0,-0.0029718788872922894,False,000001,平安银行
2024-09-04,1363.4,1376.97,1356.62,1359.33,84799233.0,852224670.0,-0.00597038593187779,False,000001,平安银行
2024-09-05,1360.69,1367.47,1353.91,1366.12,59420876.0,595845843.0,0.004982673722107951,False,000001,平安银行
2024-09-06,1364.76,1385.11,1363.4,1367.47,87886543.0,891507834.0,0.0009877122097697883,False,000001,平安银行
2024-09-09,1363.4,1366.12,1334.91,1336.27,163917451.0,1624857668.0,-0.023080166726352182,False,000001,平安银行
2024-09-10,1337.63,1345.77,1326.78,1343.05,76790114.0,756124764.0,0.005060996425754134,False,000001,平安银行
2024-09-11,1340.34,1340.34,1306.43,1309.14,110872704.0,1078602468.0,-0.02557271384950736,False,000001,平安银行
2024-09-12,1309.14,1325.42,1303.71,1321.35,58183405.0,564923216.0,0.009283508161300117,False,000001,平安银行
2024-09-13,1319.99,1332.2,1315.92,1315.92,56646190.0,553269704.0,-0.004117900460011575,False,000001,平安银行
2024-09-18,1318.64,1326.78,1310.5,1325.42,44361099.0,431665627.0,0.007193349560590242,False,000001,平安银行
2024-09-19,1328.13,1334.91,1313.21,1330.84,68429311.0,669341182.0,0.004080931476628895,False,000001,平安银行
2024-09-20,1330.84,1343.05,1326.78,1343.05,79729714.0,785121199.0,0.009132825110999544,False,000001,平安银行
2024-09-23,1341.7,1368.83,1338.98,1362.05,89690755.0,897428030.0,0.014047770843044404,False,000001,平安银行
2024-09-24,1371.54,1406.82,1367.47,1406.82,163821319.0,1678174482.0,0.03234092040553353,False,000001,平安银行
2024-09-25,1427.16,1451.58,1417.67,1424.45,216069398.0,2285995369.0,0.012453936126142885,False,000001,平安银行
2024-09-26,1424.45,1512.63,1424.45,1512.63,308645720.0,3341759456.0,0.060064083337852285,False,000001,平安银行
2024-09-27,1539.76,1568.25,1496.35,1549.26,384001637.0,4337985143.0,0.02392753993285329,False,000001,平安银行
2024-09-30,1576.39,1668.64,1568.25,1656.43,543028364.0,6467438838.0,0.06688728651710629,False,000001,平安银行
2024-10-08,1821.94,1821.94,1674.07,1747.33,588897778.0,7602664024.0,0.05342422446993965,False,000001,平安银行
2024-10-09,1713.41,1713.41,1581.82,1584.53,426934506.0,5172049702.0,-0.09780107517537118,False,000001,平安银行
2024-10-10,1610.31,1699.0,1607.54,1660.2,342642168.0,4095573501.0,0.04665024365171278,False,000001,平安银行
2024-10-11,1662.97,1686.53,1604.77,1624.17,207089057.0,2455848197.0,-0.021941160974904537,False,000001,平安银行
2024-10-14,1660.2,1687.91,1633.87,1665.74,240059509.0,2881934272.0,0.025272553076779856,False,000001,平安银行
2024-10-15,1654.65,1694.84,1646.34,1649.11,207284077.0,2500974427.0,-0.010033720692821914,False,000001,平安银行
2024-10-16,1635.25,1687.91,1631.1,1671.28,191449353.0,2301340929.0,0.013354051460805236,False,000001,平安银行
2024-10-17,1672.67,1694.84,1653.27,1656.04,165370809.0,1993261646.0,-0.009160589647934342,False,000001,平安银行
2024-10-18,1650.5,1687.91,1618.62,1668.51,260465416.0,3105820973.0,0.007501802337860797,False,000001,平安银行
2024-10-21,1654.65,1654.65,1611.69,1636.64,280665467.0,3302020181.0,-0.01928565287202306,False,000001,平安银行
2024-10-22,1629.71,1653.27,1624.17,1633.87,161778713.0,1908438725.0,-0.0016939258172882768,False,000001,平安银行
2024-10-23,1638.03,1647.73,1628.32,1643.57,151186604.0,1787236762.0,0.005919271335056341,False,000001,平安银行
2024-10-24,1636.64,1643.57,1624.17,1628.32,88529942.0,1042818619.0,-0.009321896782843878,False,000001,平安银行
2024-10-25,1631.1,1632.48,1620.01,1622.78,110575468.0,1296844369.0,-0.0034080805648939163,False,000001,平安银行
2024-10-28,1618.62,1618.62,1597.84,1613.08,116948698.0,1356008963.0,-0.005995332959231809,False,000001,平安银行
2024-10-29,1610.31,1626.94,1597.84,1599.22,119802482.0,1391150259.0,-0.008629384558381279,False,000001,平安银行
2024-10-30,1593.68,1604.77,1561.81,1568.73,148240279.0,1686501658.0,-0.01924963556627369,False,000001,平安银行
2024-10-31,1570.12,1585.36,1557.65,1577.05,125020539.0,1419624319.0,0.005289638436030564,False,000001,平安银行
2024-11-01,1577.05,1600.61,1571.51,1583.98,158981111.0,1821423447.0,0.00438465380116167,False,000001,平安银行
2024-11-04,1583.98,1588.14,1560.42,1588.14,113151611.0,1285874126.0,0.0026228530981451414,False,000001,平安银行
2024-11-05,1582.59,1615.85,1578.44,1614.47,166541840.0,1925260700.0,0.016443209291299846,False,000001,平安银行
2024-11-06,1610.31,1613.08,1589.52,1600.61,146228636.0,1689977501.0,-0.008621922850920167,False,000001,平安银行
2024-11-07,1593.68,1653.27,1590.91,1650.5,224284379.0,2627007561.0,0.030693465722689866,False,000001,平安银行
2024-11-08,1654.65,1664.36,1621.4,1624.17,189510415.0,2239060534.0,-0.016081356247216995,False,000001,平安银行
2024-11-11,1611.69,1618.62,1589.52,1607.54,148695164.0,1717961562.0,-0.010291855884588431,False,000001,平安银行
2024-11-12,1604.77,1640.8,1595.07,1599.22,171766255.0,2005791408.0,-0.0051890498003279205,False,000001,平安银行
2024-11-13,1593.68,1621.4,1590.91,1608.92,108626328.0,1260161857.0,0.006047136071990633,False,000001,平安银行
2024-11-14,1606.15,1621.4,1597.84,1599.22,115978311.0,1348378229.0,-0.006047136071990534,False,000001,平安银行
2024-11-15,1593.68,1608.92,1582.59,1585.36,121578351.0,1399308729.0,-0.008704499502156954,False,000001,平安银行
2024-11-18,1611.69,1668.51,1610.31,1628.32,379732445.0,4493249093.0,0.026737297584663946,False,000001,平安银行
2024-11-19,1628.32,1657.43,1600.61,1618.62,243003665.0,2849661696.0,-0.0059748741010132046,False,000001,平安银行
2024-11-20,1617.24,1628.32,1608.92,1613.08,128657248.0,1498818034.0,-0.003428539423112468,False,000001,平安银行
2024-11-21,1610.31,1614.47,1601.99,1606.15,88340806.0,1023998432.0,-0.004305384023339775,False,000001,平安银行
2024-11-22,1606.15,1608.92,1563.19,1563.19,162531744.0,1858071592.0,-0.027111405762183207,False,000001,平安银行
2024-11-25,1563.19,1571.51,1543.79,1549.33,116602032.0,1310130629.0,-0.00890602573564443,False,000001,平安银行
2024-11-26,1549.33,1567.35,1543.79,1561.81,83107820.0,933733855.0,0.008022825678233224,False,000001,平安银行
2024-11-27,1557.65,1578.44,1545.18,1578.44,89517805.0,1010001964.0,0.01059161242933926,False,000001,平安银行
2024-11-28,1578.44,1582.59,1568.73,1571.51,73316854.0,833121339.0,-0.004400076941403844,False,000001,平安银行
2024-11-29,1575.66,1588.14,1571.51,1577.05,102848758.0,1173316154.0,0.003519072666374295,False,000001,平安银行
2024-12-02,1578.44,1579.82,1567.35,1578.44,97543366.0,1108785597.0,0.0008810042750295069,False,000001,平安银行
2024-12-03,1575.66,1593.68,1572.89,1592.29,108255936.0,1236992678.0,0.008736214113182953,False,000001,平安银行
2024-12-04,1585.36,1597.84,1575.66,1588.14,100747059.0,1154623370.0,-0.0026097114889056636,False,000001,平安银行
2024-12-05,1585.36,1593.68,1581.21,1585.36,68710883.0,786137964.0,-0.0017520092712206637,False,000001,平安银行
2024-12-06,1585.36,1621.4,1583.98,1615.85,172626927.0,2004270466.0,0.019049623131696843,False,000001,平安银行
2024-12-09,1611.69,1624.17,1606.15,1617.24,96406316.0,1123441855.0,0.0008598585784139512,False,000001,平安银行
2024-12-10,1649.11,1656.04,1628.32,1633.87,216780724.0,2564600677.0,0.010230441322340753,False,000001,平安银行
2024-12-11,1633.87,1639.41,1624.17,1625.55,96769145.0,1138374175.0,-0.005105213854295162,False,000001,平安银行
2024-12-12,1625.55,1644.95,1622.78,1642.18,98623459.0,1164062448.0,0.01017840737885527,False,000001,平安银行
2024-12-13,1633.87,1635.25,1601.99,1601.99,134379289.0,1565589089.0,-0.024778021004400616,False,000001,平安银行
2024-12-16,1601.99,1615.85,1597.84,1603.38,80571778.0,934226189.0,0.0008672946256624962,False,000001,平安银行
2024-12-17,1603.38,1614.47,1596.45,1597.84,80211995.0,929225455.0,-0.0034611838803147972,False,000001,平安银行
2024-12-18,1604.77,1626.94,1603.38,1614.47,101658966.0,1186285805.0,0.010354012264561568,False,000001,平安银行
2024-12-19,1606.15,1613.08,1599.22,1606.15,69737904.0,808465664.0,-0.0051667185253221155,False,000001,平安银行
2024-12-20,1606.15,1621.4,1604.77,1610.31,71464627.0,831437460.0,0.002586696131489354,False,000001,平安银行
2024-12-23,1613.08,1640.8,1613.08,1625.55,165940476.0,1953519499.0,0.00941951300946861,False,000001,平安银行
2024-12-24,1624.17,1644.95,1624.17,1643.57,135083691.0,1595698790.0,0.01102448518935132,False,000001,平安银行
2024-12-25,1643.57,1665.74,1640.8,1651.88,147528294.0,1759956630.0,0.005043327990920271,False,000001,平安银行
2024-12-26,1651.88,1653.27,1632.48,1643.57,100007470.0,1183745519.0,-0.005043327990920293,False,000001,平安银行
2024-12-27,1644.95,1649.11,1615.85,1639.41,129001228.0,1518383345.0,-0.0025342842335315495,False,000001,平安银行
2024-12-30,1632.48,1658.81,1632.48,1656.04,135184636.0,1610892096.0,0.010092789249925847,False,000001,平安银行
2024-12-31,1653.27,1661.58,1621.4,1621.4,147536733.0,1747242074.0,-0.02113923668925277,False,000001,平安银行
2025-01-02,1625.55,1631.1,1578.44,1583.98,181959699.0,2102923078.0,-0.02334930652157387,False,000001,平安银行
2025-01-03,1585.36,1599.22,1574.28,1577.05,115468044.0,1320520978.0,-0.0043846538011617755,False,000001,平安银行
2025-01-06,1577.05,1590.91,1554.88,1585.36,108553630.0,1234305778.0,0.005255497628086252,False,000001,平安银行
2025-01-07,1582.59,1597.84,1575.66,1595.07,74786288.0,858329049.0,0.006106111544310232,False,000001,平安银行
2025-01-08,1593.68,1611.69,1579.82,1593.68,106238601.0,1223598997.0,-0.0008718150297391586,False,000001,平安银行
2025-01-09,1593.68,1593.68,1572.89,1579.82,75148330.0,857836086.0,-0.008734890892986584,False,000001,平安银行
2025-01-10,1579.82,1588.14,1563.19,1565.96,79813351.0,905005041.0,-0.008811862040179516,False,000001,平安银行
2025-01-13,1559.03,1560.42,1535.48,1552.11,93496618.0,1044904416.0,-0.00888375892014421,False,000001,平安银行
2025-01-14,1552.11,1579.82,1550.72,1577.05,82462895.0,934467766.0,0.01594071771065298,False,000001,平安银行
2025-01-15,1577.05,1604.77,1574.28,1590.91,103163082.0,1185403653.0,0.008750166310771936,False,000001,平安银行
2025-01-16,1600.61,1606.15,1589.52,1603.38,87296399.0,1007689274.0,0.007807721495588022,False,000001,平安银行
2025-01-17,1597.84,1600.61,1582.59,1586.75,68976486.0,791230419.0,-0.010426001850651533,False,000001,平安银行
2025-01-20,1593.68,1596.45,1579.82,1582.59,83202913.0,953092179.0,-0.002625153747486665,False,000001,平安银行
2025-01-21,1586.75,1586.75,1568.73,1570.12,90206894.0,1024879174.0,-0.007910695896582196,False,000001,平安银行
2025-01-22,1568.73,1570.12,1535.48,1536.86,134712922.0,1504818607.0,-0.021410675684750465,False,000001,平安银行
2025-01-23,1547.95,1579.82,1547.95,1568.73,151492027.0,1715172472.0,0.020525000937080623,False,000001,平安银行
2025-01-24,1568.73,1578.44,1554.88,1571.51,94494421.0,1069899088.0,0.0017705657696560522,False,000001,平安银行
2025-01-27,1577.05,1600.61,1577.05,1589.52,115193471.0,1324270607.0,0.01139514328033689,False,000001,平安银行
2025-02-05,1593.68,1596.45,1570.12,1575.66,84343370.0,961193579.0,-0.008757851741985357,False,000001,平安银行
2025-02-06,1572.89,1586.75,1565.96,1574.28,95560325.0,1084793176.0,-0.0008762072219090238,False,000001,平安银行
2025-02-07,1574.28,1586.75,1567.35,1577.05,140749262.0,1601621980.0,0.0017579883499320465,False,000001,平安银行
2025-02-10,1577.05,1593.68,1574.28,1583.98,102659093.0,1174044624.0,0.00438465380116167,False,000001,平安银行
2025-02-11,1579.82,1589.52,1575.66,1582.59,84452003.0,963865615.0,-0.0008779215929401324,False,000001,平安银行
2025-02-12,1581.21,1583.98,1571.51,1582.59,98880683.0,1125323633.0,0.0,False,000001,平安银行
2025-02-13,1582.59,1600.61,1579.82,1593.68,135863927.0,1560709511.0,0.006983061934435642,False,000001,平安银行
2025-02-14,1592.29,1600.61,1583.98,1600.61,97305774.0,1118355997.0,0.004338999197029185,False,000001,平安银行
2025-02-17,1607.54,1635.25,1600.61,1632.48,206196542.0,2413146067.0,0.01971552435643725,False,000001,平安银行
2025-02-18,1629.71,1657.43,1629.71,1636.64,199661049.0,2371071467.0,0.002545028781702265,False,000001,平安银行
2025-02-19,1635.25,1636.64,1618.62,1622.78,117774895.0,1382467174.0,-0.00850463182996987,False,000001,平安银行
2025-02-20,1622.78,1629.71,1614.47,1615.85,78439627.0,917231443.0,-0.004279593888073253,False,000001,平安银行
2025-02-21,1620.01,1622.78,1600.61,1613.08,97396897.0,1131033824.0,-0.0017157390711586074,False,000001,平安银行
2025-02-24,1611.69,1620.01,1601.99,1606.15,94995617.0,1103548964.0,-0.004305384023339775,False,000001,平安银行
2025-02-25,1601.99,1604.77,1588.14,1589.52,91715602.0,1055685157.0,-0.010407927051322137,False,000001,平安银行
2025-02-26,1589.52,1607.54,1589.52,1596.45,84164552.0,970641211.0,0.004350330310329302,False,000001,平安银行
2025-02-27,1597.84,1611.69,1588.14,1610.31,97730975.0,1130386662.0,0.008644292872482341,False,000001,平安银行
2025-02-28,1604.77,1618.62,1593.68,1597.84,94908806.0,1100335054.0,-0.007773989870729016,False,000001,平安银行
2025-03-03,1596.45,1601.99,1586.75,1595.07,83045695.0,955266366.0,-0.0017350947536486352,False,000001,平安银行
2025-03-04,1589.52,1600.61,1585.36,1595.07,68317873.0,785447989.0,0.0,False,000001,平安银行
2025-03-05,1596.45,1617.24,1590.91,1615.85,108064544.0,1254892074.0,0.012943511587386592,False,000001,平安银行
2025-03-06,1620.01,1621.4,1607.54,1611.69,87740771.0,1021780609.0,-0.0025778161098835334,False,000001,平安银行
2025-03-07,1611.69,1620.01,1607.54,1617.24,83553669.0,973236690.0,0.0034376746882975786,False,000001,平安银行
2025-03-10,1615.85,1617.24,1600.61,1606.15,66383393.0,769261385.0,-0.00688098167291232,False,000001,平安银行
2025-03-11,1599.22,1608.92,1596.45,1608.92,60897527.0,704240464.0,0.0017231355369489924,False,000001,平安银行
2025-03-12,1607.54,1644.95,1601.99,1642.18,187731840.0,2210904482.0,0.02046148098286424,False,000001,平安银行
2025-03-13,1636.64,1650.5,1632.48,1640.8,131237121.0,1555123174.0,-0.0008406996577982956,False,000001,平安银行
2025-03-14,1638.03,1662.97,1638.03,1658.81,172241765.0,2057970454.0,0.010916550050188732,False,000001,平安银行
2025-03-17,1611.69,1617.24,1588.14,1593.68,460361210.0,5315522817.0,-0.040054670434830957,False,000001,平安银行
2025-03-18,1596.45,1599.22,1590.91,1592.29,160529000.0,1846500421.0,-0.0008725757544447727,False,000001,平安银行
2025-03-19,1590.91,1597.84,1588.14,1596.45,136245491.0,1566452161.0,0.0026091825360792147,False,000001,平安银行
2025-03-20,1595.07,1608.92,1592.29,1592.29,110115724.0,1268849140.0,-0.0026091825360792854,False,000001,平安银行
2025-03-21,1592.29,1596.45,1578.44,1582.59,137638897.0,1576151833.0,-0.0061104861799908166,False,000001,平安银行
2025-03-24,1581.21,1585.36,1571.51,1577.05,116457734.0,1325564002.0,-0.00350673220822164,False,000001,平安银行
2025-03-25,1577.05,1583.98,1574.28,1583.98,73560888.0,839142044.0,0.00438465380116167,False,000001,平安银行
2025-03-26,1582.59,1583.98,1575.66,1577.05,74086307.0,843536936.0,-0.0043846538011617755,False,000001,平安银行
2025-03-27,1575.66,1581.21,1572.89,1578.44,55334940.0,629863383.0,0.0008810042750295069,False,000001,平安银行
2025-03-28,1578.44,1579.82,1571.51,1572.89,64494555.0,732420874.0,-0.0035223259627742277,False,000001,平安银行
2025-03-31,1574.28,1577.05,1560.42,1560.42,111612564.0,1262598263.0,-0.007959675766412695,False,000001,平安银行
2025-04-01,1561.81,1565.96,1554.88,1561.81,68147042.0,767424131.0,0.0008903892998477276,False,000001,平安银行
2025-04-02,1559.03,1581.21,1559.03,1575.66,93264176.0,1058747241.0,0.008828827026286751,False,000001,平安银行
2025-04-03,1567.35,1578.44,1565.96,1571.51,64391391.0,730375808.0,-0.0026372915383514398,False,000001,平安银行
2025-04-07,1524.39,1531.32,1452.33,1482.81,254556048.0,2751055412.0,-0.05809800431281847,False,000001,平安银行
2025-04-08,1480.04,1503.6,1477.27,1499.44,146398771.0,1576590040.0,0.011152768799051204,False,000001,平安银行
2025-04-09,1486.97,1500.83,1477.27,1496.67,106439405.0,1145238958.0,-0.001849064813527249,False,000001,平安银行
2025-04-10,1504.99,1514.69,1499.44,1510.53,86654805.0,943352302.0,0.00921794236548534,False,000001,平安银行
2025-04-11,1506.37,1510.53,1500.83,1509.14,58387902.0,634311780.0,-0.0009206304650346906,False,000001,平安银行
2025-04-14,1517.46,1529.93,1513.3,1514.69,78599345.0,862557144.0,0.0036708454061473296,False,000001,平安银行
2025-04-15,1513.3,1520.23,1510.53,1517.46,72275410.0,790139077.0,0.0018270868991168447,False,000001,平安银行
2025-04-16,1514.69,1525.77,1511.92,1524.39,84282217.0,923316063.0,0.004556445577255072,False,000001,平安银行
2025-04-17,1517.46,1535.48,1514.69,1532.7,82391931.0,907597513.0,0.005436555984689735,False,000001,平安银行
2025-04-18,1529.93,1550.72,1528.55,1549.33,72709815.0,810031605.0,0.010791693393466192,False,000001,平安银行
2025-04-21,1524.39,1542.4,1520.23,1527.16,111418418.0,1230804536.0,-0.014412778053214842,False,000001,平安银行
2025-04-22,1527.16,1532.7,1521.62,1529.93,83112887.0,915967678.0,0.001812181360742965,False,000001,平安银行
2025-04-23,1529.93,1531.32,1520.23,1525.77,58638293.0,645842400.0,-0.0027227820597752733,False,000001,平安银行
2025-04-24,1524.39,1532.7,1523.0,1528.55,68925613.0,760348555.0,0.001820372958751562,False,000001,平安银行
2025-04-25,1529.93,1531.32,1523.0,1525.77,63754686.0,702315255.0,-0.0018203729587516525,False,000001,平安银行
2025-04-28,1524.39,1529.93,1518.85,1524.39,64201837.0,706520176.0,-0.0009048706259087371,False,000001,平安银行
2025-04-29,1524.39,1527.16,1517.46,1521.62,64904494.0,712792543.0,-0.0018187732565435964,False,000001,平安银行
2025-04-30,1518.85,1520.23,1509.14,1511.92,86983492.0,949911030.0,-0.0063951904768467255,False,000001,平安银行
2025-05-06,1513.3,1524.39,1509.14,1518.85,85467127.0,935212114.0,0.004573103255879435,False,000001,平安银行
2025-05-07,1525.77,1529.93,1520.23,1528.55,112627001.0,1240098147.0,0.0063661040621709585,False,000001,平安银行
2025-05-08,1524.39,1535.48,1523.0,1535.48,105661366.0,1167913498.0,0.004523462117951372,False,000001,平安银行
2025-05-09,1534.09,1547.95,1532.7,1545.18,99989747.0,1113688153.0,0.0062973726772672795,False,000001,平安银行
2025-05-12,1546.56,1554.88,1542.4,1546.56,89560460.0,1000478411.0,0.0008927012566677767,False,000001,平安银行
2025-05-13,1550.72,1570.12,1545.18,1564.58,126103062.0,1420501315.0,0.011584307692670057,False,000001,平安银行
2025-05-14,1564.58,1589.52,1559.03,1583.98,168351358.0,1912995433.0,0.012323249682643743,False,000001,平安银行
2025-05-15,1583.98,1593.68,1577.05,1578.44,103546026.0,1183732832.0,-0.0035036495261323566,False,000001,平安银行
2025-05-16,1575.66,1583.98,1567.35,1577.05,91474445.0,1039223623.0,-0.0008810042750293692,False,000001,平安银行
2025-05-19,1579.82,1589.52,1574.28,1575.66,83139060.0,949883545.0,-0.0008817811280230052,False,000001,平安银行
2025-05-20,1579.82,1589.52,1575.66,1578.44,64363480.0,734455266.0,0.0017627854030524558,False,000001,平安银行
2025-05-21,1579.82,1606.15,1578.44,1590.91,132827810.0,1528350368.0,0.007869162035742517,False,000001,平安银行
2025-05-22,1586.75,1601.99,1585.36,1600.61,100296806.0,1155265064.0,0.00607862702891469,False,000001,平安银行
2025-05-23,1600.61,1607.54,1583.98,1588.14,96264311.0,1108636101.0,-0.007821286440379643,False,000001,平安银行
2025-05-26,1585.36,1593.68,1579.82,1582.59,69915858.0,800495685.0,-0.003500774691085255,False,000001,平安银行
2025-05-27,1586.75,1599.22,1582.59,1592.29,80191514.0,921912281.0,0.006110486179990962,False,000001,平安银行
2025-05-28,1593.68,1600.61,1585.36,1597.84,65817947.0,757571319.0,0.0034794855378326084,False,000001,平安银行
2025-05-29,1596.45,1600.61,1586.75,1588.14,91980676.0,1056726384.0,-0.006089197026738161,False,000001,平安银行
2025-05-30,1589.52,1604.77,1585.36,1601.99,113084931.0,1303433716.0,0.008683086281390409,False,000001,平安银行
2025-06-03,1599.22,1650.5,1597.84,1636.64,219247966.0,2580962601.0,0.021398753297128745,False,000001,平安银行
2025-06-04,1638.03,1646.34,1632.48,1640.8,116795950.0,1383019682.0,0.0025385680494735543,False,000001,平安银行
2025-06-05,1646.34,1650.5,1615.85,1617.24,116680349.0,1369212336.0,-0.014462935189102613,False,000001,平安银行
2025-06-06,1621.4,1633.87,1618.62,1621.4,68235251.0,799900024.0,0.0025689809845386097,False,000001,平安银行
2025-06-09,1625.55,1628.32,1614.47,1622.78,77325468.0,905092605.0,0.0008507543251205875,False,000001,平安银行
2025-06-10,1624.17,1647.73,1622.78,1636.64,142813180.0,1689018780.0,0.00850463182996984,False,000001,平安银行
2025-06-11,1638.03,1653.27,1633.87,1642.18,109466664.0,1298656315.0,0.003379267707271791,False,000001,平安银行
2025-06-12,1652.47,1672.49,1646.76,1669.63,129022047.0,1500287176.0,0.01657741756125151,False,000001,平安银行
2025-06-13,1669.63,1678.21,1652.47,1655.33,109549419.0,1272773101.0,-0.00860166027235904,False,000001,平安银行
2025-06-16,1653.9,1685.35,1648.19,1685.35,117443827.0,1371041708.0,0.017972872645330203,False,000001,平安银行
2025-06-17,1685.35,1698.22,1673.92,1681.06,89002734.0,1048960749.0,-0.0025487105387003166,False,000001,平安银行
2025-06-18,1683.92,1688.21,1666.77,1682.49,68352111.0,802908098.0,0.0008502921533245017,False,000001,平安银行
2025-06-19,1681.06,1683.92,1665.34,1672.49,83224716.0,974127331.0,-0.005961305053550643,False,000001,平安银行
2025-06-20,1672.49,1695.36,1668.2,1692.5,130919782.0,1544541881.0,0.011893191875164863,False,000001,平安银行
2025-06-23,1688.21,1711.08,1668.2,1705.37,138917048.0,1646476917.0,0.00757537018583773,False,000001,平安银行
2025-06-24,1701.08,1716.8,1692.5,1705.37,130852531.0,1560621893.0,0.0,False,000001,平安银行
2025-06-25,1705.37,1726.81,1691.07,1723.95,167511647.0,2007989727.0,0.010836073510609529,False,000001,平安银行
2025-06-26,1722.52,1783.99,1716.8,1773.98,217457766.0,2672207529.0,0.02860744036593697,False,000001,平安银行
2025-06-27,1768.26,1798.28,1733.95,1743.96,237760015.0,2937865058.0,-0.01706722042273491,False,000001,平安银行
2025-06-30,1735.38,1739.67,1709.65,1725.38,150481965.0,1812492377.0,-0.010711073365794088,False,000001,平安银行
2025-07-01,1723.95,1762.54,1723.95,1758.26,135434108.0,1653806750.0,0.018877367585008586,False,000001,平安银行
2025-07-02,1759.69,1773.98,1748.25,1761.12,120041184.0,1481842213.0,0.0016252866297875662,False,000001,平安银行
2025-07-03,1762.54,1775.41,1755.4,1765.4,79408597.0,980546007.0,0.002427323311051103,False,000001,平安银行
2025-07-04,1765.4,1818.29,1758.26,1801.14,177533267.0,2224874056.0,0.020042504160540087,False,000001,平安银行
2025-07-07,1801.14,1832.59,1801.14,1826.87,149540653.0,1901755851.0,0.014184322200962987,False,000001,平安银行
2025-07-08,1822.58,1835.45,1808.29,1814.01,109098597.0,1387093602.0,-0.00706425560858639,False,000001,平安银行
2025-07-09,1809.72,1844.02,1809.72,1835.45,120596330.0,1542699035.0,0.011749818692895148,False,000001,平安银行
2025-07-10,1832.59,1905.49,1828.3,1884.05,248141553.0,3249454029.0,0.0261340320303351,False,000001,平安银行
2025-07-11,1885.48,1901.2,1842.6,1845.45,244374350.0,3200219566.0,-0.02070056488799194,False,000001,平安银行
2025-07-14,1839.74,1882.62,1838.31,1855.46,187289585.0,2440924105.0,0.005409493562334983,False,000001,平安银行
2025-07-15,1856.89,1864.04,1816.86,1819.72,181053131.0,2322277285.0,-0.01945000065516125,False,000001,平安银行
2025-07-16,1819.72,1824.01,1786.85,1806.86,192786379.0,2424983973.0,-0.0070921109710447095,False,000001,平安银行
2025-07-17,1802.57,1815.44,1792.56,1799.71,94464140.0,1189666227.0,-0.003964991317060907,False,000001,平安银行
2025-07-18,1804.0,1822.58,1801.14,1815.44,124120611.0,1574176824.0,0.00870232176801109,False,000001,平安银行
2025-07-21,1806.86,1816.86,1793.99,1802.57,107902662.0,1360155719.0,-0.0071144382048637005,False,000001,平安银行
2025-07-22,1801.14,1801.14,1761.12,1785.42,193522916.0,2408337286.0,-0.009559742702436131,False,000001,平安银行
2025-07-23,1781.13,1805.43,1779.7,1791.13,137052000.0,1719158803.0,0.00319302392043245,False,000001,平安银行
2025-07-24,1791.13,1791.13,1762.54,1765.4,195935057.0,2426175236.0,-0.014469411988366973,False,000001,平安银行
2025-07-25,1762.54,1781.13,1761.12,1765.4,110826666.0,1372103731.0,0.0,False,000001,平安银行
2025-07-28,1765.4,1791.13,1761.12,1781.13,123824278.0,1541317047.0,0.008870700740421504,False,000001,平安银行
2025-07-29,1781.13,1788.28,1763.97,1763.97,101281801.0,1255113972.0,-0.009681043707155869,False,000001,平安银行
2025-07-30,1765.4,1806.86,1763.97,1785.42,171516360.0,2149934405.0,0.012086731034668957,False,000001,平安银行
2025-07-31,1788.28,1793.99,1746.82,1748.25,169008125.0,2079630602.0,-0.02103839407009089,False,000001,平安银行
2025-08-01,1749.68,1762.54,1736.81,1755.4,101218698.0,1240239180.0,0.004081463574041018,False,000001,平安银行
2025-08-04,1749.68,1769.69,1745.39,1758.26,103268969.0,1271376407.0,0.0016279324872766053,False,000001,平安银行
2025-08-05,1758.26,1786.85,1755.4,1782.56,113207820.0,1405152349.0,0.01372584966571229,False,000001,平安银行
2025-08-06,1782.56,1789.7,1772.55,1781.13,69044765.0,859684675.0,-0.0008025389844522336,False,000001,平安银行
2025-08-07,1778.27,1791.13,1771.12,1782.56,72205305.0,900760013.0,0.0008025389844523473,False,000001,平安银行
2025-08-08,1783.99,1791.13,1771.12,1772.55,82979591.0,1032586759.0,-0.0056313455578721715,False,000001,平安银行
2025-08-11,1772.55,1775.41,1753.97,1758.26,93435315.0,1150305113.0,-0.008094504107840269,False,000001,平安银行
2025-08-12,1758.26,1772.55,1758.26,1762.54,68005619.0,839635630.0,0.0024312668190623046,False,000001,平安银行
2025-08-13,1768.26,1772.55,1748.25,1752.54,111981305.0,1376777909.0,-0.0056897862797102555,False,000001,平安银行
2025-08-14,1753.97,1763.97,1742.53,1743.96,124104129.0,1523447932.0,-0.0049077747585665,False,000001,平安银行
2025-08-15,1748.25,1748.25,1706.79,1726.81,194850295.0,2344073499.0,-0.009882613702919566,False,000001,平安银行
2025-08-18,1723.95,1736.81,1719.66,1726.81,123905837.0,1496527039.0,0.0,False,000001,平安银行
2025-08-19,1729.67,1732.53,1718.23,1723.95,89285989.0,1077380173.0,-0.001657606240282398,False,000001,平安银行
2025-08-20,1723.95,1732.53,1712.51,1725.38,104873853.0,1265435773.0,0.0008291465774079521,False,000001,平安银行
2025-08-21,1722.52,1742.53,1719.66,1736.81,121741825.0,1477053292.0,0.0066027812025597635,False,000001,平安银行
2025-08-22,1736.81,1739.67,1712.51,1723.95,164425977.0,1979461311.0,-0.007431927779967603,False,000001,平安银行
2025-08-25,1732.53,1791.13,1729.67,1779.7,304508753.0,3761289076.0,0.031826641273062624,False,000001,平安银行
2025-08-26,1779.7,1786.85,1758.26,1766.83,138359861.0,1709560923.0,-0.007257830327147364,False,000001,平安银行
2025-08-27,1761.12,1766.83,1722.52,1723.95,186004950.0,2268070721.0,-0.02456881094591519,False,000001,平安银行
2025-08-28,1728.24,1735.38,1711.08,1726.81,165358793.0,1991723374.0,0.0016576062402823685,False,000001,平安银行
2025-08-29,1722.52,1746.82,1719.66,1722.52,180512568.0,2186232853.0,-0.0024874408722747477,False,000001,平安银行
2025-09-01,1722.52,1722.52,1693.93,1699.65,185845902.0,2214306332.0,-0.01336598735619976,False,000001,平安银行
2025-09-02,1693.93,1713.94,1692.5,1712.51,149271566.0,1780010209.0,0.007537783040704213,False,000001,平安银行
2025-09-03,1712.51,1716.8,1678.21,1679.63,136723249.0,1619322977.0,-0.01938659948929358,False,000001,平安银行
2025-09-04,1681.06,1682.49,1658.19,1678.21,129530002.0,1513956779.0,-0.0008457818625363441,False,000001,平安银行
2025-09-05,1676.78,1678.21,1662.48,1675.35,81966156.0,957547463.0,-0.0017056505286142665,False,000001,平安银行
2025-09-08,1673.92,1683.92,1668.2,1672.49,92443104.0,1083054608.0,-0.0017085647436800614,False,000001,平安银行
2025-09-09,1673.92,1683.92,1669.63,1679.63,86053917.0,1009279729.0,0.00425999713483065,False,000001,平安银行
2025-09-10,1678.21,1685.35,1673.92,1682.49,79266839.0,932170201.0,0.0017013079187201048,False,000001,平安银行
2025-09-11,1682.49,1693.93,1673.92,1693.93,96393163.0,1134234367.0,0.006776434079343941,False,000001,平安银行
2025-09-12,1691.07,1698.22,1672.49,1675.35,94038510.0,1107449057.0,-0.011029174389214549,False,000001,平安银行
2025-09-15,1672.49,1675.35,1662.48,1665.34,84038656.0,980347617.0,-0.005992791883037449,False,000001,平安银行
2025-09-16,1666.77,1673.92,1659.62,1663.91,70804849.0,825169464.0,-0.000859052391944967,False,000001,平安银行
2025-09-17,1663.91,1668.2,1655.33,1663.91,77112893.0,896750270.0,0.0,False,000001,平安银行
2025-09-18,1665.34,1666.77,1626.74,1631.03,138616040.0,1594827200.0,-0.019958537304565763,False,000001,平安银行
2025-09-19,1631.03,1645.33,1625.31,1636.75,83465123.0,955004097.0,0.0035008512458036835,False,000001,平安银行
2025-09-22,1635.32,1639.61,1625.31,1626.74,59640232.0,680158439.0,-0.0061345561910658335,False,000001,平安银行
2025-09-23,1625.31,1655.33,1618.17,1646.76,134143022.0,1543271185.0,0.012231708939407232,False,000001,平安银行
2025-09-24,1645.33,1661.05,1633.89,1638.18,113958347.0,1310214181.0,-0.0052238515841130295,False,000001,平安银行
2025-09-25,1633.89,1639.61,1623.89,1629.6,77327594.0,881943148.0,-0.005251283572833069,False,000001,平安银行
2025-09-26,1628.17,1635.32,1618.17,1629.6,75323875.0,856917688.0,0.0,False,000001,平安银行
2025-09-29,1629.6,1641.04,1611.02,1625.31,117601243.0,1334456974.0,-0.002636019112124783,False,000001,平安银行
2025-09-30,1625.31,1625.31,1613.88,1621.03,83247947.0,942224081.0,-0.002636817141663095,False,000001,平安银行
2025-10-09,1619.6,1631.03,1611.02,1629.6,104746906.0,1187061683.0,0.005272836253787947,False,000001,平安银行
2025-10-10,1625.31,1642.47,1623.89,1633.89,108794775.0,1244213513.0,0.0026290887798513887,False,000001,平安银行
2025-10-13,1618.17,1638.18,1612.45,1629.6,116880173.0,1328180364.0,-0.0026290887798513444,False,000001,平安银行
2025-10-14,1628.17,1658.19,1623.89,1653.9,184342836.0,2124120304.0,0.014801549351151697,False,000001,平安银行
2025-10-15,1654.78,1666.45,1643.11,1663.54,127106103.0,1443458105.0,0.005811726592495771,False,000001,平安银行
2025-10-16,1660.62,1685.42,1657.7,1683.96,126193687.0,1447841585.0,0.012200300694801273,False,000001,平安银行
2025-10-17,1678.13,1689.8,1660.62,1663.54,103966632.0,1193518555.0,-0.012200300694801247,False,000001,平安银行
2025-10-20,1664.99,1670.83,1644.57,1666.45,95264110.0,1081829700.0,0.0017477534411518762,False,000001,平安银行
2025-10-21,1663.54,1673.75,1662.08,1667.91,76116462.0,869658080.0,0.0008757303310420291,False,000001,平安银行
2025-10-22,1663.54,1683.96,1663.54,1681.05,83370319.0,957661636.0,0.007847252537709225,False,000001,平安银行
2025-10-23,1681.05,1708.77,1678.13,1697.1,137311158.0,1593155218.0,0.00950231385107302,False,000001,平安银行
2025-10-24,1692.72,1704.39,1685.42,1686.88,98047530.0,1138026681.0,-0.006040243188580062,False,000001,平安银行
2025-10-27,1683.96,1694.18,1669.37,1681.05,123948526.0,1428199707.0,-0.003462070662492934,False,000001,平安银行
2025-10-28,1682.51,1689.8,1666.45,1673.75,82156818.0,943626835.0,-0.004351980160764356,False,000001,平安银行
2025-10-29,1672.29,1672.29,1657.7,1662.08,96621364.0,1100783363.0,-0.006996787971053391,False,000001,平安银行
2025-10-30,1660.62,1673.75,1657.7,1660.62,94377015.0,1077182643.0,-0.0008788034393491051,False,000001,平安银行
2025-10-31,1660.62,1663.54,1648.94,1651.86,97019293.0,1099179193.0,-0.005289100867893399,False,000001,平安银行
2025-11-03,1654.78,1669.37,1648.94,1667.91,95232643.0,1084422504.0,0.009669419901350864,False,000001,平安银行
2025-11-04,1666.45,1698.56,1663.54,1691.26,150300748.0,1737289514.0,0.013902467625480449,False,000001,平安银行
2025-11-05,1691.26,1692.72,1678.13,1681.05,79492605.0,918112474.0,-0.006055215087771248,False,000001,平安银行
2025-11-06,1678.13,1689.8,1673.75,1679.59,76658546.0,882799462.0,-0.0008688821723558507,False,000001,平安银行
2025-11-07,1681.05,1689.8,1678.13,1685.42,73485055.0,848177984.0,0.003465074893254753,False,000001,平安银行
2025-11-10,1681.05,1698.56,1670.83,1697.1,82720833.0,957555601.0,0.00690612113017413,False,000001,平安银行
2025-11-11,1695.64,1705.85,1688.34,1702.93,88650887.0,1033284776.0,0.0034293848664451224,False,000001,平安银行
2025-11-12,1707.31,1720.45,1700.02,1704.39,114132538.0,1337963805.0,0.000856978557548757,False,000001,平安银行
2025-11-13,1704.39,1710.23,1688.34,1707.31,97899103.0,1139765204.0,0.0017117570202502012,False,000001,平安银行
2025-11-14,1702.93,1727.74,1701.48,1714.61,131699498.0,1551867288.0,0.004266617030269107,False,000001,平安银行
2025-11-17,1714.61,1714.61,1695.64,1702.93,99523287.0,1161416222.0,-0.006835352608068067,False,000001,平安银行
2025-11-18,1700.02,1705.85,1688.34,1691.26,67007735.0,778887578.0,-0.006876483629746886,False,000001,平安银行
2025-11-19,1689.8,1726.28,1688.34,1721.9,133499619.0,1565428547.0,0.017954519038222292,False,000001,平安银行
2025-11-20,1720.45,1749.63,1713.15,1729.2,163703985.0,1948415940.0,0.004230541501336433,False,000001,平安银行
2025-11-21,1721.9,1733.58,1701.48,1705.85,146535888.0,1721871193.0,-0.013595353578170835,False,000001,平安银行
2025-11-24,1707.31,1711.69,1692.72,1692.72,111711880.0,1302444630.0,-0.0077268176472723455,False,000001,平安银行
2025-11-25,1694.18,1721.9,1689.8,1721.9,102808052.0,1203879797.0,0.01709162972410665,False,000001,平安银行
2025-11-26,1723.36,1729.2,1700.02,1705.85,82130109.0,962935430.0,-0.0093648120768344,False,000001,平安银行
2025-11-27,1701.48,1708.77,1689.8,1708.77,101184710.0,1178308953.0,0.0017102932166829826,False,000001,平安银行
2025-11-28,1702.93,1704.39,1689.8,1694.18,88435845.0,1027933464.0,-0.00857496548591995,False,000001,平安银行
2025-12-01,1692.72,1707.31,1682.51,1705.85,103732271.0,1205480323.0,0.006864672269236916,False,000001,平安银行
2025-12-02,1704.39,1711.69,1691.26,1698.56,76805993.0,894720592.0,-0.004282686951572578,False,000001,平安银行
2025-12-03,1698.56,1707.31,1683.96,1685.42,94460109.0,1099167227.0,-0.007766042376687813,False,000001,平安银行
2025-12-04,1685.42,1689.8,1672.29,1676.67,88608988.0,1019178990.0,-0.005205107391775805,False,000001,平安银行
2025-12-05,1676.67,1683.96,1663.54,1682.51,89076609.0,1022334912.0,0.003477042542354719,False,000001,平安银行
2025-12-08,1676.67,1692.72,1675.21,1681.05,85589893.0,988510035.0,-0.0008681278714775845,False,000001,平安银行
2025-12-09,1681.05,1683.96,1667.91,1667.91,73395745.0,842732358.0,-0.007847252537709229,False,000001,平安银行
2025-12-10,1669.37,1672.29,1647.48,1653.32,104406472.0,1184087688.0,-0.00878595812622132,False,000001,平安银行
2025-12-11,1656.24,1662.08,1648.94,1659.16,92526129.0,1049906216.0,0.003526062678587107,False,000001,平安银行
2025-12-12,1659.16,1667.91,1648.94,1656.24,119189472.0,1357465371.0,-0.0017614772003469669,False,000001,平安银行
2025-12-15,1654.78,1683.96,1653.32,1679.59,94083253.0,1080642231.0,0.013999743013334601,False,000001,平安银行
2025-12-16,1676.67,1685.42,1669.37,1675.21,64735136.0,743389002.0,-0.0026111854588502046,False,000001,平安银行
2025-12-17,1673.75,1689.8,1666.45,1682.51,70149533.0,807135164.0,0.00434819550268359,False,000001,平安银行
2025-12-18,1679.59,1700.02,1675.21,1698.56,79046654.0,916247611.0,0.00949410722610898,False,000001,平安银行
2025-12-19,1697.1,1700.02,1689.8,1695.64,64988619.0,755106127.0,-0.0017205825940516028,False,000001,平安银行
2025-12-22,1694.18,1694.18,1679.59,1681.05,74236916.0,857197057.0,-0.008641652503535017,False,000001,平安银行
2025-12-23,1681.05,1692.72,1678.13,1686.88,66626574.0,770081940.0,0.0034620706624928278,False,000001,平安银行
2025-12-24,1685.42,1689.8,1676.67,1683.96,50524356.0,582458735.0,-0.0017325062775949403,False,000001,平安银行
2025-12-25,1683.96,1695.64,1681.05,1686.88,54745523.0,633772625.0,0.0017325062775950153,False,000001,平安银行
2025-12-26,1686.88,1691.26,1682.51,1683.96,43633984.0,504079280.0,-0.0017325062775949403,False,000001,平安银行
2025-12-29,1683.96,1695.64,1678.13,1686.88,64829542.0,749082978.0,0.0017325062775950153,False,000001,平安银行
2025-12-30,1682.51,1686.88,1670.83,1675.21,58258433.0,669409275.0,-0.0069421382936989545,False,000001,平安银行
2025-12-31,1675.21,1676.67,1663.54,1664.99,59062037.0,675457357.0,-0.0061194131444385885,False,000001,平安银行
2026-01-05,1666.45,1679.59,1664.99,1678.13,87549118.0,1003479224.0,0.007860960818117383,False,000001,平安银行
2026-01-06,1678.13,1704.39,1675.21,1702.93,130464842.0,1512911584.0,0.014670218675045275,False,000001,平安银行
2026-01-07,1701.48,1724.82,1695.64,1698.56,96623624.0,1131165699.0,-0.002569463619931434,False,000001,平安银行
2026-01-08,1698.56,1700.02,1676.67,1679.59,110008511.0,1268647295.0,-0.011231117269942487,False,000001,平安银行
2026-01-09,1682.51,1682.51,1669.37,1672.29,98339004.0,1128076547.0,-0.004355771412908117,False,000001,平安银行
2026-01-12,1670.83,1676.67,1666.45,1675.21,85521298.0,979700148.0,0.0017445859540579126,False,000001,平安银行
2026-01-13,1675.21,1683.96,1669.37,1673.75,106154122.0,1219755569.0,-0.0008719125295583045,False,000001,平安银行
2026-01-14,1673.75,1673.75,1656.24,1657.7,127475714.0,1454416591.0,-0.009635518574561864,False,000001,平安银行
2026-01-15,1653.32,1659.16,1648.94,1650.4,88495977.0,1002514947.0,-0.004413416673778188,False,000001,平安银行
2026-01-16,1654.78,1654.78,1628.51,1632.89,111947254.0,1257713579.0,-0.010666231741264062,False,000001,平安银行
2026-01-19,1627.05,1635.81,1621.22,1622.68,80474131.0,896712443.0,-0.006272347683359334,False,000001,平安银行
2026-01-20,1622.68,1634.35,1621.22,1628.51,77227609.0,861694178.0,0.003586382985218605,False,000001,平安银行
2026-01-21,1627.05,1631.43,1613.92,1615.38,90012491.0,1001045288.0,-0.00809526322055271,False,000001,平安银行
2026-01-22,1615.38,1627.05,1612.46,1615.38,78863462.0,873985785.0,0.0,False,000001,平安银行
2026-01-23,1615.38,1618.3,1602.25,1603.71,110999429.0,1224886436.0,-0.007250528021541807,False,000001,平安银行
2026-01-26,1602.25,1613.92,1593.49,1599.33,110624665.0,1214803431.0,-0.002734903547935305,False,000001,平安银行
2026-01-27,1599.33,1609.54,1594.95,1596.41,89409121.0,981119838.0,-0.001827433278435999,False,000001,平安银行
2026-01-28,1596.41,1603.71,1578.9,1581.82,143876603.0,1570012850.0,-0.009181275420294918,False,000001,平安银行
2026-01-29,1581.82,1602.25,1555.55,1599.33,185299383.0,2001845208.0,0.011008708698730869,False,000001,平安银行
2026-01-30,1596.41,1609.54,1580.36,1580.36,109175497.0,1191181198.0,-0.011932122358765618,False,000001,平安银行
2026-02-02,1578.9,1609.54,1575.98,1584.74,122317302.0,1337643445.0,0.002767686831969116,False,000001,平安银行
2026-02-03,1589.11,1590.57,1571.6,1581.82,80662816.0,872562155.0,-0.0018442731719343665,False,000001,平安银行
2026-02-04,1583.28,1602.25,1581.82,1600.79,69541547.0,760107689.0,0.011921174544573443,False,000001,平安银行
2026-02-05,1602.25,1621.22,1599.33,1618.3,117759109.0,1301134142.0,0.010878958149389632,False,000001,平安银行
2026-02-06,1616.84,1625.59,1603.71,1612.46,72770959.0,803862241.0,-0.0036152523621414746,False,000001,平安银行
2026-02-09,1612.46,1621.22,1606.62,1615.38,61971670.0,685218215.0,0.0018092599363862775,False,000001,平安银行
2026-02-10,1615.38,1619.76,1608.08,1613.92,60042999.0,664140162.0,-0.0009042207905593258,False,000001,平安银行
2026-02-11,1613.92,1618.3,1608.08,1615.38,43104098.0,476801864.0,0.0009042207905593404,False,000001,平安银行
2026-02-12,1615.38,1616.84,1594.95,1599.33,68134024.0,748338547.0,-0.009985431569477097,False,000001,平安银行
2026-02-13,1599.33,1603.71,1590.57,1592.03,55504736.0,607501376.0,-0.004574860079723708,False,000001,平安银行
2026-02-24,1594.95,1597.87,1587.65,1592.03,60251240.0,657487700.0,0.0,False,000001,平安银行
2026-02-25,1592.03,1597.87,1573.06,1584.74,106313487.0,1156693737.0,-0.004589575447072713,False,000001,平安银行
2026-02-26,1584.74,1592.03,1575.98,1586.2,71273019.0,772947727.0,0.0009208626484082887,False,000001,平安银行
2026-02-27,1584.74,1593.49,1581.82,1590.57,61222796.0,666177346.0,0.0027512238887057,False,000001,平安银行
2026-03-02,1583.28,1589.11,1571.6,1583.28,83887355.0,908747812.0,-0.004593797955199884,False,000001,平安银行
2026-03-03,1583.28,1597.87,1575.98,1587.65,102869483.0,1119402076.0,0.002756290909370262,False,000001,平安银行
2026-03-04,1581.82,1581.82,1557.01,1562.85,108971396.0,1167995856.0,-0.01574385796579305,False,000001,平安银行
2026-03-05,1564.31,1581.82,1561.39,1577.44,71264118.0,768553598.0,0.00929220230042883,False,000001,平安银行
2026-03-06,1573.06,1581.82,1571.6,1578.9,47657680.0,514733550.0,0.0009251222011117735,False,000001,平安银行
2026-03-09,1574.52,1578.9,1567.23,1570.14,83589238.0,900716851.0,-0.005563614686551106,False,000001,平安银行
2026-03-10,1571.6,1577.44,1565.77,1577.44,79011168.0,850573536.0,0.0046384924854394145,False,000001,平安银行
2026-03-11,1574.52,1590.57,1571.6,1589.11,72053464.0,781041009.0,0.007370831242237502,False,000001,平安银行
2026-03-12,1586.2,1599.33,1583.28,1596.41,75490558.0,824171954.0,0.00458324718020284,False,000001,平安银行
2026-03-13,1594.95,1605.17,1586.2,1594.95,84193915.0,920839356.0,-0.0009149704839665775,False,000001,平安银行
2026-03-16,1594.95,1600.79,1587.65,1593.49,71560301.0,782089441.0,-0.0009158084216999097,False,000001,平安银行
2026-03-17,1592.03,1615.38,1590.57,1609.54,107665681.0,1187565492.0,0.010021844525186722,False,000001,平安银行
2026-03-18,1611.0,1611.0,1592.03,1599.33,79107940.0,867711250.0,-0.006363632341084221,False,000001,平安银行
2026-03-19,1593.49,1600.79,1584.74,1587.65,62421195.0,681086519.0,-0.007329856035512014,False,000001,平安银行
2026-03-20,1586.2,1596.41,1570.14,1571.6,83408256.0,903819004.0,-0.010160726807790784,False,000001,平安银行
2026-03-23,1558.47,1558.47,1521.99,1524.91,158008833.0,1666328348.0,-0.030158816777771113,False,000001,平安银行
2026-03-24,1535.12,1589.11,1535.12,1587.65,162225127.0,1744746708.0,0.040319543585561876,False,000001,平安银行
2026-03-25,1589.11,1597.87,1574.52,1596.41,74477991.0,809739890.0,0.005502422757075994,False,000001,平安银行
2026-03-26,1592.03,1612.46,1590.57,1596.41,82766409.0,909199431.0,0.0,False,000001,平安银行
2026-03-27,1592.03,1612.46,1580.36,1608.08,88412862.0,972821270.0,0.007283562495969133,False,000001,平安银行
2026-03-30,1602.25,1612.46,1596.41,1603.71,63252210.0,696208267.0,-0.002721225669597874,False,000001,平安银行
2026-03-31,1605.17,1631.43,1603.71,1616.84,116456534.0,1294675716.0,0.008153931935444175,False,000001,平安银行
2026-04-01,1618.3,1638.73,1616.84,1627.05,91892539.0,1025538833.0,0.006294932143349274,False,000001,平安银行
2026-04-02,1627.05,1651.86,1624.14,1644.57,114889522.0,1292756712.0,0.010710392698386178,False,000001,平安银行
2026-04-03,1646.02,1646.02,1618.3,1622.68,75775733.0,845283641.0,-0.013399848520303598,False,000001,平安银行
2026-04-07,1622.68,1625.59,1600.79,1609.54,60795521.0,671322755.0,-0.00813067946372714,False,000001,平安银行
2026-04-08,1621.22,1637.27,1612.46,1637.27,81297589.0,906308305.0,0.017081796760297405,False,000001,平安银行
2026-04-09,1629.97,1637.27,1613.92,1619.76,60236493.0,669239285.0,-0.010752230525728258,False,000001,平安银行
2026-04-10,1619.76,1624.14,1615.38,1618.3,48104693.0,534088991.0,-0.0009017745804209835,False,000001,平安银行
2026-04-13,1612.46,1618.3,1609.54,1615.38,40610413.0,449056814.0,-0.0018059924257551544,False,000001,平安银行
2026-04-14,1615.38,1629.97,1615.38,1629.97,49615109.0,551741633.0,0.00899138662637565,False,000001,平安银行
2026-04-15,1628.51,1637.27,1627.05,1635.81,50393793.0,564031568.0,0.003576484775502525,False,000001,平安银行
2026-04-16,1634.35,1638.73,1615.38,1618.3,68091460.0,758006903.0,-0.010761878976123058,False,000001,平安银行
2026-04-17,1618.3,1621.22,1603.71,1606.62,72253042.0,797678406.0,-0.007243622211289819,False,000001,平安银行
2026-04-20,1606.62,1615.38,1599.33,1613.92,63003366.0,695097194.0,0.004533408994975477,False,000001,平安银行
2026-04-21,1611.0,1628.51,1609.54,1616.84,80694634.0,896659539.0,0.0018076247044616284,False,000001,平安银行
2026-04-22,1616.84,1618.3,1597.87,1602.25,83905399.0,923203009.0,-0.009064735626650736,False,000001,平安银行
2026-04-23,1602.25,1609.54,1594.95,1605.17,64806661.0,711757543.0,0.0018207785738736935,False,000001,平安银行
2026-04-24,1602.25,1609.54,1593.49,1605.17,58271012.0,639781173.0,0.0,False,000001,平安银行
2026-04-27,1653.32,1688.34,1647.48,1660.62,340127567.0,3891707615.0,0.03396135663676981,False,000001,平安银行
2026-04-28,1657.7,1672.29,1651.86,1672.29,167425883.0,1908333959.0,0.007002917985902848,False,000001,平安银行
2026-04-29,1667.91,1683.96,1662.08,1681.05,137842344.0,1583294869.0,0.005224653585263972,False,000001,平安银行
2026-04-30,1678.13,1692.72,1672.29,1676.67,113924162.0,1312827776.0,-0.002608914670877083,False,000001,平安银行
2026-05-06,1678.13,1678.13,1648.94,1657.7,121638755.0,1380730921.0,-0.011378584064449216,False,000001,平安银行
2026-05-07,1659.16,1662.08,1648.94,1659.16,93695806.0,1062755239.0,0.0008803507499827852,False,000001,平安银行
2026-05-08,1654.78,1666.45,1648.94,1648.94,79881986.0,905737835.0,-0.006178792971475237,False,000001,平安银行
2026-05-11,1647.48,1650.4,1628.51,1646.02,93186521.0,1047435369.0,-0.0017724043778446852,False,000001,平安银行
2026-05-12,1646.02,1657.7,1635.81,1641.65,102903842.0,1158241866.0,-0.0026584192292022227,False,000001,平安银行
2026-05-13,1641.65,1646.02,1621.22,1625.59,101797392.0,1136724107.0,-0.009831006811842341,False,000001,平安银行
2026-05-14,1625.59,1627.05,1612.46,1612.46,79436841.0,881960631.0,-0.00810986362974025,False,000001,平安银行
2026-05-15,1612.46,1621.22,1599.33,1603.71,97474176.0,1074648533.0,-0.005441268085155497,False,000001,平安银行
2026-05-18,1599.33,1600.79,1578.9,1584.74,85638157.0,931697164.0,-0.011899339074731745,False,000001,平安银行
2026-05-19,1580.36,1593.49,1580.36,1584.74,79352913.0,862561883.0,0.0,False,000001,平安银行
2026-05-20,1584.74,1587.65,1570.14,1571.6,74763214.0,808079589.0,-0.008326147316506357,False,000001,平安银行
2026-05-21,1573.06,1575.98,1559.93,1561.39,111021108.0,1194144112.0,-0.0065177585273971765,False,000001,平安银行
2026-05-22,1561.39,1565.77,1554.09,1558.47,95413273.0,1020057083.0,-0.0018718794129374743,False,000001,平安银行
2020-01-02,188.89,194.3,188.84,193.11,82624452.0,3191180650.0,,False,600036,招商银行
2020-01-03,193.46,196.78,193.31,195.69,52010611.0,2045230273.0,0.013271799743480148,False,600036,招商银行
2020-01-06,194.65,199.47,193.21,194.9,54887720.0,2171575505.0,-0.004045167962599112,False,600036,招商银行
2020-01-07,196.44,198.37,194.2,194.45,34767128.0,1369304771.0,-0.002311545911758922,False,600036,招商银行
2020-01-08,193.46,193.46,190.77,190.77,36323418.0,1403861101.0,-0.019106546654330044,False,600036,招商银行
2020-01-09,192.91,193.7,191.62,193.21,30335989.0,1177003661.0,0.012709166325866123,False,600036,招商银行
2020-01-10,193.21,195.09,192.46,193.9,28593121.0,1116903172.0,0.0035648819753139097,False,600036,招商银行
2020-01-13,195.09,195.09,192.46,194.2,32780852.0,1279073028.0,0.001545993608618311,False,600036,招商银行
2020-01-14,194.4,196.83,192.21,192.76,33564638.0,1314430602.0,-0.007442664085092561,False,600036,招商银行
2020-01-15,192.91,193.16,188.84,189.33,48859891.0,1870048774.0,-0.017954367507874058,False,600036,招商银行
2020-01-16,189.83,190.48,187.54,188.54,45384826.0,1723277982.0,-0.00418133829625366,False,600036,招商银行
2020-01-17,189.03,189.58,187.15,188.39,42135711.0,1595789849.0,-0.0007959037907213618,False,600036,招商银行
2020-01-20,189.83,191.97,188.74,190.28,58580886.0,2244268938.0,0.009982389386797791,False,600036,招商银行
2020-01-21,188.49,189.48,187.25,187.69,41720185.0,1580332561.0,-0.01370500589592234,False,600036,招商银行
2020-01-22,187.25,189.23,184.52,187.84,53125460.0,2000618547.0,0.0007988709715730869,False,600036,招商银行
2020-01-23,186.4,187.25,181.04,182.83,78750274.0,2912304571.0,-0.027033777299318048,False,600036,招商银行
2020-02-03,167.88,176.32,167.88,173.99,113106226.0,3944795003.0,-0.04955893304178873,False,600036,招商银行
2020-02-04,174.04,176.22,172.25,175.57,122967652.0,4313054347.0,0.009039997482492191,False,600036,招商银行
2020-02-05,175.53,176.37,172.99,175.62,80257198.0,2826862599.0,0.00028474615073238664,False,600036,招商银行
2020-02-06,176.32,177.96,174.48,177.56,73070159.0,2589474707.0,0.010986010033984963,False,600036,招商银行
2020-02-07,174.33,176.12,173.89,175.92,67552464.0,2374190018.0,-0.00927923371932886,False,600036,招商银行
2020-02-10,174.48,175.03,173.59,174.33,57504178.0,2016401930.0,-0.009079291491381734,False,600036,招商银行
2020-02-11,175.33,178.06,174.58,176.67,55743628.0,1983770029.0,0.01333353086946495,False,600036,招商银行
2020-02-12,176.32,177.11,175.03,176.82,40538973.0,1437177997.0,0.0008486803530692802,False,600036,招商银行
2020-02-13,176.47,176.57,174.83,175.18,42235080.0,1493775789.0,-0.009318249242715343,False,600036,招商银行
2020-02-14,174.88,177.36,174.88,177.02,40339677.0,1431806484.0,0.010448703805787917,False,600036,招商银行
2020-02-17,176.97,179.65,175.72,179.65,66942541.0,2396661832.0,0.014747793018796756,False,600036,招商银行
2020-02-18,178.8,178.8,176.82,177.31,51639665.0,1846260235.0,-0.013110900490630632,False,600036,招商银行
2020-02-19,176.82,178.26,176.12,176.47,41952131.0,1496142157.0,-0.004748722813755429,False,600036,招商银行
2020-02-20,177.11,179.05,174.83,178.7,74600588.0,2658121245.0,0.012557531910240637,False,600036,招商银行
2020-02-21,178.31,178.46,176.17,177.02,73031468.0,2603112503.0,-0.009445701624651404,False,600036,招商银行
2020-02-24,176.27,177.26,173.99,174.08,79856482.0,2812039823.0,-0.01674775687315305,False,600036,招商银行
2020-02-25,172.89,174.23,171.35,172.0,87373432.0,3032212325.0,-0.01202048685412489,False,600036,招商银行
2020-02-26,170.91,173.79,170.11,172.99,77970475.0,2707591830.0,0.005739312545432933,False,600036,招商银行
2020-02-27,172.79,175.57,172.35,174.93,68937853.0,2422074087.0,0.011152104543288273,False,600036,招商银行
2020-02-28,173.09,174.73,169.86,169.86,83534097.0,2885398352.0,-0.029411325550311018,False,600036,招商银行
2020-03-02,170.06,173.24,169.37,172.59,70429063.0,2438029173.0,0.01594427119144858,False,600036,招商银行
2020-03-03,173.49,174.33,170.96,171.95,68607306.0,2380418310.0,-0.0037151026650366634,False,600036,招商银行
2020-03-04,172.25,172.84,171.06,172.74,56088606.0,1941800190.0,0.0045838369738643485,False,600036,招商银行
2020-03-05,173.79,180.39,172.84,179.95,135541300.0,4840609026.0,0.04089146067290009,False,600036,招商银行
2020-03-06,178.01,178.9,175.87,175.87,67067378.0,2389764957.0,-0.022933948776766872,False,600036,招商银行
2020-03-09,173.24,173.24,169.76,169.76,96659166.0,3318066994.0,-0.03535941088259983,False,600036,招商银行
2020-03-10,169.81,173.54,169.27,172.25,66829810.0,2309858482.0,0.01456123502809507,False,600036,招商银行
2020-03-11,172.64,173.79,170.91,171.1,56655064.0,1965764178.0,-0.006698728995620199,False,600036,招商银行
2020-03-12,170.71,171.8,168.97,169.66,61918002.0,2118258080.0,-0.008451746518559134,False,600036,招商银行
2020-03-13,162.91,166.68,160.92,165.94,114095770.0,3748370246.0,-0.0221701571434495,False,600036,招商银行
2020-03-16,165.84,165.84,157.15,157.3,106602730.0,3445337101.0,-0.05347146717190701,False,600036,招商银行
2020-03-17,157.2,161.97,154.52,157.6,84344133.0,2675433577.0,0.0019053673595465362,False,600036,招商银行
2020-03-18,158.34,160.33,152.78,153.08,82431704.0,2604923481.0,-0.02909951686627715,False,600036,招商银行
2020-03-19,151.39,151.39,142.6,145.58,155945747.0,4591894342.0,-0.0502348968673897,False,600036,招商银行
2020-03-20,148.01,154.52,148.01,154.17,134315310.0,4101898423.0,0.057330125982136,False,600036,招商银行
2020-03-23,149.05,151.54,148.41,149.8,92897116.0,2804113446.0,-0.02875481858912865,False,600036,招商银行
2020-03-24,154.71,157.2,153.03,156.5,82535893.0,2585549433.0,0.04375493889708868,False,600036,招商银行
2020-03-25,160.08,162.31,159.78,161.37,80952655.0,2629580314.0,0.030643854973052966,False,600036,招商银行
2020-03-26,159.43,165.99,159.23,162.51,69463585.0,2281461462.0,0.0070396733846561105,False,600036,招商银行
2020-03-27,164.5,165.54,161.32,162.51,58177545.0,1911127945.0,0.0,False,600036,招商银行
2020-03-30,159.83,162.51,157.94,162.16,47749415.0,1541068106.0,-0.0021560361941725735,False,600036,招商银行
2020-03-31,163.51,163.8,159.73,160.33,37754006.0,1228383288.0,-0.011349310942998533,False,600036,招商银行
2020-04-01,159.53,162.16,158.94,159.58,35814313.0,1157345796.0,-0.0046888273206111475,False,600036,招商银行
2020-04-02,157.69,160.63,157.5,160.63,28960147.0,929189673.0,0.006558219689539723,False,600036,招商银行
2020-04-03,158.94,160.53,158.89,159.68,25161829.0,808697603.0,-0.005931771006520873,False,600036,招商银行
2020-04-07,163.11,163.31,160.92,161.52,43184378.0,1406732994.0,0.011457161441428306,False,600036,招商银行
2020-04-08,161.42,161.42,159.53,160.03,31813445.0,1024956344.0,-0.009267676346683257,False,600036,招商银行
2020-04-09,160.38,160.67,159.48,160.43,28664595.0,924260480.0,0.002496412705085577,False,600036,招商银行
2020-04-10,160.97,161.72,158.49,159.43,43743153.0,1409435238.0,-0.00625275594371047,False,600036,招商银行
2020-04-13,158.54,159.93,158.04,158.59,23055549.0,737876564.0,-0.005282698908764468,False,600036,招商银行
2020-04-14,159.83,162.46,159.33,162.46,42707944.0,1386006869.0,0.024109562112298324,False,600036,招商银行
2020-04-15,161.87,162.07,160.53,161.02,23783848.0,771129191.0,-0.008903236750973103,False,600036,招商银行
2020-04-16,159.93,160.97,158.74,159.43,29499982.0,947452268.0,-0.009923626452560768,False,600036,招商银行
2020-04-17,161.17,164.9,160.63,163.21,69795242.0,2293965391.0,0.023432760743330613,False,600036,招商银行
2020-04-20,163.36,164.3,161.67,163.41,33602426.0,1104349255.0,0.0012246649010882729,False,600036,招商银行
2020-04-21,163.41,164.1,161.82,162.16,32871489.0,1077331035.0,-0.007678877919948208,False,600036,招商银行
2020-04-22,161.17,162.66,160.58,162.56,27943538.0,910099517.0,0.0024636622463724955,False,600036,招商银行
2020-04-23,163.01,163.7,162.16,162.36,24614551.0,807219190.0,-0.0012310724194200316,False,600036,招商银行
2020-04-24,162.51,162.51,160.97,161.47,22259784.0,723766561.0,-0.005496725077167342,False,600036,招商银行
2020-04-27,162.66,168.77,162.51,166.78,65341471.0,2197523211.0,0.03235621176530967,False,600036,招商银行
2020-04-28,166.88,168.37,165.39,168.17,36651091.0,1234430064.0,0.008299793875819106,False,600036,招商银行
2020-04-29,168.37,174.33,168.32,173.94,65876588.0,2288732967.0,0.0337350396269606,False,600036,招商银行
2020-04-30,174.58,179.05,174.08,174.28,71533247.0,2544804889.0,0.0019527890876223565,False,600036,招商银行
2020-05-06,171.5,172.74,169.76,172.0,50173590.0,1731704264.0,-0.013168724435788315,False,600036,招商银行
2020-05-07,171.85,171.95,169.12,171.1,29948465.0,1028793473.0,-0.005246295915305303,False,600036,招商银行
2020-05-08,172.69,174.73,171.6,173.69,39215460.0,1371649847.0,0.015023920167773446,False,600036,招商银行
2020-05-11,173.74,176.22,173.24,173.64,29584829.0,1040649468.0,-0.0002879106345285263,False,600036,招商银行
2020-05-12,173.79,174.04,171.06,171.8,34963382.0,1213003373.0,-0.010653180881237677,False,600036,招商银行
2020-05-13,170.86,172.25,169.37,171.55,27983494.0,961672947.0,-0.0014562402456962235,False,600036,招商银行
2020-05-14,170.81,170.96,167.88,168.52,42063019.0,1430362916.0,-0.017820332193642954,False,600036,招商银行
2020-05-15,169.81,170.16,167.38,168.12,36192753.0,1226127432.0,-0.002376426973899862,False,600036,招商银行
2020-05-18,166.98,170.36,166.44,167.88,36370093.0,1233862748.0,-0.0014285716715259124,False,600036,招商银行
2020-05-19,170.86,171.25,169.17,170.21,26430448.0,904985389.0,0.013783530354491765,False,600036,招商银行
2020-05-20,170.21,173.99,169.37,172.25,38051757.0,1313430550.0,0.011913941073886129,False,600036,招商银行
2020-05-21,173.39,174.73,172.15,172.5,36252721.0,1263004925.0,0.0014503265776464615,False,600036,招商银行
2020-05-22,171.3,172.3,166.93,167.03,42396439.0,1439086679.0,-0.0322237994695582,False,600036,招商银行
2020-05-25,168.47,168.57,163.41,164.35,43264917.0,1434823005.0,-0.01617513689162785,False,600036,招商银行
2020-05-26,165.39,166.34,164.35,166.04,32246077.0,1072932146.0,0.010230423074609663,False,600036,招商银行
2020-05-27,166.73,168.77,165.1,166.04,32083331.0,1077247848.0,0.0,False,600036,招商银行
2020-05-28,166.78,172.35,166.04,169.96,69362331.0,2378620601.0,0.02333439206177284,False,600036,招商银行
2020-05-29,168.17,169.52,167.38,167.98,37237481.0,1260905545.0,-0.011718190549129908,False,600036,招商银行
2020-06-01,169.61,173.69,169.37,172.94,48823746.0,1693982687.0,0.029099788834803162,False,600036,招商银行
2020-06-02,171.6,175.13,171.55,174.04,49295713.0,1726597705.0,0.006340444320195129,False,600036,招商银行
2020-06-03,176.07,178.8,173.94,174.93,61018691.0,2169754932.0,0.005100736049694994,False,600036,招商银行
2020-06-04,176.32,176.57,174.18,174.58,25756086.0,909222198.0,-0.0020028045949706304,False,600036,招商银行
2020-06-05,175.33,176.17,172.89,175.03,32717303.0,1146499654.0,0.0025742984955404806,False,600036,招商银行
2020-06-08,176.57,179.75,176.32,177.16,50180979.0,1796585383.0,0.012095891252253221,False,600036,招商银行
2020-06-09,176.87,177.26,175.13,176.47,30093079.0,1067277929.0,-0.0039023887998556684,False,600036,招商银行
2020-06-10,177.02,177.07,174.73,175.53,27273061.0,964770416.0,-0.005340921786887275,False,600036,招商银行
2020-06-11,174.88,175.43,170.41,171.2,58892745.0,2040709558.0,-0.024977504760612723,False,600036,招商银行
2020-06-12,168.82,171.35,167.38,171.35,54661576.0,1865053466.0,0.0008757846129760803,False,600036,招商银行
2020-06-15,169.07,169.76,166.19,166.73,65434347.0,2209023835.0,-0.02733251074825031,False,600036,招商银行
2020-06-16,168.87,169.76,167.93,169.57,38163105.0,1298977209.0,0.016890083346668597,False,600036,招商银行
2020-06-17,168.87,170.41,168.03,169.86,30627774.0,1042779922.0,0.0017087474328273133,False,600036,招商银行
2020-06-18,168.27,169.17,164.0,168.32,92293933.0,3090987273.0,-0.009107638802518291,False,600036,招商银行
2020-06-19,167.88,170.56,166.88,168.17,67949603.0,2299545222.0,-0.0008915570146865162,False,600036,招商银行
2020-06-22,167.18,168.12,165.54,166.39,59581469.0,1997593331.0,-0.010640942107242672,False,600036,招商银行
2020-06-23,165.39,166.59,164.45,165.64,45252939.0,1509296732.0,-0.00451767175004935,False,600036,招商银行
2020-06-24,166.49,168.67,166.44,168.37,47989117.0,1621575075.0,0.01634717999234185,False,600036,招商银行
2020-06-29,169.71,170.36,166.34,167.08,56729748.0,1915098031.0,-0.007691199040733756,False,600036,招商银行
2020-06-30,168.12,168.67,167.08,167.48,39156798.0,1322157814.0,0.002391201521967815,False,600036,招商银行
2020-07-01,167.83,172.84,166.93,172.79,79909645.0,2741317357.0,0.031213043174087917,False,600036,招商银行
2020-07-02,172.1,176.17,170.36,175.33,124517798.0,4347489231.0,0.01459292815700681,False,600036,招商银行
2020-07-03,175.82,182.58,175.57,182.48,153570417.0,5583630477.0,0.03997066549409545,False,600036,招商银行
2020-07-06,184.66,200.71,184.66,200.71,187492888.0,7369658960.0,0.09522050219526926,False,600036,招商银行
2020-07-07,207.61,215.06,201.15,203.94,201633829.0,8389893483.0,0.01596475276467783,False,600036,招商银行
2020-07-08,203.14,207.96,198.52,201.15,182703889.0,7454256185.0,-0.013774934540282422,False,600036,招商银行
2020-07-09,201.2,201.75,196.34,198.22,169323629.0,6759559094.0,-0.014673373417234853,False,600036,招商银行
2020-07-10,198.22,199.71,189.72,190.75,152815945.0,5784778253.0,-0.03841385481399599,False,600036,招商银行
2020-07-13,189.52,194.59,187.78,191.0,163406373.0,6086294085.0,0.00130975788206351,False,600036,招商银行
2020-07-14,189.83,191.62,185.52,186.96,131086591.0,4821059904.0,-0.021378737816027307,False,600036,招商银行
2020-07-15,189.42,189.57,182.81,183.63,134114248.0,4838521682.0,-0.017971826699514408,False,600036,招商银行
2020-07-16,184.6,187.32,182.25,182.3,142952326.0,5153628340.0,-0.007269181846470772,False,600036,招商银行
2020-07-17,183.68,185.37,180.81,184.76,116991781.0,4182751219.0,0.013404003877787075,False,600036,招商银行
2020-07-20,184.86,191.77,183.58,190.85,159415734.0,5884589656.0,0.032430093628834145,False,600036,招商银行
2020-07-21,190.85,191.72,187.01,188.65,83162093.0,3062989303.0,-0.011594332780919257,False,600036,招商银行
2020-07-22,188.34,189.98,185.68,186.6,99881181.0,3656733629.0,-0.01092615799707611,False,600036,招商银行
2020-07-23,185.27,186.45,180.51,182.3,119707588.0,4272039761.0,-0.023313606728626014,False,600036,招商银行
2020-07-24,181.79,183.32,174.77,177.18,130419436.0,4555965917.0,-0.028487516700731116,False,600036,招商银行
2020-07-27,178.92,179.07,174.16,175.38,89346903.0,3062209384.0,-0.010211116632676818,False,600036,招商银行
2020-07-28,177.48,178.61,175.18,177.07,78035052.0,2693238172.0,0.009590086266915947,False,600036,招商银行
2020-07-29,176.67,181.02,175.28,179.58,96913071.0,3381773114.0,0.014075656474537212,False,600036,招商银行
2020-07-30,179.48,180.1,176.56,176.97,79887927.0,2776830172.0,-0.0146405644095691,False,600036,招商银行
2020-07-31,177.18,181.02,176.61,178.2,98989455.0,3456763749.0,0.006926288353615331,False,600036,招商银行
2020-08-03,180.25,181.22,178.1,179.23,102185800.0,3573570193.0,0.005763382206796978,False,600036,招商银行
2020-08-04,179.94,190.24,179.23,187.83,235440404.0,8524612075.0,0.04686740118182285,False,600036,招商银行
2020-08-05,186.39,187.73,183.37,185.88,106065970.0,3842397076.0,-0.01043599420855123,False,600036,招商银行
2020-08-06,186.55,191.16,186.09,189.57,125242884.0,4621511197.0,0.01965704523669604,False,600036,招商银行
2020-08-07,188.85,188.85,185.37,187.47,89795414.0,3286449488.0,-0.011139516844373592,False,600036,招商银行
2020-08-10,187.93,191.57,183.78,189.47,122448139.0,4519789796.0,0.010611868035170781,False,600036,招商银行
2020-08-11,190.24,198.68,190.24,192.23,173638283.0,6622998622.0,0.014461871120498038,False,600036,招商银行
2020-08-12,193.46,195.92,189.62,193.51,93003691.0,3505241801.0,0.006636618956287025,False,600036,招商银行
2020-08-13,193.82,195.46,191.11,191.16,64048694.0,2413002933.0,-0.012218417011098485,False,600036,招商银行
2020-08-14,191.16,195.0,190.8,194.59,67065745.0,2530430882.0,0.01778400726010708,False,600036,招商银行
2020-08-17,194.89,202.42,194.89,199.96,148309043.0,5782809861.0,0.027222565575305124,False,600036,招商银行
2020-08-18,199.71,200.53,197.3,198.94,57366054.0,2225879678.0,-0.005114074821101826,False,600036,招商银行
2020-08-19,198.89,200.12,196.38,196.38,56393694.0,2185921384.0,-0.012951713983123739,False,600036,招商银行
2020-08-20,195.66,195.77,190.13,192.13,73440819.0,2759025986.0,-0.021879331497534116,False,600036,招商银行
2020-08-21,194.59,194.64,191.82,193.41,56125442.0,2115951200.0,0.006640061747028524,False,600036,招商银行
2020-08-24,195.0,196.18,191.36,192.03,62098893.0,2346712057.0,-0.007160678168616746,False,600036,招商银行
2020-08-25,193.56,195.61,191.62,192.44,54524608.0,2056714024.0,0.0021328070092311705,False,600036,招商银行
2020-08-26,193.05,194.02,189.52,190.64,62700022.0,2344833013.0,-0.009397584040766379,False,600036,招商银行
2020-08-27,190.64,190.95,186.45,188.95,57481502.0,2112135810.0,-0.008904402994988746,False,600036,招商银行
2020-08-28,188.7,196.89,187.42,196.89,118294177.0,4472784976.0,0.041162767358243174,False,600036,招商银行
2020-08-31,197.15,199.71,192.28,193.0,119031365.0,4573760872.0,-0.0199550082488555,False,600036,招商银行
2020-09-01,191.82,193.05,189.52,191.62,71275936.0,2662847632.0,-0.007175944682158202,False,600036,招商银行
2020-09-02,191.98,192.44,188.44,190.49,79722127.0,2960833704.0,-0.0059145444721205994,False,600036,招商银行
2020-09-03,190.08,191.67,188.24,189.36,64047956.0,2369898817.0,-0.005949734544878207,False,600036,招商银行
2020-09-04,187.57,188.9,186.14,188.44,48543721.0,1780424306.0,-0.004870311373888244,False,600036,招商银行
2020-09-07,188.44,192.44,187.88,188.39,61613878.0,2285992289.0,-0.0002653716545574727,False,600036,招商银行
2020-09-08,190.39,192.64,189.57,192.49,68354491.0,2558811209.0,0.021529922149261253,False,600036,招商银行
2020-09-09,190.85,194.33,190.29,192.54,60543334.0,2276406652.0,0.0002597200232763564,False,600036,招商银行
2020-09-10,193.97,194.13,191.36,193.05,55014607.0,2072364501.0,0.002645298360425043,False,600036,招商银行
2020-09-11,193.92,193.97,189.57,190.7,55310513.0,2064258658.0,-0.01224771010387206,False,600036,招商银行
2020-09-14,191.52,192.44,189.83,191.26,46023997.0,1713839187.0,0.002932246315023197,False,600036,招商银行
2020-09-15,190.8,195.05,190.64,194.08,53080495.0,2003397793.0,0.01463668627434342,False,600036,招商银行
2020-09-16,194.38,196.12,193.46,194.89,47887482.0,1822671349.0,0.004164851638192689,False,600036,招商银行
2020-09-17,195.1,196.99,193.82,193.92,55771354.0,2127941227.0,-0.004989593952983157,False,600036,招商银行
2020-09-18,193.82,199.66,193.56,199.66,108169240.0,4177287388.0,0.029170217027329654,False,600036,招商银行
2020-09-21,199.71,200.37,197.66,197.66,50152092.0,1945258027.0,-0.01006753696024128,False,600036,招商银行
2020-09-22,197.15,197.66,193.26,193.97,58311689.0,2223417612.0,-0.018844875017837482,False,600036,招商银行
2020-09-23,193.67,194.84,191.52,192.03,43076028.0,1621415675.0,-0.010051898108178671,False,600036,招商银行
2020-09-24,191.26,191.26,188.95,189.77,54027975.0,2003636080.0,-0.011838797256134157,False,600036,招商银行
2020-09-25,189.98,191.52,189.88,190.39,35225153.0,1312142060.0,0.0032617874036974534,False,600036,招商银行
2020-09-28,190.49,192.8,189.72,190.75,35324476.0,1317478208.0,0.0018890701949813818,False,600036,招商银行
2020-09-29,191.26,191.77,185.73,185.93,79668910.0,2920847323.0,-0.025593411372594993,False,600036,招商银行
2020-09-30,185.88,187.27,183.32,184.35,65466059.0,2365489193.0,-0.008534134111817865,False,600036,招商银行
2020-10-09,186.39,188.44,185.01,185.27,49472433.0,1799276678.0,0.0049780958817677926,False,600036,招商银行
2020-10-12,186.39,192.8,185.88,192.33,99864635.0,3712613342.0,0.03739842610535428,False,600036,招商银行
2020-10-13,191.92,194.64,190.13,193.51,51141560.0,1928053924.0,0.006116544053780312,False,600036,招商银行
2020-10-14,193.56,195.1,191.46,194.84,64294015.0,2431581141.0,0.006849518217285981,False,600036,招商银行
2020-10-15,195.3,200.89,194.84,199.76,119665720.0,4656771635.0,0.024937937033175896,False,600036,招商银行
2020-10-16,199.25,205.85,199.09,203.7,110589580.0,4401811725.0,0.019531677261242362,False,600036,招商银行
2020-10-19,206.31,212.77,204.27,204.78,98154659.0,3988837840.0,0.00528790891391052,False,600036,招商银行
2020-10-20,204.83,206.42,203.29,204.68,42436836.0,1697045434.0,-0.0004884482097795326,False,600036,招商银行
2020-10-21,205.14,209.28,204.78,208.93,54185565.0,2193121567.0,0.020551483697268415,False,600036,招商银行
2020-10-22,209.95,215.07,206.52,210.92,64497499.0,2649384824.0,0.00947964702810943,False,600036,招商银行
2020-10-23,209.49,215.58,209.23,211.08,55183362.0,2298420661.0,0.00075829387519819,False,600036,招商银行
2020-10-26,213.33,213.33,205.24,208.0,50454000.0,2050594686.0,-0.014699128836149211,False,600036,招商银行
2020-10-27,208.0,211.23,206.52,207.13,45883207.0,1867751093.0,-0.004191464233886382,False,600036,招商银行
2020-10-28,208.06,210.36,202.83,205.34,69355712.0,2787606058.0,-0.008679473596612908,False,600036,招商银行
2020-10-29,203.55,209.23,203.14,205.8,52307034.0,2105440052.0,0.0022376815291304843,False,600036,招商银行
2020-10-30,207.39,210.72,202.68,203.86,43842279.0,1766506296.0,-0.009471339659682512,False,600036,招商银行
2020-11-02,207.34,208.41,200.63,206.11,51692798.0,2067738931.0,0.010976523114939182,False,600036,招商银行
2020-11-03,208.41,215.58,208.41,211.18,87069016.0,3626910913.0,0.02430084352316225,False,600036,招商银行
2020-11-04,215.69,220.65,211.9,219.83,88450085.0,3754732975.0,0.04014366999365746,False,600036,招商银行
2020-11-05,220.7,223.83,217.02,219.12,68048685.0,2918967528.0,-0.0032349954172029402,False,600036,招商银行
2020-11-06,219.17,219.42,215.53,217.53,46364547.0,1969073126.0,-0.007282752903211722,False,600036,招商银行
2020-11-09,220.14,222.6,218.14,220.34,49714162.0,2138628747.0,0.012835035860307892,False,600036,招商银行
2020-11-10,224.13,227.26,222.24,223.88,56207925.0,2461059112.0,0.015938386111239895,False,600036,招商银行
2020-11-11,225.31,227.1,222.8,227.1,52696972.0,2322161018.0,0.014280255088353958,False,600036,招商银行
2020-11-12,225.31,227.57,221.98,223.16,47159435.0,2059661759.0,-0.017501446134185188,False,600036,招商银行
2020-11-13,221.22,221.22,214.1,218.04,54486290.0,2309702717.0,-0.02321047078124753,False,600036,招商银行
2020-11-16,219.94,220.7,218.4,220.19,38943199.0,1669941865.0,0.009812277800614095,False,600036,招商银行
2020-11-17,220.19,225.31,219.17,224.49,47285620.0,2065231454.0,0.019340352763682848,False,600036,招商银行
2020-11-18,223.26,230.43,222.29,229.15,62820215.0,2797752552.0,0.02054564819475613,False,600036,招商银行
2020-11-19,228.03,230.43,225.26,229.77,47734174.0,2128954044.0,0.002701997634478807,False,600036,招商银行
2020-11-20,229.2,231.97,227.92,230.69,31468757.0,1414292248.0,0.003996009313381923,False,600036,招商银行
2020-11-23,230.69,233.4,229.51,232.48,58462113.0,2647101184.0,0.007729381918978882,False,600036,招商银行
2020-11-24,230.43,231.97,228.03,229.77,39946734.0,1793220437.0,-0.011725391232360799,False,600036,招商银行
2020-11-25,233.1,233.35,226.18,227.51,37807249.0,1694470963.0,-0.009884615120689414,False,600036,招商银行
2020-11-26,227.72,232.38,227.72,230.89,35153429.0,1584282516.0,0.014747213161989577,False,600036,招商银行
2020-11-27,232.48,235.4,228.9,234.79,44607770.0,2024963455.0,0.016750090978253977,False,600036,招商银行
2020-11-30,234.79,244.62,225.47,226.34,115360181.0,5291989606.0,-0.03665320407137053,False,600036,招商银行
2020-12-01,227.36,238.37,227.31,236.58,78072787.0,3559778622.0,0.04424812357979539,False,600036,招商银行
2020-12-02,235.55,240.83,231.76,239.65,61994358.0,2864114257.0,0.012893108488049556,False,600036,招商银行
2020-12-03,239.39,241.19,232.99,238.06,50237589.0,2317794756.0,-0.006656782865906599,False,600036,招商银行
2020-12-04,237.96,238.63,231.0,234.43,46115543.0,2099378091.0,-0.015365706878307185,False,600036,招商银行
2020-12-07,234.02,234.27,225.82,227.46,70482524.0,3138039091.0,-0.030182637105128078,False,600036,招商银行
2020-12-08,227.31,229.2,225.31,226.64,37716735.0,1671238316.0,-0.003611543234037484,False,600036,招商银行
2020-12-09,227.21,230.07,226.44,226.54,37519456.0,1672113664.0,-0.00044132574969350964,False,600036,招商银行
2020-12-10,225.52,228.54,224.29,226.75,36887355.0,1630166599.0,0.0009265592226785043,False,600036,招商银行
2020-12-11,226.59,226.69,218.55,218.55,77143525.0,3347336214.0,-0.03683326768592245,False,600036,招商银行
2020-12-14,221.83,228.69,221.83,227.21,60742701.0,2686115499.0,0.0388598786535883,False,600036,招商银行
2020-12-15,227.62,230.13,222.44,227.1,43879226.0,1936658509.0,-0.00048425085139918497,False,600036,招商银行
2020-12-16,229.36,229.66,224.7,225.62,36790200.0,1628021247.0,-0.006538280934738498,False,600036,招商银行
2020-12-17,224.8,226.18,221.98,225.57,50232903.0,2199570321.0,-0.00022163611872903465,False,600036,招商银行
2020-12-18,225.77,227.31,219.17,220.7,76059993.0,3296589099.0,-0.02182621879535452,False,600036,招商银行
2020-12-21,220.4,220.96,216.66,219.63,62385090.0,2674269716.0,-0.004860000936029645,False,600036,招商银行
2020-12-22,220.14,220.19,214.4,214.61,78468607.0,3320101849.0,-0.023121884893270536,False,600036,招商银行
2020-12-23,213.59,217.17,213.59,216.71,71181993.0,3004166815.0,0.009737626790848917,False,600036,招商银行
2020-12-24,216.86,220.7,216.71,217.99,48211014.0,2055723701.0,0.005889135953084458,False,600036,招商银行
2020-12-25,217.89,219.68,214.97,218.76,47673197.0,2023487304.0,0.0035260483012480776,False,600036,招商银行
2020-12-28,218.91,221.83,216.25,220.4,84140901.0,3600599046.0,0.007468838800187594,False,600036,招商银行
2020-12-29,221.52,221.68,218.4,219.32,72714756.0,3118082060.0,-0.004912226742911812,False,600036,招商银行
2020-12-30,219.53,220.45,214.56,220.45,93349643.0,3963394420.0,0.0051390612680989375,False,600036,招商银行
2020-12-31,220.45,227.1,219.42,225.06,89119921.0,3909432878.0,0.02069612151790442,False,600036,招商银行
2021-01-04,221.37,224.19,215.17,221.06,154952285.0,6608868849.0,-0.017932875439041582,False,600036,招商银行
2021-01-05,218.96,219.17,212.2,215.99,138717699.0,5809639049.0,-0.023202047566647163,False,600036,招商银行
2021-01-06,215.58,226.34,215.07,226.08,120064563.0,5188622737.0,0.045656808620055125,False,600036,招商银行
2021-01-07,226.8,235.4,226.64,235.04,107832187.0,4869741128.0,0.03886679348934979,False,600036,招商银行
2021-01-08,237.04,240.78,234.58,238.63,129959481.0,6021482985.0,0.01515852277955778,False,600036,招商银行
2021-01-11,238.52,251.79,238.06,247.95,144523356.0,6992740146.0,0.03831287773001772,False,600036,招商银行
2021-01-12,248.61,256.29,243.54,254.5,104448591.0,5103986009.0,0.026073723055434535,False,600036,招商银行
2021-01-13,252.5,255.93,250.3,252.96,64910979.0,3207741653.0,-0.00606946252941549,False,600036,招商银行
2021-01-14,252.96,256.45,248.66,251.17,70377099.0,3467710708.0,-0.007101372750653081,False,600036,招商银行
2021-01-15,258.6,275.96,258.49,261.87,177574522.0,9232542839.0,0.04171819670485923,False,600036,招商银行
2021-01-18,263.72,271.81,262.18,265.87,123764160.0,6463924980.0,0.015159270098394202,False,600036,招商银行
2021-01-19,267.81,272.58,263.67,265.51,90188002.0,4710719576.0,-0.0013549627576413465,False,600036,招商银行
2021-01-20,266.79,272.01,261.11,264.84,79228118.0,4123860428.0,-0.002526634699475645,False,600036,招商银行
2021-01-21,271.24,273.96,267.05,269.56,73671459.0,3886756922.0,0.01766513002137103,False,600036,招商银行
2021-01-22,270.63,270.63,261.16,264.43,87000132.0,4492606303.0,-0.019214434089282213,False,600036,招商银行
2021-01-25,261.67,268.63,256.55,266.84,86536206.0,4438842570.0,0.009072661852580655,False,600036,招商银行
2021-01-26,266.28,271.91,261.16,263.21,60117533.0,3126374838.0,-0.013697035190930617,False,600036,招商银行
2021-01-27,264.28,270.89,264.28,266.28,60923156.0,3187049336.0,0.011596194082118799,False,600036,招商银行
2021-01-28,261.16,265.0,260.13,264.28,52386951.0,2684963891.0,-0.0075392395708179325,False,600036,招商银行
2021-01-29,267.2,268.63,260.18,261.67,62148914.0,3211002062.0,-0.009924979275021409,False,600036,招商银行
2021-02-01,261.16,270.27,258.49,268.33,79662587.0,4125446256.0,0.025133398426383607,False,600036,招商银行
2021-02-02,268.07,270.37,264.23,266.12,72030553.0,3752480883.0,-0.00827023143936028,False,600036,招商银行
2021-02-03,266.64,276.52,263.67,271.65,76587606.0,4045314776.0,0.020567138123845287,False,600036,招商银行
2021-02-04,270.73,282.66,269.4,273.96,96910977.0,5229905917.0,0.0084676373321725,False,600036,招商银行
2021-02-05,276.83,286.45,274.98,280.31,115157754.0,6315430525.0,0.022914023266025575,False,600036,招商银行
2021-02-08,282.61,284.71,274.93,282.97,81637776.0,4479792762.0,0.009444751361223686,False,600036,招商银行
2021-02-09,283.59,283.59,277.8,282.97,61900527.0,3393598043.0,0.0,False,600036,招商银行
2021-02-10,288.3,288.81,276.26,279.34,75350767.0,4135201064.0,-0.012911207079328501,False,600036,招商银行
2021-02-18,284.97,294.95,282.61,285.17,107091322.0,6013345250.0,0.020655815788915604,False,600036,招商银行
2021-02-19,284.97,290.4,281.03,282.66,71018164.0,3948306737.0,-0.00884073172653594,False,600036,招商银行
2021-02-22,283.02,285.43,273.24,277.54,80151145.0,4368565094.0,-0.01827969499714038,False,600036,招商银行
2021-02-23,278.0,290.5,277.54,284.46,95299102.0,5306140313.0,0.024627579199217493,False,600036,招商银行
2021-02-24,285.99,285.99,270.63,274.47,84432226.0,4578242270.0,-0.035750680782528195,False,600036,招商银行
2021-02-25,279.08,284.2,276.06,278.82,88618727.0,4843039320.0,0.015724446965388297,False,600036,招商银行
2021-02-26,274.47,278.82,260.44,261.67,132728876.0,6911104094.0,-0.06348224443827846,False,600036,招商银行
2021-03-01,261.72,262.69,256.19,258.03,89418363.0,4510517394.0,-0.014008310655165763,False,600036,招商银行
2021-03-02,260.44,260.65,250.97,253.73,100778621.0,5025206694.0,-0.016805147715771615,False,600036,招商银行
2021-03-03,256.04,271.3,253.99,270.22,131593315.0,6834019524.0,0.06296573251608709,False,600036,招商银行
2021-03-04,267.25,275.9,266.28,268.33,83303904.0,4396029829.0,-0.0070188757187661256,False,600036,招商银行
2021-03-05,265.77,268.27,256.6,263.21,73519585.0,3762062419.0,-0.019265373662663014,False,600036,招商银行
2021-03-08,264.18,266.18,254.5,255.68,69813759.0,3534603526.0,-0.029025530072474114,False,600036,招商银行
2021-03-09,256.14,261.05,246.72,248.36,98322245.0,4876616396.0,-0.029047356081217803,False,600036,招商银行
2021-03-10,250.97,256.04,248.61,252.2,67590993.0,3327792628.0,0.015343117034126934,False,600036,招商银行
2021-03-11,256.04,267.56,256.04,266.12,90421033.0,4672612626.0,0.05372491134286761,False,600036,招商银行
2021-03-12,268.07,273.4,266.94,273.04,85580753.0,4537887852.0,0.025670969724764826,False,600036,招商银行
2021-03-15,271.3,280.56,269.56,271.96,93931916.0,5037471575.0,-0.003963307940192829,False,600036,招商银行
2021-03-16,276.01,282.92,273.96,278.16,69716276.0,3799354094.0,0.022541491041347176,False,600036,招商银行
2021-03-17,276.26,278.16,272.93,273.45,53231461.0,2856041089.0,-0.01707769790682441,False,600036,招商银行
2021-03-18,272.93,278.06,270.89,277.75,48279311.0,2590798830.0,0.015602638726957605,False,600036,招商银行
2021-03-19,276.62,278.87,263.92,265.05,77628361.0,4073645280.0,-0.04680294108592426,False,600036,招商银行
2021-03-22,267.3,280.21,266.79,275.39,79169531.0,4252611119.0,0.038269787380860995,False,600036,招商银行
2021-03-23,275.96,278.82,270.48,273.86,59592261.0,3187582328.0,-0.0055712479105884255,False,600036,招商银行
2021-03-24,276.31,276.52,264.33,267.3,57501314.0,3013081502.0,-0.02424540375921434,False,600036,招商银行
2021-03-25,269.66,270.84,258.9,261.21,78453830.0,4014068059.0,-0.023046941636239486,False,600036,招商银行
2021-03-26,263.46,265.36,259.77,264.23,70947525.0,3643743955.0,0.011495254473890265,False,600036,招商银行
2021-03-29,264.74,265.25,258.85,260.85,77980362.0,3969007334.0,-0.0128744065141223,False,600036,招商银行
2021-03-30,261.67,264.02,258.24,264.02,56940202.0,2902290112.0,0.012079328384211555,False,600036,招商银行
2021-03-31,263.72,263.72,256.75,261.67,52164954.0,2652348781.0,-0.008940689965949931,False,600036,招商银行
2021-04-01,261.62,262.59,259.62,261.41,33719469.0,1718217148.0,-0.000994111881212261,False,600036,招商银行
2021-04-02,262.08,262.44,259.36,260.9,41153422.0,2093013199.0,-0.0019528638627685695,False,600036,招商银行
2021-04-06,261.67,265.41,260.13,261.11,44400201.0,2275875718.0,0.0008045823310998643,False,600036,招商银行
2021-04-07,261.93,261.93,256.14,258.24,50061023.0,2520490066.0,-0.011052389392198483,False,600036,招商银行
2021-04-08,257.06,259.26,256.29,258.6,29501067.0,1486758655.0,0.0013930812561730908,False,600036,招商银行
2021-04-09,259.72,259.72,255.32,257.32,31506834.0,1578603909.0,-0.004962019794957595,False,600036,招商银行
2021-04-12,257.52,259.36,254.45,258.39,41474239.0,2082171992.0,0.004149624926392299,False,600036,招商银行
2021-04-13,258.6,262.18,255.73,257.68,49039895.0,2476556210.0,-0.0027515664462484666,False,600036,招商银行
2021-04-14,259.01,259.11,252.35,254.5,55438353.0,2758186625.0,-0.012417669032365925,False,600036,招商银行
2021-04-15,254.6,255.93,247.23,253.17,57296514.0,2810517787.0,-0.005239636152592653,False,600036,招商银行
2021-04-16,254.6,255.27,251.38,254.71,31558344.0,1563464005.0,0.006064443253416966,False,600036,招商银行
2021-04-19,255.52,265.15,253.48,265.1,67932061.0,3476651827.0,0.03998147020357811,False,600036,招商银行
2021-04-20,261.21,267.25,261.21,266.23,35574407.0,1842179460.0,0.0042534835363120405,False,600036,招商银行
2021-04-21,266.59,272.37,266.43,270.84,52446360.0,2758929437.0,0.01716764378615259,False,600036,招商银行
2021-04-22,270.84,272.93,267.15,269.4,42927078.0,2255144620.0,-0.005330976641180989,False,600036,招商银行
2021-04-23,269.86,273.96,267.87,272.93,47104918.0,2495321515.0,0.013018088073555745,False,600036,招商银行
2021-04-26,276.52,279.08,264.74,266.64,91625741.0,4814829661.0,-0.02331591805033504,False,600036,招商银行
2021-04-27,266.02,268.48,264.13,266.64,36329922.0,1890139553.0,0.0,False,600036,招商银行
2021-04-28,267.3,268.22,263.62,265.05,38985543.0,2019590447.0,-0.005980946565669065,False,600036,招商银行
2021-04-29,266.28,273.19,262.64,272.83,55274544.0,2913105773.0,0.02893040316364732,False,600036,招商银行
2021-04-30,270.37,272.32,265.3,269.86,45068841.0,2370742204.0,-0.01094558459482116,False,600036,招商银行
2021-05-06,269.86,278.47,268.74,274.83,63835290.0,3432136281.0,0.01824941869258567,False,600036,招商银行
2021-05-07,275.9,282.66,272.99,277.44,72368376.0,3943891332.0,0.00945196889695014,False,600036,招商银行
2021-05-10,277.54,277.8,271.45,276.01,49224048.0,2630309849.0,-0.00516759664732797,False,600036,招商银行
2021-05-11,273.7,277.29,272.83,275.7,32853312.0,1767435334.0,-0.0011237789150981131,False,600036,招商银行
2021-05-12,275.75,279.85,271.76,274.93,31749677.0,1708649722.0,-0.0027967982199180318,False,600036,招商银行
2021-05-13,273.91,278.82,270.58,272.42,39120553.0,2085332075.0,-0.009171526790637366,False,600036,招商银行
2021-05-14,273.91,281.64,270.37,281.54,57881421.0,3127193937.0,0.03292954038062379,False,600036,招商银行
2021-05-17,281.64,289.27,279.85,284.97,52668425.0,2933378115.0,0.012109378170381437,False,600036,招商银行
2021-05-18,286.66,288.76,285.22,286.5,29335118.0,1642178930.0,0.005354624584593291,False,600036,招商银行
2021-05-19,286.76,287.17,279.13,280.62,35729344.0,1966656369.0,-0.020737095188944357,False,600036,招商银行
2021-05-20,282.15,284.3,278.16,284.05,34210477.0,1881019546.0,0.012148838037286168,False,600036,招商银行
2021-05-21,286.1,286.25,275.5,277.08,51486455.0,2800730344.0,-0.024844005848731737,False,600036,招商银行
2021-05-24,277.54,280.1,275.34,276.93,44539914.0,2409885276.0,-0.0005415064842344147,False,600036,招商银行
2021-05-25,277.49,295.06,276.16,294.7,96850204.0,5452025418.0,0.06219312307347921,False,600036,招商银行
2021-05-26,295.21,299.87,295.01,299.56,61306169.0,3565788679.0,0.016356841637517303,False,600036,招商银行
2021-05-27,297.0,301.0,290.91,296.75,51903739.0,2995138182.0,-0.009424697891388946,False,600036,招商银行
2021-05-28,297.0,301.35,295.01,299.56,41014056.0,2386900498.0,0.009424697891388988,False,600036,招商银行
2021-05-31,298.08,298.85,291.88,297.98,36165671.0,2089054162.0,-0.005288361221973132,False,600036,招商银行
2021-06-01,295.47,295.77,291.37,293.72,47426844.0,2713828451.0,-0.014399437575783342,False,600036,招商银行
2021-06-02,293.16,295.41,291.27,294.85,40582027.0,2323829263.0,0.0038398198631034454,False,600036,招商银行
2021-06-03,294.44,298.69,287.73,288.19,49067257.0,2798317525.0,-0.02284676760938656,False,600036,招商银行
2021-06-04,287.02,301.71,286.86,294.6,60832907.0,3504830228.0,0.02199851919140342,False,600036,招商银行
2021-06-07,292.96,293.16,289.32,291.88,32489742.0,1847968869.0,-0.009275745131110612,False,600036,招商银行
2021-06-08,291.63,296.7,286.81,290.35,47616623.0,2700887195.0,-0.005255667079360388,False,600036,招商银行
2021-06-09,290.35,293.72,288.19,289.17,39140950.0,2220254281.0,-0.004072341354072406,False,600036,招商银行
2021-06-10,289.27,294.24,288.09,288.55,48113526.0,2730021836.0,-0.0021463693070110953,False,600036,招商银行
2021-06-11,288.86,290.6,282.05,288.45,68208900.0,3798816012.0,-0.0003466204540770972,False,600036,招商银行
2021-06-15,285.89,285.89,277.13,280.62,52924052.0,2899483734.0,-0.02752031973704856,False,600036,招商银行
2021-06-16,280.62,288.6,279.08,284.71,51877228.0,2879681826.0,0.01446967739394324,False,600036,招商银行
2021-06-17,284.3,286.76,280.92,282.25,31901934.0,1765863526.0,-0.008677915330021732,False,600036,招商银行
2021-06-18,280.36,285.22,276.88,280.05,42711681.0,2337303193.0,-0.00782504437393007,False,600036,招商银行
2021-06-21,278.06,280.56,272.01,274.93,57971550.0,3119639562.0,-0.018451638846008322,False,600036,招商银行
2021-06-22,275.8,284.61,275.8,284.0,64359218.0,3544466664.0,0.03245771835137314,False,600036,招商银行
2021-06-23,283.59,284.05,278.98,280.72,40871965.0,2243392897.0,-0.011616506886246282,False,600036,招商银行
2021-06-24,280.72,282.15,277.19,281.64,36360389.0,1988184927.0,0.0032719283759726817,False,600036,招商银行
2021-06-25,281.64,289.58,280.51,288.81,46955964.0,2631903465.0,0.025139372807052394,False,600036,招商银行
2021-06-28,287.78,288.25,276.67,280.1,69882474.0,3825857050.0,-0.030622350191921974,False,600036,招商银行
2021-06-29,277.54,280.87,274.98,275.5,53244931.0,2878196932.0,-0.016559053673093734,False,600036,招商银行
2021-06-30,276.01,278.77,275.8,277.49,35730350.0,1935227659.0,0.007197267908170455,False,600036,招商银行
2021-07-01,277.59,286.76,275.5,286.76,65298735.0,3585284669.0,0.03286073248353187,False,600036,招商银行
2021-07-02,281.64,282.66,269.86,271.65,92981851.0,4969147605.0,-0.054131155987139495,False,600036,招商银行
2021-07-05,271.09,271.86,263.72,271.09,56860927.0,2979267518.0,-0.0020636039308994055,False,600036,招商银行
2021-07-06,271.4,274.16,268.38,274.16,45250713.0,2401387630.0,0.011261008499720818,False,600036,招商银行
2021-07-07,272.93,276.06,271.45,273.6,36597833.0,1956147233.0,-0.0020446918179579635,False,600036,招商银行
2021-07-08,275.29,275.29,256.04,257.83,155418868.0,7890344986.0,-0.0593667327351773,False,600036,招商银行
2021-07-09,257.83,260.7,253.53,255.52,82701878.0,4141886765.0,-0.008999768546515838,False,600036,招商银行
2021-07-12,259.11,261.87,255.01,258.08,83956374.0,4227182160.0,0.009968929910196347,False,600036,招商银行
2021-07-13,259.94,266.77,255.79,262.41,59445017.0,2969602398.0,0.016638551722974564,False,600036,招商银行
2021-07-14,261.51,261.93,251.64,257.05,88551424.0,4295785383.0,-0.020637547598359608,False,600036,招商银行
2021-07-15,257.31,270.23,257.16,268.08,87727298.0,4426680806.0,0.04201482492754124,False,600036,招商银行
2021-07-16,266.56,270.97,264.77,267.82,46210377.0,2357681005.0,-0.0009703303616348158,False,600036,招商银行
2021-07-19,267.82,268.87,259.47,266.92,46963076.0,2357941868.0,-0.0033661250320142673,False,600036,招商银行
2021-07-20,264.93,270.39,260.52,262.09,44688930.0,2245908475.0,-0.018261031810477668,False,600036,招商银行
2021-07-21,262.67,265.56,258.63,260.99,50631917.0,2512788212.0,-0.0042058638124866845,False,600036,招商银行
2021-07-22,260.94,268.34,259.31,263.88,59235589.0,2987211474.0,0.011012361942228656,False,600036,招商银行
2021-07-23,264.3,265.98,259.94,262.83,42035280.0,2101810738.0,-0.003987019008288071,False,600036,招商银行
2021-07-26,260.57,260.73,249.7,250.49,74992971.0,3616845775.0,-0.048088435777973976,False,600036,招商银行
2021-07-27,250.22,251.69,240.51,242.45,74949518.0,3512047045.0,-0.03262349601704689,False,600036,招商银行
2021-07-28,243.19,253.85,243.19,249.28,84730981.0,4027574991.0,0.027781259131022147,False,600036,招商银行
2021-07-29,253.11,253.64,249.44,251.8,64274521.0,3083677744.0,0.010058358927863387,False,600036,招商银行
2021-07-30,250.75,251.01,242.14,244.18,59195897.0,2760620844.0,-0.03072946336953738,False,600036,招商银行
2021-08-02,245.76,253.22,237.41,250.54,83614684.0,3925085945.0,0.025712930175336435,False,600036,招商银行
2021-08-03,249.96,252.59,246.55,249.91,51875828.0,2456399176.0,-0.0025177353693556508,False,600036,招商银行
2021-08-04,249.86,251.8,245.76,246.81,51149988.0,2410938956.0,-0.012482043197741625,False,600036,招商银行
2021-08-05,245.13,248.39,242.03,245.5,44230311.0,2070051630.0,-0.005321862614373381,False,600036,招商银行
2021-08-06,244.03,251.01,242.08,249.91,50755757.0,2392067817.0,0.017803905812115058,False,600036,招商银行
2021-08-09,249.86,262.56,249.86,257.63,73043020.0,3599567200.0,0.03042359402994153,False,600036,招商银行
2021-08-10,257.73,265.35,255.0,263.67,66357548.0,3291349066.0,0.023173874168031777,False,600036,招商银行
2021-08-11,263.67,271.86,262.56,267.29,56855459.0,2905233228.0,0.013635890051873075,False,600036,招商银行
2021-08-12,266.24,270.44,264.72,266.13,39718245.0,2021030379.0,-0.004349300095931398,False,600036,招商银行
2021-08-13,266.29,269.65,264.19,268.76,46740470.0,2379825404.0,0.009833876851343926,False,600036,招商银行
2021-08-16,268.87,269.08,259.94,267.13,74413969.0,3770118258.0,-0.006083356759082,False,600036,招商银行
2021-08-17,267.13,269.92,260.04,260.57,60323196.0,3044300923.0,-0.024863892185072834,False,600036,招商银行
2021-08-18,262.51,281.31,262.14,279.05,123124236.0,6434458385.0,0.06851943812664835,False,600036,招商银行
2021-08-19,277.27,278.84,269.71,270.86,67630059.0,3515991219.0,-0.029788895007217285,False,600036,招商银行
2021-08-20,271.7,276.06,262.04,267.97,69376473.0,3537372069.0,-0.010727048280658806,False,600036,招商银行
2021-08-23,270.34,277.64,268.92,272.49,53901721.0,2806624180.0,0.016726882235665416,False,600036,招商银行
2021-08-24,273.17,277.53,267.87,274.12,52827690.0,2748379141.0,0.005964050535390971,False,600036,招商银行
2021-08-25,276.11,276.8,268.92,270.07,40738077.0,2107816696.0,-0.014884782061863106,False,600036,招商银行
2021-08-26,272.7,272.7,259.83,260.46,76303507.0,3825334082.0,-0.03623188611620279,False,600036,招商银行
2021-08-27,260.99,266.87,259.94,264.4,38614176.0,1942863649.0,0.015013809437973976,False,600036,招商银行
2021-08-30,264.4,264.4,250.01,254.42,107968202.0,5224229635.0,-0.03847666324946627,False,600036,招商银行
2021-08-31,254.42,259.68,251.27,257.1,71044024.0,3451030103.0,0.010478669543779072,False,600036,招商银行
2021-09-01,256.68,267.55,255.21,266.71,82605536.0,4129767782.0,0.036696811526278905,False,600036,招商银行
2021-09-02,266.19,272.44,264.14,270.97,72620098.0,3729206237.0,0.015846187846747472,False,600036,招商银行
2021-09-03,271.49,274.8,264.72,273.07,64257332.0,3321589086.0,0.007720058929008362,False,600036,招商银行
2021-09-06,270.49,277.01,268.76,268.87,54742847.0,2830673161.0,-0.015500181160751624,False,600036,招商银行
2021-09-07,269.34,278.74,264.93,277.32,77232009.0,4026086396.0,0.030944082661162827,False,600036,招商银行
2021-09-08,276.85,281.21,274.43,275.22,55390668.0,2921088035.0,-0.00760129623715387,False,600036,招商银行
2021-09-09,273.59,276.64,271.39,273.59,35780025.0,1863278532.0,-0.005940142464299606,False,600036,招商银行
2021-09-10,273.07,286.3,271.75,284.2,107097799.0,5766878119.0,0.03804758029016402,False,600036,招商银行
2021-09-13,281.84,286.19,280.94,283.15,59283043.0,3202583507.0,-0.0037014231031863407,False,600036,招商银行
2021-09-14,285.14,288.24,272.02,273.59,63116569.0,3336827188.0,-0.03434615718697782,False,600036,招商银行
2021-09-15,273.07,275.64,266.77,269.92,54233793.0,2799380278.0,-0.013505016575177931,False,600036,招商银行
2021-09-16,269.02,272.17,263.67,266.24,62989614.0,3193865170.0,-0.013727461164814462,False,600036,招商银行
2021-09-17,266.66,270.65,265.19,269.13,42016472.0,2143690281.0,0.010796376606458005,False,600036,招商银行
2021-09-22,255.63,262.46,252.59,259.47,112259622.0,5492053805.0,-0.03655344525277155,False,600036,招商银行
2021-09-23,259.94,265.35,255.26,256.47,86102453.0,4246316974.0,-0.011629390280278156,False,600036,招商银行
2021-09-24,254.42,259.05,254.16,256.1,53203933.0,2596408378.0,-0.0014437055007724725,False,600036,招商银行
2021-09-27,253.58,261.51,253.16,257.79,66790515.0,3265832147.0,0.006577306787761685,False,600036,招商银行
2021-09-28,257.84,267.71,257.79,264.77,70992547.0,3562616329.0,0.02671622460010959,False,600036,招商银行
2021-09-29,262.3,273.96,260.52,270.76,90460986.0,4619317490.0,0.022371295047055862,False,600036,招商银行
2021-09-30,269.92,270.07,263.09,264.93,58611808.0,2960621631.0,-0.021767179491586238,False,600036,招商银行
2021-10-08,262.67,268.24,262.67,267.45,64555292.0,3266919267.0,0.009466992828438527,False,600036,招商银行
2021-10-11,270.13,284.51,270.13,278.32,97177865.0,5171368866.0,0.0398388978664274,False,600036,招商银行
2021-10-12,276.74,282.47,274.64,278.79,58937329.0,3129716165.0,0.0016872793936712376,False,600036,招商银行
2021-10-13,278.06,280.42,273.33,278.48,44255673.0,2335530448.0,-0.001112566734174226,False,600036,招商银行
2021-10-14,278.27,279.63,274.12,274.96,28899621.0,1518009834.0,-0.012720610961605152,False,600036,招商银行
2021-10-15,275.43,280.63,274.9,279.95,42035759.0,2230147908.0,0.0179853832533239,False,600036,招商银行
2021-10-18,279.95,280.16,270.7,272.33,57794539.0,3008070372.0,-0.027596449579998128,False,600036,招商银行
2021-10-19,274.38,280.0,273.07,277.69,48169257.0,2545615998.0,0.019490817366647928,False,600036,招商银行
2021-10-20,279.42,281.68,274.54,275.17,30570959.0,1612336024.0,-0.009116295092469716,False,600036,招商银行
2021-10-21,277.53,283.57,276.22,282.26,57658698.0,3084324265.0,0.025439543496778648,False,600036,招商银行
2021-10-22,284.04,287.77,282.15,285.09,54715058.0,2967094160.0,0.009976287905472558,False,600036,招商银行
2021-10-25,282.68,288.45,278.84,286.67,62334126.0,3376970796.0,0.005526808527483573,False,600036,招商银行
2021-10-26,286.67,295.28,285.14,290.4,71542369.0,3961794950.0,0.01292755453182404,False,600036,招商银行
2021-10-27,289.87,289.87,282.68,286.3,42039441.0,2287323386.0,-0.014219070846571563,False,600036,招商银行
2021-10-28,285.14,288.82,282.78,284.72,34623228.0,1883008799.0,-0.005533970902132034,False,600036,招商银行
2021-10-29,284.72,287.51,281.99,283.41,40543943.0,2197661117.0,-0.0046116287527846215,False,600036,招商银行
2021-11-01,283.57,288.3,279.89,284.2,42501781.0,2300857413.0,0.0027836032138474124,False,600036,招商银行
2021-11-02,285.41,286.14,271.33,274.38,75220649.0,3957181527.0,-0.03516420876498141,False,600036,招商银行
2021-11-03,274.9,275.64,271.33,271.49,44437241.0,2312474223.0,-0.010588700614881577,False,600036,招商银行
2021-11-04,273.07,273.59,269.29,271.75,48291475.0,2492815499.0,0.0009572197181815759,False,600036,招商银行
2021-11-05,271.6,273.64,270.02,270.76,36197416.0,1871325317.0,-0.0036497063609120172,False,600036,招商银行
2021-11-08,269.5,272.54,266.77,269.39,38674906.0,1984383358.0,-0.0050726758779599404,False,600036,招商银行
2021-11-09,269.92,271.49,265.71,268.13,38788364.0,1979827705.0,-0.004688206235389615,False,600036,招商银行
2021-11-10,268.13,268.6,262.77,265.87,55807106.0,2812533072.0,-0.008464470013295085,False,600036,招商银行
2021-11-11,265.45,277.64,264.98,277.37,84973170.0,4430680097.0,0.04234488743862309,False,600036,招商银行
2021-11-12,277.37,279.26,274.38,275.17,34359656.0,1807134405.0,-0.007963266463302915,False,600036,招商银行
2021-11-15,277.22,281.52,275.01,277.95,36695032.0,1941710247.0,0.010052152910396225,False,600036,招商银行
2021-11-16,277.79,280.31,273.91,275.69,32231509.0,1699581537.0,-0.008164195336941463,False,600036,招商银行
2021-11-17,274.22,277.43,272.07,272.23,33938551.0,1768981458.0,-0.012629748839567674,False,600036,招商银行
2021-11-18,272.02,273.07,267.82,269.97,34244267.0,1762554164.0,-0.008336455509002368,False,600036,招商银行
2021-11-19,270.34,276.95,268.39,274.8,46466797.0,2419758611.0,0.017732718634227373,False,600036,招商银行
2021-11-22,273.59,274.85,270.91,271.44,37653834.0,1952025765.0,-0.012302439872219642,False,600036,招商银行
2021-11-23,271.75,274.64,270.13,271.75,38914891.0,2014132978.0,0.0011414055253441064,False,600036,招商银行
2021-11-24,270.91,272.54,268.71,271.7,31503965.0,1622099211.0,-0.00018400956901683027,False,600036,招商银行
2021-11-25,271.49,271.49,269.08,270.02,21566020.0,1107928517.0,-0.006202486103201976,False,600036,招商银行
2021-11-26,268.87,270.18,261.93,263.09,82335731.0,4141774917.0,-0.025999851367028724,False,600036,招商银行
2021-11-29,261.41,263.09,256.37,261.62,82724704.0,4081227201.0,-0.00560310970199021,False,600036,招商银行
2021-11-30,259.83,261.78,256.84,259.89,61004256.0,3008854122.0,-0.00663460468992243,False,600036,招商银行
2021-12-01,259.83,263.61,258.78,262.51,50036103.0,2498326167.0,0.010030711974009907,False,600036,招商银行
2021-12-02,262.62,267.82,259.89,267.24,55607048.0,2814606846.0,0.017857954513108173,False,600036,招商银行
2021-12-03,268.18,269.29,265.03,269.13,49407647.0,2518566499.0,0.00704740318202534,False,600036,招商银行
2021-12-06,270.39,275.17,269.55,272.12,60471643.0,3140183373.0,0.011048611237558247,False,600036,招商银行
2021-12-07,274.59,276.11,268.34,272.23,54077371.0,2797815012.0,0.00040415174610927094,False,600036,招商银行
2021-12-08,272.96,274.54,269.92,273.28,49097472.0,2543266829.0,0.0038496133772357322,False,600036,招商银行
2021-12-09,274.38,282.73,272.02,279.0,84055721.0,4454333955.0,0.020714871221160596,False,600036,招商银行
2021-12-10,277.79,280.89,276.64,280.89,56426281.0,2996780162.0,0.006751351797541872,False,600036,招商银行
2021-12-13,281.26,284.62,275.22,275.27,64554566.0,3432179789.0,-0.020210699438741084,False,600036,招商银行
2021-12-14,274.75,275.69,267.03,268.6,81062947.0,4165403558.0,-0.024529150091029066,False,600036,招商银行
2021-12-15,267.82,269.6,266.66,267.82,37849327.0,1929195599.0,-0.002908171021717211,False,600036,招商银行
2021-12-16,267.34,269.39,265.77,268.87,38365339.0,1957514899.0,0.003912878345706623,False,600036,招商银行
2021-12-17,268.29,269.92,266.03,266.61,47644905.0,2422698276.0,-0.008441074994633204,False,600036,招商银行
2021-12-20,266.24,269.39,264.61,266.19,47082627.0,2394420816.0,-0.001576576903137471,False,600036,招商银行
2021-12-21,265.98,267.76,264.14,265.87,35694442.0,1808288477.0,-0.0012028720015939318,False,600036,招商银行
2021-12-22,265.87,266.5,261.93,262.62,43682819.0,2189842100.0,-0.012299347082903256,False,600036,招商银行
2021-12-23,263.14,263.93,260.88,263.72,42370871.0,2115301002.0,0.004179813814239993,False,600036,招商银行
2021-12-24,263.72,263.72,261.72,261.83,34465068.0,1721265879.0,-0.007192496043318099,False,600036,招商银行
2021-12-27,261.88,262.88,257.31,259.05,73594333.0,3634240465.0,-0.01067434494098361,False,600036,招商银行
2021-12-28,259.05,261.51,258.36,260.62,65322073.0,3237655243.0,0.006042314455962662,False,600036,招商银行
2021-12-29,260.83,261.09,250.01,250.07,143890268.0,6964711566.0,-0.04132252904719778,False,600036,招商银行
2021-12-30,251.48,256.16,250.28,254.69,96791651.0,4682207989.0,0.0183062406683638,False,600036,招商银行
2021-12-31,254.9,256.68,253.79,255.79,49293501.0,2399746929.0,0.004309676001224926,False,600036,招商银行
2022-01-04,255.79,255.79,249.49,253.9,71960645.0,3452352170.0,-0.007416306628518041,False,600036,招商银行
2022-01-05,254.63,260.88,254.16,257.58,83717375.0,4114524304.0,0.014389862753891333,False,600036,招商银行
2022-01-06,256.37,259.36,252.59,252.85,68186664.0,3299825727.0,-0.018533923938532208,False,600036,招商银行
2022-01-07,252.8,258.05,252.27,257.58,66073705.0,3219523408.0,0.018533923938532215,False,600036,招商银行
2022-01-10,259.78,262.56,256.84,258.52,57093634.0,2818145071.0,0.00364270893017046,False,600036,招商银行
2022-01-11,259.89,263.09,256.74,261.78,71561748.0,3558651499.0,0.012531395968878546,False,600036,招商银行
2022-01-12,261.88,263.09,258.31,261.3,51841118.0,2574764177.0,-0.0018352838370063293,False,600036,招商银行
2022-01-13,261.78,262.83,257.94,259.1,40140754.0,1989903367.0,-0.008455084958502425,False,600036,招商银行
2022-01-14,259.78,259.78,252.06,252.17,66657098.0,3218203400.0,-0.02711062432447636,False,600036,招商银行
2022-01-17,254.0,256.53,251.48,255.11,53180761.0,2574842950.0,0.011591361449468093,False,600036,招商银行
2022-01-18,255.47,259.1,253.53,257.37,57907708.0,2835126315.0,0.00881991355992761,False,600036,招商银行
2022-01-19,259.78,262.46,257.89,260.99,62028026.0,3078947655.0,0.013967354159457848,False,600036,招商银行
2022-01-20,261.93,272.49,261.93,269.76,138624871.0,7089347716.0,0.03305058240104909,False,600036,招商银行
2022-01-21,269.86,273.07,268.92,272.12,85808094.0,4439219181.0,0.008710470663369541,False,600036,招商银行
2022-01-24,272.8,273.07,267.97,272.28,63815520.0,3288272324.0,0.0005878031028905688,False,600036,招商银行
2022-01-25,270.7,271.96,266.24,267.29,58351289.0,2987207430.0,-0.018496737283213917,False,600036,招商银行
2022-01-26,269.13,270.39,265.71,267.82,43669628.0,2226767107.0,0.001980901770883323,False,600036,招商银行
2022-01-27,267.29,268.76,263.19,266.61,52940057.0,2687973691.0,-0.004528196648926496,False,600036,招商银行
2022-01-28,268.08,268.87,258.1,258.42,71514411.0,3576839774.0,-0.031200748124419288,False,600036,招商银行
2022-02-07,264.14,270.44,263.25,269.65,73234913.0,3741572656.0,0.042538653489161596,False,600036,招商银行
2022-02-08,270.7,273.07,267.76,271.54,52824176.0,2724121499.0,0.006984636388899381,False,600036,招商银行
2022-02-09,272.54,274.85,269.29,271.07,51220706.0,2651984749.0,-0.0017323680637771602,False,600036,招商银行
2022-02-10,272.54,272.54,267.82,271.54,33554247.0,1725040529.0,0.0017323680637772831,False,600036,招商银行
2022-02-11,272.12,278.32,271.23,277.06,80993265.0,4267478082.0,0.020124631057597632,False,600036,招商银行
2022-02-14,278.27,278.27,267.82,268.87,59405166.0,3060509962.0,-0.030006097816606188,False,600036,招商银行
2022-02-15,267.55,269.81,262.3,263.72,56617903.0,2851170329.0,-0.019340057168027783,False,600036,招商银行
2022-02-16,265.5,269.71,263.77,268.18,40495579.0,2065162806.0,0.016770462606397116,False,600036,招商银行
2022-02-17,269.23,272.96,267.4,270.23,44157043.0,2281127847.0,0.007615051378859614,False,600036,招商银行
2022-02-18,269.13,273.64,269.13,273.38,35439010.0,1837821806.0,0.0115893204941514,False,600036,招商银行
2022-02-21,272.17,272.49,267.87,271.81,31345076.0,1610843080.0,-0.005759475925617698,False,600036,招商银行
2022-02-22,268.24,269.65,266.45,268.97,36983993.0,1887326607.0,-0.010503443579900754,False,600036,招商银行
2022-02-23,270.23,270.23,265.98,266.92,37499974.0,1905978106.0,-0.007650861183582665,False,600036,招商银行
2022-02-24,265.45,265.61,261.78,262.67,48238083.0,2418202039.0,-0.01605049657082831,False,600036,招商银行
2022-02-25,262.77,265.19,260.2,261.57,45184050.0,2256854494.0,-0.004196557356744259,False,600036,招商银行
2022-02-28,260.41,262.25,258.94,261.51,33528964.0,1662895005.0,-0.00022941041623904962,False,600036,招商银行
2022-03-01,262.56,265.19,259.2,263.82,40645436.0,2027737708.0,0.008794528729179461,False,600036,招商银行
2022-03-02,261.51,263.77,259.62,259.78,39707598.0,1972076233.0,-0.015431933441635867,False,600036,招商银行
2022-03-03,260.36,262.41,259.68,261.15,31128967.0,1546031524.0,0.0052598359031699,False,600036,招商银行
2022-03-04,258.63,259.36,254.69,255.74,57789720.0,2818733866.0,-0.02093365149928546,False,600036,招商银行
2022-03-07,252.11,253.43,244.18,245.55,101435369.0,4773665662.0,-0.04066071089776861,False,600036,招商银行
2022-03-08,244.5,245.6,237.36,238.83,83466464.0,3842685602.0,-0.02774859071665704,False,600036,招商银行
2022-03-09,239.46,240.14,225.86,233.1,90043112.0,4012104662.0,-0.024284455726885194,False,600036,招商银行
2022-03-10,239.46,239.98,234.36,234.73,67149583.0,3031093298.0,0.006968371399084319,False,600036,招商银行
2022-03-11,233.68,235.2,226.33,233.42,74052488.0,3252533334.0,-0.005596511456588265,False,600036,招商银行
2022-03-14,228.43,230.95,221.08,221.34,108046557.0,4627178709.0,-0.05313942514756827,False,600036,招商银行
2022-03-15,218.51,218.51,205.75,207.16,131309249.0,5293255402.0,-0.06620853928094864,False,600036,招商银行
2022-03-16,210.37,224.75,209.58,223.6,137744932.0,5685452904.0,0.07636729972525336,False,600036,招商银行
2022-03-17,231.84,237.2,229.32,233.73,131964759.0,5873750265.0,0.044307861729932285,False,600036,招商银行
2022-03-18,234.21,242.45,231.16,242.45,92358531.0,4173209905.0,0.03662890054048481,False,600036,招商银行
2022-03-21,240.98,240.98,234.21,235.31,79103220.0,3566893332.0,-0.02989170978357215,False,600036,招商银行
2022-03-22,236.52,240.82,235.36,239.09,54903830.0,2497185117.0,0.015936256317053074,False,600036,招商银行
2022-03-23,239.93,241.4,237.88,240.3,46995984.0,2148515086.0,0.005048092657581122,False,600036,招商银行
2022-03-24,239.46,242.03,238.2,240.35,38033234.0,1742027092.0,0.00020805159754643646,False,600036,招商银行
2022-03-25,240.04,241.3,236.31,237.25,31825936.0,1445681951.0,-0.012981756849932474,False,600036,招商银行
2022-03-28,235.47,238.93,232.37,236.57,38645874.0,1736237601.0,-0.0028702902657213297,False,600036,招商银行
2022-03-29,237.1,239.2,235.84,236.36,34962089.0,1580213154.0,-0.0008880807468420717,False,600036,招商银行
2022-03-30,238.2,243.13,238.15,242.77,52072269.0,2389901320.0,0.026758426589541747,False,600036,招商银行
2022-03-31,241.51,247.44,240.61,245.76,61588490.0,2878948597.0,0.012240956892291627,False,600036,招商银行
2022-04-01,244.13,249.28,243.03,247.34,47613944.0,2233625273.0,0.006408458354603807,False,600036,招商银行
2022-04-06,243.66,250.64,243.55,248.86,47826855.0,2260412706.0,0.006126581033574123,False,600036,招商银行
2022-04-07,248.65,249.91,244.6,246.08,37720107.0,1776370371.0,-0.011233803030205982,False,600036,招商银行
2022-04-08,245.23,247.76,244.71,247.76,36423474.0,1711753064.0,0.006803849347668223,False,600036,招商银行
2022-04-11,245.29,246.13,239.41,241.03,49261173.0,2263984281.0,-0.027539128593649053,False,600036,招商银行
2022-04-12,242.61,243.97,236.89,239.98,58884049.0,2691571030.0,-0.004365820535055423,False,600036,招商银行
2022-04-13,239.98,242.08,237.94,240.25,44822252.0,2054724468.0,0.0011244613141589987,False,600036,招商银行
2022-04-14,241.61,243.82,240.25,240.3,32661329.0,1503135689.0,0.0002080948920214312,False,600036,招商银行
2022-04-15,239.98,246.81,238.88,245.92,42315903.0,1962144157.0,0.023118137047862312,False,600036,招商银行
2022-04-18,241.35,241.35,224.65,227.85,236677506.0,10320718085.0,-0.07631876208039416,False,600036,招商银行
2022-04-19,220.55,224.49,217.4,221.08,250477022.0,10505571111.0,-0.030162890744829304,False,600036,招商银行
2022-04-20,219.5,220.45,214.78,215.83,131826851.0,5440590528.0,-0.02403356619418316,False,600036,招商银行
2022-04-21,213.73,221.08,213.2,216.77,114350098.0,4747988004.0,0.004345822835953118,False,600036,招商银行
2022-04-22,213.52,225.65,213.46,223.18,119533984.0,5041291328.0,0.029141737150722893,False,600036,招商银行
2022-04-25,212.05,215.04,203.33,203.91,236874515.0,9367538010.0,-0.09029990073089866,False,600036,招商银行
2022-04-26,204.06,205.64,197.45,201.7,145471877.0,5605383081.0,-0.01089727506649048,False,600036,招商银行
2022-04-27,198.66,202.86,197.5,199.76,154620795.0,5867256791.0,-0.009664798988648264,False,600036,招商银行
2022-04-28,199.86,210.47,199.29,208.06,156452310.0,6124749761.0,0.040709853671231484,False,600036,招商银行
2022-04-29,205.33,211.15,203.33,209.68,123692861.0,4884561443.0,0.007756059372401825,False,600036,招商银行
2022-05-05,208.27,211.0,204.9,206.17,94425132.0,3712525676.0,-0.016881487832674257,False,600036,招商银行
2022-05-06,203.22,203.49,199.02,199.08,88945545.0,3392746139.0,-0.03499431719212322,False,600036,招商银行
2022-05-09,198.5,198.6,189.83,191.51,125240592.0,4603133911.0,-0.03876672741188528,False,600036,招商银行
2022-05-10,188.94,195.14,185.16,194.19,121763735.0,4424738771.0,0.01389703464706024,False,600036,招商银行
2022-05-11,193.4,197.24,192.2,195.4,87239856.0,3245600405.0,0.006211678383153954,False,600036,招商银行
2022-05-12,193.25,194.61,191.3,192.25,63002311.0,2309969909.0,-0.016252131222929084,False,600036,招商银行
2022-05-13,194.19,197.45,193.77,195.09,70130077.0,2610117535.0,0.014664382163416744,False,600036,招商银行
2022-05-16,194.98,194.98,191.36,193.72,64474236.0,2373534396.0,-0.007047173014141778,False,600036,招商银行
2022-05-17,196.19,202.86,196.19,202.7,118395443.0,4517008501.0,0.045313235922925924,False,600036,招商银行
2022-05-18,204.8,205.22,199.02,202.17,88775539.0,3406772014.0,-0.0026181258317190315,False,600036,招商银行
2022-05-19,198.97,200.86,197.03,199.71,54201095.0,2054604084.0,-0.012242613345513291,False,600036,招商银行
2022-05-20,203.49,211.0,203.49,209.84,133887244.0,5296502627.0,0.04947902127789631,False,600036,招商银行
2022-05-23,209.89,210.31,207.16,207.37,61808829.0,2449773575.0,-0.011840698248869148,False,600036,招商银行
2022-05-24,207.95,209.16,203.96,204.27,68742972.0,2695176600.0,-0.015061989146764,False,600036,招商银行
2022-05-25,204.69,205.33,202.91,203.64,48902540.0,1897867054.0,-0.003088919128849875,False,600036,招商银行
2022-05-26,204.8,204.8,199.97,201.81,61542963.0,2361966487.0,-0.009027068328511086,False,600036,招商银行
2022-05-27,204.27,206.95,203.38,205.43,60839589.0,2382330330.0,0.01777868259879568,False,600036,招商银行
2022-05-30,207.43,207.43,203.7,205.17,47153667.0,1841958552.0,-0.0012664395263054812,False,600036,招商银行
2022-05-31,205.06,208.74,203.75,208.42,64540394.0,2550654577.0,0.015716370786166955,False,600036,招商银行
2022-06-01,208.48,208.48,206.22,208.42,43383408.0,1714345935.0,0.0,False,600036,招商银行
2022-06-02,206.38,207.06,203.43,204.38,54728121.0,2129924528.0,-0.019574268380218394,False,600036,招商银行
2022-06-06,204.01,204.96,200.07,204.64,69870287.0,2692557419.0,0.0012713316464694631,False,600036,招商银行
2022-06-07,204.59,207.43,203.07,206.64,62272629.0,2441620703.0,0.009725810957052598,False,600036,招商银行
2022-06-08,206.69,207.95,204.9,207.58,59693086.0,2345955707.0,0.0045386587495579766,False,600036,招商银行
2022-06-09,207.43,213.2,206.95,211.57,90860722.0,3656593721.0,0.019039105458082985,False,600036,招商银行
2022-06-10,209.58,210.89,207.43,210.68,79539375.0,3166842600.0,-0.004215518380037417,False,600036,招商银行
2022-06-13,207.74,207.74,201.33,202.54,97131216.0,3770847475.0,-0.03940299671104973,False,600036,招商银行
2022-06-14,200.6,206.38,200.13,206.06,59836244.0,2314895047.0,0.017229990612783137,False,600036,招商银行
2022-06-15,205.8,215.83,205.8,212.57,139489478.0,5639026274.0,0.03110395736811205,False,600036,招商银行
2022-06-16,214.67,215.2,209.84,209.84,63688339.0,2567652086.0,-0.012926010326415865,False,600036,招商银行
2022-06-17,209.21,210.94,206.22,209.26,55073077.0,2188790580.0,-0.002767837605717063,False,600036,招商银行
2022-06-20,209.47,210.58,206.9,208.48,61420616.0,2440349614.0,-0.003734384576366233,False,600036,招商银行
2022-06-21,208.69,213.46,207.16,211.78,58391388.0,2351462261.0,0.015704886625773486,False,600036,招商银行
2022-06-22,212.15,212.52,206.38,206.43,73071187.0,2896990424.0,-0.025586628119810176,False,600036,招商银行
2022-06-23,206.48,211.15,206.48,210.79,61602983.0,2459925121.0,0.020901005329305035,False,600036,招商银行
2022-06-24,211.47,213.15,208.27,211.1,63995033.0,2559336619.0,0.0014695776424715693,False,600036,招商银行
2022-06-27,211.78,217.19,210.84,216.62,89340811.0,3664489439.0,0.025812711553316218,False,600036,招商银行
2022-06-28,215.83,217.51,214.78,216.77,49916367.0,2054696486.0,0.0006922171992411145,False,600036,招商银行
2022-06-29,216.72,219.03,215.25,215.36,62280411.0,2571017815.0,-0.006525837150469249,False,600036,招商银行
2022-06-30,215.51,224.23,215.09,221.6,83262823.0,3502837233.0,0.02856290841676566,False,600036,招商银行
2022-07-01,222.55,222.55,216.41,217.3,69574815.0,2888674475.0,-0.019595067610744733,False,600036,招商银行
2022-07-04,216.77,217.25,214.25,215.57,48691785.0,2000021774.0,-0.007993204477041679,False,600036,招商银行
2022-07-05,217.72,218.82,214.04,215.2,53453841.0,2198036073.0,-0.0017178544977129423,False,600036,招商银行
2022-07-06,215.09,215.78,207.95,209.0,88526638.0,3542584702.0,-0.02923357632281824,False,600036,招商银行
2022-07-07,209.0,210.94,207.69,208.74,50812921.0,2024650566.0,-0.0012447935729052952,False,600036,招商银行
2022-07-08,211.1,211.21,208.11,209.05,48036145.0,1912947040.0,0.0014839994106683834,False,600036,招商银行
2022-07-11,207.85,208.42,205.85,207.11,40375487.0,1589869330.0,-0.009323404714514484,False,600036,招商银行
2022-07-12,206.69,209.0,204.96,206.38,58062988.0,2285703404.0,-0.003530923400491335,False,600036,招商银行
2022-07-13,205.17,206.11,197.92,199.02,141083081.0,5383917613.0,-0.03631380750055211,False,600036,招商银行
2022-07-14,195.19,195.3,186.42,191.57,232523374.0,8431357290.0,-0.03815204511000645,False,600036,招商银行
2022-07-15,192.34,197.06,191.03,191.08,138245173.0,4872775479.0,-0.002561088555248508,False,600036,招商银行
2022-07-18,192.62,196.4,191.85,195.25,90308021.0,3202227202.0,0.021588600198034175,False,600036,招商银行
2022-07-19,194.54,196.45,192.89,195.69,53781384.0,1910448534.0,0.0022509857563188817,False,600036,招商银行
2022-07-20,196.95,197.93,195.69,196.45,46968871.0,1685116916.0,0.003876171528354443,False,600036,招商银行
2022-07-21,194.76,196.35,193.82,194.32,46624082.0,1656137612.0,-0.010901661310551664,False,600036,招商银行
2022-07-22,194.81,197.55,193.17,195.03,51033274.0,1817477340.0,0.003647108190570123,False,600036,招商银行
2022-07-25,193.88,197.17,193.0,196.45,40464861.0,1447583000.0,0.007254553119981675,False,600036,招商银行
2022-07-26,196.45,199.19,196.13,199.09,45628522.0,1651632360.0,0.013349037787236446,False,600036,招商银行
2022-07-27,198.54,199.19,196.78,197.55,44247135.0,1597140637.0,-0.007765266934305397,False,600036,招商银行
2022-07-28,197.82,199.19,195.91,196.07,57066760.0,2054633516.0,-0.0075199785300693175,False,600036,招商银行
2022-07-29,196.35,198.26,191.85,192.18,64970631.0,2299974527.0,-0.020039305478208654,False,600036,招商银行
2022-08-01,191.74,191.85,188.78,189.17,70588273.0,2445426274.0,-0.015786351171549893,False,600036,招商银行
2022-08-02,187.41,187.47,182.65,185.82,81160751.0,2741206158.0,-0.017867618464405537,False,600036,招商银行
2022-08-03,185.77,189.0,180.56,181.17,100320625.0,3341394264.0,-0.025342646225246918,False,600036,招商银行
2022-08-04,182.65,184.67,182.1,184.45,59307271.0,1986094524.0,0.017942607054765136,False,600036,招商银行
2022-08-05,185.28,188.18,184.23,187.96,48871948.0,1660667569.0,0.018850750191930405,False,600036,招商银行
2022-08-08,187.36,189.0,184.23,185.82,57211197.0,1942979975.0,-0.011450711021448606,False,600036,招商银行
2022-08-09,186.04,186.04,183.03,184.13,49867119.0,1675279850.0,-0.009136433334037679,False,600036,招商银行
2022-08-10,183.91,184.67,181.0,181.66,52960480.0,1758806053.0,-0.013505221805061233,False,600036,招商银行
2022-08-11,183.36,188.51,181.82,188.29,82668809.0,2799671312.0,0.035846519434269614,False,600036,招商银行
2022-08-12,187.19,188.73,186.48,188.34,40200050.0,1377797391.0,0.00026551257358020625,False,600036,招商银行
2022-08-15,186.86,188.13,183.74,184.84,45918083.0,1554089642.0,-0.018758254079851513,False,600036,招商银行
2022-08-16,185.55,188.34,184.95,185.82,47915454.0,1629408747.0,0.005287877211100792,False,600036,招商银行
2022-08-17,186.32,188.13,183.8,187.63,45395476.0,1545822426.0,0.009693475286116865,False,600036,招商银行
2022-08-18,187.03,187.25,183.25,184.78,50734443.0,1709182803.0,-0.015306010256684103,False,600036,招商银行
2022-08-19,183.47,187.14,183.36,185.49,42844967.0,1455096383.0,0.00383504399598794,False,600036,招商银行
2022-08-22,183.8,186.97,183.58,184.23,52563482.0,1773361292.0,-0.006815995229169617,False,600036,招商银行
2022-08-23,184.07,184.13,180.95,181.39,53965720.0,1791825378.0,-0.01553556763953944,False,600036,招商银行
2022-08-24,181.6,183.25,179.74,179.96,58965852.0,1950217427.0,-0.007914805396906397,False,600036,招商银行
2022-08-25,180.29,185.06,178.59,184.62,65073875.0,2161568446.0,0.02556505458903379,False,600036,招商银行
2022-08-26,184.67,186.54,182.65,184.67,54968310.0,1852196046.0,0.00027078989577576364,False,600036,招商银行
2022-08-29,182.54,185.33,181.44,182.37,38901392.0,1293596316.0,-0.012532858029040401,False,600036,招商银行
2022-08-30,181.44,185.6,181.28,185.17,59087736.0,1983189091.0,0.015236731620983634,False,600036,招商银行
2022-08-31,183.8,193.11,183.41,192.07,166545105.0,5773783194.0,0.036585566867036116,False,600036,招商银行
2022-09-01,191.03,192.02,189.0,189.06,60742108.0,2109230456.0,-0.01579546391952229,False,600036,招商银行
2022-09-02,189.6,191.25,186.97,188.07,47663498.0,1638046863.0,-0.005250191043251436,False,600036,招商银行
2022-09-05,187.69,188.45,183.91,187.58,46737206.0,1585571171.0,-0.0026088128731942533,False,600036,招商银行
2022-09-06,188.07,190.43,183.58,184.23,87756101.0,2969378343.0,-0.018020444071375003,False,600036,招商银行
2022-09-07,182.76,183.47,181.17,182.92,62522016.0,2077538980.0,-0.00713607821956311,False,600036,招商银行
2022-09-08,182.86,183.74,182.21,182.48,41667222.0,1390770603.0,-0.0024083208137218345,False,600036,招商银行
2022-09-09,183.3,190.48,182.92,189.06,135166615.0,4636864234.0,0.03542384702110568,False,600036,招商银行
2022-09-13,188.78,195.36,187.91,193.71,143861057.0,5071277448.0,0.024297770309247173,False,600036,招商银行
2022-09-14,191.25,193.44,190.21,191.03,56078636.0,1960637593.0,-0.013931711530924979,False,600036,招商银行
2022-09-15,192.62,197.61,192.62,197.33,134095049.0,4805992201.0,0.03244697040577416,False,600036,招商银行
2022-09-16,195.58,197.28,191.36,191.52,86516134.0,3050978941.0,-0.029885212371671424,False,600036,招商银行
2022-09-19,191.19,193.55,190.43,192.29,44998129.0,1578116277.0,0.004012407352832675,False,600036,招商银行
2022-09-20,192.34,192.84,188.23,189.28,50434551.0,1745868528.0,-0.01577724893241916,False,600036,招商银行
2022-09-21,188.78,191.14,185.55,188.56,53038925.0,1821095332.0,-0.0038111416022009762,False,600036,招商银行
2022-09-22,186.32,187.69,185.82,187.25,38514551.0,1310807203.0,-0.006971636230546841,False,600036,招商银行
2022-09-23,186.32,189.93,186.32,188.29,36643717.0,1258753251.0,0.005538705111008288,False,600036,招商银行
2022-09-26,186.43,189.17,185.44,186.04,52549140.0,1789545993.0,-0.012021623152440779,False,600036,招商银行
2022-09-27,185.71,186.59,183.25,185.77,47541362.0,1604082625.0,-0.0014523549525834458,False,600036,招商银行
2022-09-28,185.17,186.32,183.14,184.51,48729860.0,1642543374.0,-0.006805686849521881,False,600036,招商银行
2022-09-29,186.26,188.07,180.84,181.66,61785902.0,2073148613.0,-0.015566854479723523,False,600036,招商银行
2022-09-30,182.26,186.04,181.49,184.4,53971707.0,1816711650.0,0.014970503048426075,False,600036,招商银行
2022-10-10,180.78,181.33,171.25,174.26,127799132.0,4068516527.0,-0.0565588743193528,False,600036,招商银行
2022-10-11,174.21,175.74,171.58,172.07,61866447.0,1953843165.0,-0.012647066038074433,False,600036,招商银行
2022-10-12,171.25,171.52,164.67,169.6,117369975.0,3590021718.0,-0.014458647407263625,False,600036,招商银行
2022-10-13,166.97,167.47,162.75,163.79,135038091.0,4045377680.0,-0.03485760386351452,False,600036,招商银行
2022-10-14,166.04,171.08,164.95,170.32,126919692.0,3911873392.0,0.03909390109093584,False,600036,招商银行
2022-10-17,168.23,170.86,167.36,169.99,64630961.0,1997396404.0,-0.001939408794545549,False,600036,招商银行
2022-10-18,171.52,171.96,168.23,168.78,56281382.0,1739815953.0,-0.007143520060857895,False,600036,招商银行
2022-10-19,168.34,170.26,165.55,165.82,52827518.0,1614469066.0,-0.017693229041747905,False,600036,招商银行
2022-10-20,164.4,166.86,163.74,164.78,55115404.0,1657020702.0,-0.006291611800628687,False,600036,招商银行
2022-10-21,165.22,165.88,161.66,162.1,72871094.0,2171956543.0,-0.01639782214581362,False,600036,招商银行
2022-10-24,161.05,161.6,153.44,153.55,145145835.0,4134436262.0,-0.05418718185479893,False,600036,招商银行
2022-10-25,153.55,156.01,152.4,154.48,86028249.0,2418347973.0,0.006038391233427593,False,600036,招商银行
2022-10-26,153.33,155.19,152.12,153.05,75402189.0,2113201163.0,-0.009299972728837405,False,600036,招商银行
2022-10-27,154.53,155.85,152.89,153.11,76286564.0,2145320724.0,0.0003919519255822088,False,600036,招商银行
2022-10-28,151.25,153.44,147.9,148.94,94946422.0,2601030856.0,-0.027613077034504347,False,600036,招商银行
2022-10-31,147.41,148.67,144.12,146.97,95303253.0,2553633471.0,-0.01331505596390639,False,600036,招商银行
2022-11-01,148.51,154.81,148.01,154.48,105901901.0,2937217653.0,0.049836153801665915,False,600036,招商银行
2022-11-02,154.31,157.27,152.62,155.74,72836102.0,2060238785.0,0.008123312028581136,False,600036,招商银行
2022-11-03,155.36,155.52,152.78,153.71,50172213.0,1410971285.0,-0.013120239911999218,False,600036,招商银行
2022-11-04,153.71,160.29,153.38,159.36,92682957.0,2676989831.0,0.03609808359944732,False,600036,招商银行
2022-11-07,157.82,161.27,156.84,159.79,54538019.0,1585520854.0,0.002694659315008938,False,600036,招商银行
2022-11-08,160.01,161.0,158.59,159.74,43978188.0,1281125722.0,-0.00031295966205418954,False,600036,招商银行
2022-11-09,159.74,161.93,158.92,159.9,46305956.0,1353976618.0,0.0010011263506656152,False,600036,招商银行
2022-11-10,158.92,160.56,157.66,159.96,40004562.0,1163044393.0,0.00037516413870903047,False,600036,招商银行
2022-11-11,164.95,174.26,162.81,171.19,168871688.0,5192860256.0,0.06785026680806931,False,600036,招商银行
2022-11-14,178.1,184.62,177.17,181.6,204968536.0,6818027855.0,0.059032415380505944,False,600036,招商银行
2022-11-15,181.66,185.39,179.47,182.37,91330506.0,3043238573.0,0.0042311242615479805,False,600036,招商银行
2022-11-16,182.26,183.47,180.07,182.92,61459443.0,2043574641.0,0.003011308361113622,False,600036,招商银行
2022-11-17,182.48,182.48,175.36,177.06,103715191.0,3358356944.0,-0.032560240606951334,False,600036,招商银行
2022-11-18,176.95,179.08,174.43,175.74,56273194.0,1805184083.0,-0.007483028115205906,False,600036,招商银行
2022-11-21,173.17,175.19,170.15,174.64,47910404.0,1512009170.0,-0.006278917826008813,False,600036,招商银行
2022-11-22,175.74,180.18,174.26,177.82,65416650.0,2120960840.0,0.01804509045130445,False,600036,招商银行
2022-11-23,177.17,180.56,176.18,176.56,57764427.0,1878620068.0,-0.007111040744511958,False,600036,招商银行
2022-11-24,178.65,180.12,175.8,176.56,40630100.0,1314257028.0,0.0,False,600036,招商银行
2022-11-25,176.51,182.04,176.34,180.95,83012155.0,2729700885.0,0.024559988061270462,False,600036,招商银行
2022-11-28,175.91,175.96,172.34,175.14,80937686.0,2566010758.0,-0.03263509591567306,False,600036,招商银行
2022-11-29,179.69,191.3,179.47,191.03,175318695.0,5977811958.0,0.08684482968148219,False,600036,招商银行
2022-11-30,188.13,194.21,187.41,191.58,87332461.0,3048012198.0,0.0028749921791852854,False,600036,招商银行
2022-12-01,196.73,200.02,190.97,191.8,83139723.0,2948536902.0,0.0011476864945922792,False,600036,招商银行
2022-12-02,191.8,191.8,187.19,188.45,59846240.0,2055897652.0,-0.017620442736193585,False,600036,招商银行
2022-12-05,191.63,197.82,189.66,197.82,105060439.0,3735713567.0,0.04852480659855019,False,600036,招商银行
2022-12-06,196.78,197.17,194.1,196.45,65110353.0,2322429385.0,-0.006949580307225941,False,600036,招商银行
2022-12-07,196.18,197.0,193.44,193.55,56460628.0,2005014219.0,-0.014872068980811497,False,600036,招商银行
2022-12-08,193.17,196.02,192.67,194.26,44355151.0,1574334290.0,0.0036615909505272946,False,600036,招商银行
2022-12-09,196.18,202.37,195.25,201.39,95816291.0,3491269582.0,0.036045858644585226,False,600036,招商银行
2022-12-12,199.52,200.56,195.52,196.13,60626240.0,2186064378.0,-0.026465621945350265,False,600036,招商银行
2022-12-13,195.8,198.7,195.14,198.04,38290398.0,1379130447.0,0.009691325819802749,False,600036,招商银行
2022-12-14,198.04,202.98,197.39,202.26,64436167.0,2361876160.0,0.021084967980802033,False,600036,招商银行
2022-12-15,200.67,202.54,198.48,199.09,40340341.0,1470344983.0,-0.015797014682319224,False,600036,招商银行
2022-12-16,198.92,203.85,198.92,203.25,60782001.0,2242781163.0,0.020679764636214897,False,600036,招商银行
2022-12-19,203.3,204.62,198.65,200.02,54784253.0,2014825882.0,-0.016019386879549905,False,600036,招商银行
2022-12-20,198.59,200.29,193.44,195.74,70291116.0,2518741582.0,-0.02163011355069654,False,600036,招商银行
2022-12-21,197.22,198.54,195.69,197.0,33049776.0,1188825669.0,0.006416480740315081,False,600036,招商银行
2022-12-22,200.18,201.93,198.65,200.02,35971483.0,1312827354.0,0.015213632810381574,False,600036,招商银行
2022-12-23,198.87,201.66,198.1,199.3,33058360.0,1204442484.0,-0.003606134329620994,False,600036,招商银行
2022-12-26,199.19,201.66,196.67,197.0,36047352.0,1309281788.0,-0.011607498480760594,False,600036,招商银行
2022-12-27,199.74,202.65,199.09,200.95,36790747.0,1350814519.0,0.01985239215722149,False,600036,招商银行
2022-12-28,200.95,205.61,200.46,204.57,52885997.0,1970716248.0,0.017854094305461157,False,600036,招商银行
2022-12-29,202.21,204.51,200.84,204.02,51362913.0,1902491092.0,-0.0026921869462982976,False,600036,招商银行
2022-12-30,204.62,206.21,203.8,204.18,52322805.0,1959907428.0,0.0007839294864964232,False,600036,招商银行
2023-01-03,203.2,207.03,200.18,205.94,60626616.0,2255334391.0,0.008582906487735393,False,600036,招商银行
2023-01-04,207.03,212.78,205.66,211.8,83645411.0,3207024324.0,0.028057568938701278,False,600036,招商银行
2023-01-05,213.66,215.2,210.43,210.98,61908519.0,2398823818.0,-0.003879090913643495,False,600036,招商银行
2023-01-06,211.85,213.33,207.63,210.32,59000699.0,2255711424.0,-0.003133161832036931,False,600036,招商银行
2023-01-09,210.48,214.26,210.48,212.62,49914886.0,1937276819.0,0.010876354438833467,False,600036,招商银行
2023-01-10,212.51,212.62,209.11,209.61,54197159.0,2078031131.0,-0.01425787362799013,False,600036,招商银行
2023-01-11,210.32,214.7,209.0,213.28,54170698.0,2107076772.0,0.017357195197929394,False,600036,招商银行
2023-01-12,214.32,214.54,212.24,213.99,30434871.0,1185494431.0,0.003323428527657891,False,600036,招商银行
2023-01-13,214.1,217.33,213.55,217.33,46376708.0,1825772733.0,0.015487650759554454,False,600036,招商银行
2023-01-16,219.2,225.44,218.1,221.77,88046855.0,3569434000.0,0.020223873062326637,False,600036,招商银行
2023-01-17,221.66,224.35,220.73,222.92,43204705.0,1752751493.0,0.005172153921397851,False,600036,招商银行
2023-01-18,222.76,224.4,220.46,221.28,29467472.0,1191075289.0,-0.007384094784887466,False,600036,招商银行
2023-01-19,220.29,223.58,218.76,222.76,47249021.0,1910434244.0,0.006666090805019806,False,600036,招商银行
2023-01-20,224.57,225.22,222.92,224.95,41340273.0,1692997050.0,0.009783196565713364,False,600036,招商银行
2023-01-30,233.17,233.61,229.33,230.32,100700740.0,4255796700.0,0.023591491016739234,False,600036,招商银行
2023-01-31,232.07,232.07,225.83,225.83,64231185.0,2677248182.0,-0.019687142474707577,False,600036,招商银行
2023-02-01,228.18,228.46,218.92,222.16,91679130.0,3709963959.0,-0.01638466083066869,False,600036,招商银行
2023-02-02,223.03,223.31,216.73,219.36,72723293.0,2898996931.0,-0.012683627184539737,False,600036,招商银行
2023-02-03,218.05,218.05,213.77,215.36,63816364.0,2506324574.0,-0.0184031693576413,False,600036,招商银行
2023-02-06,212.18,212.29,207.58,210.15,73100066.0,2790029317.0,-0.02448948500523731,False,600036,招商银行
2023-02-07,210.98,213.39,209.11,210.48,42657086.0,1643882586.0,0.001569075280911529,False,600036,招商银行
2023-02-08,210.98,213.28,210.21,210.92,31706528.0,1222704068.0,0.002088277930231659,False,600036,招商银行
2023-02-09,210.54,213.11,209.99,210.92,49817481.0,1920854681.0,0.0,False,600036,招商银行
2023-02-10,209.88,210.37,207.69,209.11,41102639.0,1567982948.0,-0.008618485363560566,False,600036,招商银行
2023-02-13,207.69,208.13,203.14,206.7,82518134.0,3095654450.0,-0.011591962610985922,False,600036,招商银行
2023-02-14,207.03,208.57,205.55,208.24,48607663.0,1836814072.0,0.007422793998587373,False,600036,招商银行
2023-02-15,208.24,208.73,202.76,203.69,77104778.0,2872782991.0,-0.02209203046026091,False,600036,招商银行
2023-02-16,203.85,207.41,202.87,204.24,65415231.0,2453427441.0,0.0026965427071793304,False,600036,招商银行
2023-02-17,203.58,204.84,201.0,201.17,57581280.0,2130963531.0,-0.01514545119274803,False,600036,招商银行
2023-02-20,201.77,211.03,201.77,210.92,108022830.0,4089276990.0,0.047328592921788634,False,600036,招商银行
2023-02-21,210.59,212.73,208.95,212.02,53046540.0,2043801362.0,0.005201695182682792,False,600036,招商银行
2023-02-22,210.76,211.52,209.0,209.11,38309139.0,1467027311.0,-0.013820180546243292,False,600036,招商银行
2023-02-23,209.11,212.46,209.11,209.72,37063824.0,1423074975.0,0.002912878405623584,False,600036,招商银行
2023-02-24,209.17,209.61,204.95,205.28,53369015.0,2011474600.0,-0.02139840683700577,False,600036,招商银行
2023-02-27,204.24,205.94,203.25,203.63,44933367.0,1674343230.0,-0.008070279304902735,False,600036,招商银行
2023-02-28,203.69,205.39,201.93,204.46,37822552.0,1405386500.0,0.004067735766444504,False,600036,招商银行
2023-03-01,204.13,210.1,203.85,209.61,57119401.0,2169732585.0,0.02487630390360102,False,600036,招商银行
2023-03-02,208.46,210.98,206.98,209.61,34907009.0,1332878911.0,0.0,False,600036,招商银行
2023-03-03,210.98,212.46,207.69,209.61,35711390.0,1365470222.0,0.0,False,600036,招商银行
2023-03-06,208.35,209.5,202.26,202.76,81051939.0,3015166370.0,-0.03322564762832051,False,600036,招商银行
2023-03-07,202.15,205.39,199.52,200.35,73741149.0,2722185234.0,-0.011957176521995063,False,600036,招商银行
2023-03-08,198.65,199.03,196.18,197.28,61658357.0,2216886862.0,-0.015441797666119307,False,600036,招商银行
2023-03-09,197.28,197.72,194.54,194.98,53999602.0,1928666141.0,-0.011727050214908776,False,600036,招商银行
2023-03-10,192.07,195.41,191.52,191.96,55845366.0,1963698972.0,-0.015609972211080575,False,600036,招商银行
2023-03-13,191.36,193.88,190.21,192.07,58420463.0,2046110685.0,0.0005728719267158147,False,600036,招商银行
2023-03-14,190.04,191.41,188.18,189.5,62666750.0,2168927834.0,-0.013470864394279518,False,600036,招商银行
2023-03-15,192.62,195.69,191.14,191.14,67638378.0,2380639264.0,0.008617119315552462,False,600036,招商银行
2023-03-16,189.06,192.62,187.47,189.88,40389489.0,1401995822.0,-0.0066138501549162865,False,600036,招商银行
2023-03-17,191.91,193.82,186.43,188.29,83271578.0,2893458533.0,-0.008408966174780262,False,600036,招商银行
2023-03-20,188.73,191.3,186.43,186.97,52072515.0,1790157157.0,-0.007035151331154213,False,600036,招商银行
2023-03-21,187.47,189.06,186.37,187.58,36747539.0,1256872360.0,0.0032572449036097615,False,600036,招商银行
2023-03-22,189.17,190.32,187.85,189.28,45986740.0,1587045184.0,0.00902197914928412,False,600036,招商银行
2023-03-23,188.51,193.66,188.07,192.89,54214633.0,1890730123.0,0.018892678006072017,False,600036,招商银行
2023-03-24,191.69,191.69,187.58,188.67,67871839.0,2342134999.0,-0.022120621012627118,False,600036,招商银行
2023-03-27,189.6,189.6,186.59,187.47,44983610.0,1538661024.0,-0.006380624614421634,False,600036,招商银行
2023-03-28,188.56,190.26,187.3,188.51,53323436.0,1834470874.0,0.005532223269720811,False,600036,招商银行
2023-03-29,189.66,190.15,186.86,186.97,41863012.0,1433206733.0,-0.008202879701637961,False,600036,招商银行
2023-03-30,187.14,188.45,184.73,188.23,56228970.0,1915822304.0,0.006716443158903841,False,600036,招商银行
2023-03-31,188.29,190.81,187.08,187.8,57779428.0,1993103479.0,-0.0022870525619239465,False,600036,招商银行
2023-04-03,188.02,188.78,186.21,188.34,50467501.0,1727952628.0,0.002871273307754501,False,600036,招商银行
2023-04-04,188.4,188.62,186.65,187.85,48782066.0,1668757196.0,-0.002605068061939328,False,600036,招商银行
2023-04-06,187.25,187.25,184.84,185.22,48679567.0,1650684312.0,-0.014099464277854896,False,600036,招商银行
2023-04-07,185.49,187.74,184.95,187.08,39414120.0,1343439511.0,0.0099920251155625,False,600036,招商银行
2023-04-10,187.14,187.96,186.15,187.63,33015949.0,1128256665.0,0.002935605641597582,False,600036,招商银行
2023-04-11,187.63,188.18,184.29,184.84,73399153.0,2485887912.0,-0.014981352497217543,False,600036,招商银行
2023-04-12,185.71,186.04,184.45,184.89,41612769.0,1403968679.0,0.00027046764019563596,False,600036,招商银行
2023-04-13,184.4,187.63,182.21,186.37,63430456.0,2142100175.0,0.007972891450312262,False,600036,招商银行
2023-04-14,187.41,190.65,186.43,188.45,69392338.0,2387857214.0,0.011098774620570647,False,600036,招商银行
2023-04-17,188.07,192.89,186.86,192.89,89373012.0,3107511587.0,0.02328735852300429,False,600036,招商银行
2023-04-18,192.95,199.19,192.45,195.52,94271463.0,3375509116.0,0.013542597747081771,False,600036,招商银行
2023-04-19,196.4,196.4,193.44,194.54,51088648.0,1815680622.0,-0.005024878541936273,False,600036,招商银行
2023-04-20,195.08,195.85,191.03,191.74,68091530.0,2393722845.0,-0.014497509792443665,False,600036,招商银行
2023-04-21,191.74,192.78,188.67,189.06,53159146.0,1849378443.0,-0.014075862651612283,False,600036,招商银行
2023-04-24,189.17,190.1,183.63,184.13,72987368.0,2474101753.0,-0.026422395118109582,False,600036,招商银行
2023-04-25,184.18,187.08,183.63,186.48,51221280.0,1731551113.0,0.01268196484837301,False,600036,招商银行
2023-04-26,185.22,186.1,182.76,185.33,49650070.0,1673601450.0,-0.006185974918282704,False,600036,招商银行
2023-04-27,180.67,180.78,176.12,178.81,155927939.0,5072330698.0,-0.0358142302221073,False,600036,招商银行
2023-04-28,177.88,184.95,177.6,184.13,94021308.0,3136764115.0,0.02931824029201711,False,600036,招商银行
2023-05-04,182.43,188.51,179.91,187.03,72543303.0,2457318979.0,0.015627001915779933,False,600036,招商银行
2023-05-05,187.3,192.13,187.14,190.1,80088973.0,2785096474.0,0.016281217699474673,False,600036,招商银行
2023-05-08,191.03,197.0,189.82,195.08,106426580.0,3773892300.0,0.025859481347468485,False,600036,招商银行
2023-05-09,195.52,197.82,191.58,191.74,98552978.0,3503564878.0,-0.0172694431930013,False,600036,招商银行
2023-05-10,191.25,192.45,187.91,188.51,63837387.0,2203715637.0,-0.016989231770029777,False,600036,招商银行
2023-05-11,189.6,193.61,188.51,188.78,44580284.0,1547837683.0,0.0014312600179775439,False,600036,招商银行
2023-05-12,188.89,189.33,186.32,186.54,45936569.0,1569062497.0,-0.011936622598081,False,600036,招商银行
2023-05-15,186.81,190.97,184.73,190.15,52809453.0,1811811263.0,0.019167541075551357,False,600036,招商银行
2023-05-16,191.52,192.89,189.44,190.81,38524804.0,1341479236.0,0.003464934167981745,False,600036,招商银行
2023-05-17,190.76,192.51,188.67,189.06,39637635.0,1380094248.0,-0.009213743545012105,False,600036,招商银行
2023-05-18,190.32,190.92,187.47,188.78,32901230.0,1137523121.0,-0.0014821091004398484,False,600036,招商银行
2023-05-19,188.23,188.78,185.99,186.04,39298980.0,1339332375.0,-0.014620611540902138,False,600036,招商银行
2023-05-22,186.21,188.18,186.21,187.41,29693441.0,1014463033.0,0.007337025817692072,False,600036,招商银行
2023-05-23,187.47,188.4,184.13,184.13,34692126.0,1177389441.0,-0.017656700294459492,False,600036,招商银行
2023-05-24,184.07,184.07,180.45,180.45,46399873.0,1541649339.0,-0.02018829879033117,False,600036,招商银行
2023-05-25,179.52,179.52,176.23,177.66,70605103.0,2286618239.0,-0.015582119747242568,False,600036,招商银行
2023-05-26,177.77,180.07,176.56,179.41,29462374.0,958855792.0,0.009802078089738098,False,600036,招商银行
2023-05-29,180.56,180.56,177.77,179.14,38730090.0,1263259965.0,-0.0015060663842438422,False,600036,招商银行
2023-05-30,179.14,180.29,177.33,178.86,34007178.0,1108840100.0,-0.001564246129013971,False,600036,招商银行
2023-05-31,178.65,179.74,176.67,177.0,52541398.0,1704091986.0,-0.010453644344206037,False,600036,招商银行
2023-06-01,177.06,178.1,175.47,175.69,47239881.0,1521250952.0,-0.007428654196866322,False,600036,招商银行
2023-06-02,176.56,181.39,176.45,181.22,55885607.0,1829053080.0,0.030990684416951825,False,600036,招商银行
2023-06-05,181.22,182.32,179.96,181.06,31273034.0,1033695634.0,-0.0008832947466202041,False,600036,招商银行
2023-06-06,181.06,185.22,180.73,181.22,38663375.0,1288946278.0,0.0008832947466201707,False,600036,招商银行
2023-06-07,182.21,184.18,181.71,182.48,33890635.0,1132209544.0,0.006928815182218042,False,600036,招商银行
2023-06-08,182.59,187.52,182.04,186.76,54961501.0,1859578016.0,0.023183792126603767,False,600036,招商银行
2023-06-09,186.59,187.69,184.89,184.89,41510872.0,1408235126.0,-0.01006331646047488,False,600036,招商银行
2023-06-12,184.84,185.88,182.92,184.84,40677376.0,1370601854.0,-0.00027046764019572427,False,600036,招商银行
2023-06-13,183.91,185.99,183.58,184.84,23124556.0,779060071.0,0.0,False,600036,招商银行
2023-06-14,185.93,186.54,182.97,182.97,38263310.0,1289658685.0,-0.010168381025591052,False,600036,招商银行
2023-06-15,183.58,185.17,182.54,184.78,36953706.0,1239411035.0,0.009843723266124468,False,600036,招商银行
2023-06-16,185.55,186.54,184.95,185.93,42680637.0,1448460382.0,0.006204330549372327,False,600036,招商银行
2023-06-19,185.82,185.82,183.91,184.02,27896062.0,939883957.0,-0.010325811437756224,False,600036,招商银行
2023-06-20,183.58,183.91,181.39,181.88,30764875.0,1024392135.0,-0.011697318397405475,False,600036,招商银行
2023-06-21,181.17,184.34,180.84,181.77,42786599.0,1426164911.0,-0.0006049773318023246,False,600036,招商银行
2023-06-26,180.45,181.39,177.66,178.7,43210300.0,1410658235.0,-0.017033729459625176,False,600036,招商银行
2023-06-27,178.81,180.89,177.77,179.85,34571527.0,1132557913.0,0.006414747976250684,False,600036,招商银行
2023-06-28,179.8,181.82,179.3,181.11,33381801.0,1100128735.0,0.006981411334811549,False,600036,招商银行
2023-06-29,181.11,181.82,179.03,179.08,25854831.0,848217753.0,-0.011271948103679737,False,600036,招商银行
2023-06-30,179.36,180.84,178.86,179.52,29361327.0,964762581.0,0.002453988961566787,False,600036,招商银行
2023-07-03,180.29,185.0,179.74,184.78,45366767.0,1515242663.0,0.028879305908267584,False,600036,招商银行
2023-07-04,184.13,184.13,182.81,183.63,22408656.0,749827211.0,-0.006243064711510961,False,600036,招商银行
2023-07-05,183.58,183.58,179.96,181.0,41307158.0,1365494250.0,-0.01442583226526237,False,600036,招商银行
2023-07-06,181.0,181.49,178.15,178.54,40784246.0,1334753417.0,-0.01368436551460976,False,600036,招商银行
2023-07-07,178.1,178.54,176.95,177.06,47279440.0,1530388129.0,-0.008324007568312855,False,600036,招商银行
2023-07-10,178.21,179.14,177.17,177.82,27207677.0,883689382.0,0.004283144510089776,False,600036,招商银行
2023-07-11,179.36,179.74,177.93,179.25,32916654.0,1074347765.0,0.008009676786736915,False,600036,招商银行
2023-07-12,179.3,183.25,179.3,181.93,63204933.0,2098753494.0,0.014840518228982443,False,600036,招商银行
2023-07-13,184.99,185.04,181.86,184.18,56385028.0,1791570807.0,0.012291542584508782,False,600036,招商银行
2023-07-14,184.7,186.14,183.77,184.64,34752056.0,1111472582.0,0.0024944430265137502,False,600036,招商银行
2023-07-17,183.71,183.77,181.75,183.02,26200279.0,827190406.0,-0.008812546832502514,False,600036,招商银行
2023-07-18,183.02,183.71,181.52,181.92,31638946.0,996591508.0,-0.006028406485006342,False,600036,招商银行
2023-07-19,180.94,182.96,180.76,182.62,24029564.0,755090293.0,0.003840461185968232,False,600036,招商银行
2023-07-20,183.71,185.62,182.73,183.25,27239443.0,867690876.0,0.003443849578566854,False,600036,招商银行
2023-07-21,183.89,184.93,182.79,183.89,31566900.0,1004431833.0,0.0034864119860009255,False,600036,招商银行
2023-07-24,181.92,183.48,181.57,181.86,23912203.0,753332483.0,-0.011100592454994843,False,600036,招商银行
2023-07-25,185.04,192.85,185.04,192.39,126162096.0,4159900848.0,0.05628740153111424,False,600036,招商银行
2023-07-26,192.39,195.05,191.23,192.85,50175140.0,1673625171.0,0.002388122825355615,False,600036,招商银行
2023-07-27,193.72,195.57,191.98,194.64,54848896.0,1845231370.0,0.009239013821030324,False,600036,招商银行
2023-07-28,193.66,204.07,193.2,202.97,125628759.0,4358344107.0,0.04190648639426806,False,600036,招商银行
2023-07-31,205.4,208.41,202.45,205.63,116275605.0,4127807307.0,0.013020252463891756,False,600036,招商银行
2023-08-01,205.46,205.75,201.06,202.33,66009585.0,2316910863.0,-0.01617840954232375,False,600036,招商银行
2023-08-02,197.53,201.35,195.28,196.78,91535761.0,3124298660.0,-0.027813674353483805,False,600036,招商银行
2023-08-03,196.73,201.12,195.86,200.54,50929381.0,1750414829.0,0.018927374658159805,False,600036,招商银行
2023-08-04,202.85,205.28,200.77,201.7,81264248.0,2854335236.0,0.005767716864386826,False,600036,招商银行
2023-08-07,200.95,201.12,198.23,199.5,34467192.0,1187405635.0,-0.01096720863024793,False,600036,招商银行
2023-08-08,198.52,200.37,195.51,197.48,50228255.0,1715919700.0,-0.010176922939256082,False,600036,招商银行
2023-08-09,196.73,198.4,196.32,196.73,38683250.0,1318960193.0,-0.0038050831024878376,False,600036,招商银行
2023-08-10,196.03,198.06,195.45,197.42,28772469.0,978706457.0,0.0035012087015676868,False,600036,招商银行
2023-08-11,197.53,199.33,191.69,191.69,60624004.0,2032299867.0,-0.029453955139672864,False,600036,招商银行
2023-08-14,189.67,189.84,186.49,187.7,66707291.0,2167337311.0,-0.02103454025760585,False,600036,招商银行
2023-08-15,187.7,188.74,185.91,187.13,58295914.0,1887265044.0,-0.003041381102765944,False,600036,招商银行
2023-08-16,185.91,186.49,184.35,184.87,58015181.0,1857011416.0,-0.012150687125342981,False,600036,招商银行
2023-08-17,183.77,184.29,182.09,183.83,64607569.0,2043578651.0,-0.005641457869573815,False,600036,招商银行
2023-08-18,183.6,188.69,183.6,184.35,67459467.0,2169641216.0,0.002824707185373018,False,600036,招商银行
2023-08-21,183.95,184.12,180.01,180.01,80957531.0,2537398399.0,-0.023823719777540286,False,600036,招商银行
2023-08-22,180.48,181.98,179.26,181.11,60107044.0,1877097295.0,0.006092176573831288,False,600036,招商银行
2023-08-23,180.42,181.81,178.39,178.39,56074358.0,1743312676.0,-0.015132416713268476,False,600036,招商银行
2023-08-24,179.26,180.13,178.1,179.61,41225614.0,1277299345.0,0.006815668842194318,False,600036,招商银行
2023-08-25,179.26,184.18,178.68,182.5,64747134.0,2028793535.0,0.015962339417175717,False,600036,招商银行
2023-08-28,192.56,196.2,185.22,186.55,140509367.0,4608776006.0,0.02194912664462071,False,600036,招商银行
2023-08-29,186.55,187.59,183.71,185.28,72116998.0,2310485794.0,-0.006831105282536514,False,600036,招商银行
2023-08-30,186.14,186.14,182.44,183.08,63980158.0,2031430069.0,-0.011944978599189053,False,600036,招商银行
2023-08-31,183.89,185.51,182.09,182.44,50322017.0,1595044491.0,-0.0035018639419417707,False,600036,招商银行
2023-09-01,184.75,188.69,184.35,186.61,69752619.0,2250478414.0,0.02259952570188073,False,600036,招商银行
2023-09-04,188.4,194.35,187.76,193.89,110429932.0,3671655441.0,0.038270110397533294,False,600036,招商银行
2023-09-05,192.56,193.37,190.65,191.46,44732261.0,1483496734.0,-0.012612078424706484,False,600036,招商银行
2023-09-06,191.41,193.49,189.5,192.91,54674047.0,1812037299.0,0.007544849381590846,False,600036,招商银行
2023-09-07,192.62,192.62,190.88,191.64,35870198.0,1188879205.0,-0.006605146884876616,False,600036,招商银行
2023-09-08,190.83,192.33,190.54,191.81,29850098.0,989879153.0,0.0008866867186754488,False,600036,招商银行
2023-09-11,191.58,192.5,190.31,190.31,63287369.0,2091952941.0,-0.007850977204660665,False,600036,招商银行
2023-09-12,190.25,191.12,189.79,190.13,27759078.0,914017922.0,-0.0009462728074413327,False,600036,招商银行
2023-09-13,190.54,191.29,188.86,189.38,29891534.0,980129608.0,-0.003952470166140702,False,600036,招商银行
2023-09-14,190.54,191.93,189.96,191.23,43734390.0,1443840329.0,0.009721313519528778,False,600036,招商银行
2023-09-15,192.56,193.26,189.67,190.6,43960215.0,1453249853.0,-0.0032999008547810694,False,600036,招商银行
2023-09-18,190.07,191.12,189.09,190.94,36040192.0,1186454306.0,0.0017822513497853037,False,600036,招商银行
2023-09-19,190.83,190.83,189.21,190.6,38465270.0,1263587161.0,-0.0017822513497853512,False,600036,招商银行
2023-09-20,190.02,190.02,188.69,189.27,30931758.0,1012842173.0,-0.007002424169273881,False,600036,招商银行
2023-09-21,189.38,189.73,187.18,187.18,39031854.0,1270724458.0,-0.011103846321717422,False,600036,招商银行
2023-09-22,188.46,192.97,186.89,192.79,71283316.0,2349131841.0,0.029530792882266923,False,600036,招商银行
2023-09-25,192.45,192.45,190.25,190.83,45651541.0,1506238619.0,-0.010218534252554796,False,600036,招商银行
2023-09-26,190.42,191.29,189.38,189.67,32202356.0,1058673650.0,-0.006097259362591691,False,600036,招商银行
2023-09-27,190.25,191.35,189.38,189.79,35246679.0,1159673830.0,0.0006324777525973409,False,600036,招商银行
2023-09-28,190.94,191.64,189.38,190.65,38856469.0,1280959169.0,0.004521088554744446,False,600036,招商银行
2023-10-09,189.09,189.09,187.24,188.4,36134267.0,1176010754.0,-0.0118719241613101,False,600036,招商银行
2023-10-10,191.52,191.58,188.46,188.46,34263698.0,1123856356.0,0.00031842063634755053,False,600036,招商银行
2023-10-11,189.9,189.96,187.36,187.65,37609124.0,1226529938.0,-0.004307257197580332,False,600036,招商银行
2023-10-12,190.77,192.74,189.55,191.23,61745963.0,2041713576.0,0.018898366493853066,False,600036,招商银行
2023-10-13,189.55,190.13,187.99,188.57,41037187.0,1341527525.0,-0.014007601336051544,False,600036,招商银行
2023-10-16,188.4,188.86,186.43,186.84,28677414.0,928068013.0,-0.009216655104923952,False,600036,招商银行
2023-10-17,187.3,188.51,186.32,188.05,28622914.0,928757316.0,0.0064552492824382635,False,600036,招商银行
2023-10-18,187.88,188.74,187.41,187.88,24931667.0,810933178.0,-0.0009044237575511216,False,600036,招商银行
2023-10-19,187.36,187.36,182.27,182.56,60429338.0,1922080369.0,-0.02872457504502885,False,600036,招商银行
2023-10-20,182.09,183.95,181.57,183.02,37258937.0,1178535483.0,0.0025165503734666406,False,600036,招商银行
2023-10-23,182.67,183.02,179.26,180.59,39380184.0,1232365016.0,-0.013366168022980287,False,600036,招商银行
2023-10-24,181.46,181.63,179.49,181.0,36552663.0,1142319006.0,0.002267762801573799,False,600036,招商银行
2023-10-25,182.73,183.6,180.42,181.69,37569332.0,1179249724.0,0.003804906848523303,False,600036,招商银行
2023-10-26,181.34,183.6,180.76,182.15,28702985.0,904374422.0,0.002528585340223628,False,600036,招商银行
2023-10-27,181.86,183.02,180.13,182.33,39145276.0,1231933968.0,0.0009877085965404049,False,600036,招商银行
2023-10-30,179.32,180.01,176.66,178.68,83850056.0,2582604676.0,-0.020221735567195358,False,600036,招商银行
2023-10-31,177.76,179.2,177.01,177.87,52801599.0,1624462290.0,-0.00454355009653196,False,600036,招商银行
2023-11-01,178.1,178.57,175.97,176.08,52989707.0,1617976148.0,-0.010114509169179758,False,600036,招商银行
2023-11-02,176.95,178.16,176.43,177.41,36466771.0,1118895486.0,0.007525000854351023,False,600036,招商银行
2023-11-03,177.41,179.49,176.95,179.2,43956879.0,1357177293.0,0.01003906246827286,False,600036,招商银行
2023-11-06,180.13,181.29,179.03,180.07,51982385.0,1617714882.0,0.004843163640583945,False,600036,招商银行
2023-11-07,180.07,180.07,177.24,178.1,51624067.0,1589834114.0,-0.011000473885798154,False,600036,招商银行
2023-11-08,177.76,177.99,176.37,176.95,44518298.0,1363161957.0,-0.006477983504143611,False,600036,招商银行
2023-11-09,176.66,177.99,176.49,177.3,32764958.0,1003833045.0,0.0019760062886900118,False,600036,招商银行
2023-11-10,176.37,176.72,174.06,174.4,51696462.0,1561581974.0,-0.016491701605283016,False,600036,招商银行
2023-11-13,174.46,175.04,171.22,172.44,63424273.0,1891693842.0,-0.01130216159594538,False,600036,招商银行
2023-11-14,172.73,174.64,172.67,174.64,44834267.0,1347710790.0,0.01267736236275451,False,600036,招商银行
2023-11-15,176.08,177.93,175.73,177.18,60193960.0,1842095992.0,0.014439452742197892,False,600036,招商银行
2023-11-16,177.35,177.93,175.62,176.6,31571993.0,965161754.0,-0.00327887681402678,False,600036,招商银行
2023-11-17,176.14,176.49,174.06,175.39,43245282.0,1308022703.0,-0.006875222399813232,False,600036,招商银行
2023-11-20,175.44,176.89,174.29,176.83,36922708.0,1123420442.0,0.008176753296839534,False,600036,招商银行
2023-11-21,177.82,178.51,175.62,175.97,48854470.0,1497630759.0,-0.00487529310321588,False,600036,招商银行
2023-11-22,175.21,175.85,174.35,174.4,27370542.0,828342908.0,-0.008962014488790915,False,600036,招商银行
2023-11-23,173.59,174.69,173.19,174.29,29979383.0,900540283.0,-0.0006309329412890521,False,600036,招商银行
2023-11-24,173.83,174.06,173.07,173.48,29116276.0,873539196.0,-0.004658259566424767,False,600036,招商银行
2023-11-27,173.48,173.65,169.37,170.01,58101958.0,1714186982.0,-0.020205060117527894,False,600036,招商银行
2023-11-28,170.07,170.53,167.93,168.62,47516511.0,1389229278.0,-0.00820959635510794,False,600036,招商银行
2023-11-29,168.85,169.08,165.85,166.54,62063752.0,1789462813.0,-0.01241214168685642,False,600036,招商银行
2023-11-30,166.54,167.58,165.38,166.48,55156006.0,1585194742.0,-0.00036033872229423856,False,600036,招商银行
2023-12-01,166.08,166.19,162.32,163.42,88273644.0,2496795770.0,-0.01855160812881764,False,600036,招商银行
2023-12-04,163.47,164.57,162.03,162.38,55787830.0,1569603288.0,-0.006384306522260942,False,600036,招商银行
2023-12-05,162.26,162.32,159.02,159.08,61890167.0,1717656519.0,-0.020532047094810425,False,600036,招商银行
2023-12-06,159.37,161.68,158.73,160.53,61125926.0,1697947805.0,0.00907362065183293,False,600036,招商银行
2023-12-07,160.58,161.57,157.81,160.81,59496698.0,1643064047.0,0.0017427028746103688,False,600036,招商银行
2023-12-08,160.18,161.62,159.02,159.02,53349765.0,1479206064.0,-0.011193563392595808,False,600036,招商银行
2023-12-11,157.58,161.05,155.55,160.53,75808597.0,2067921108.0,0.009450860517985452,False,600036,招商银行
2023-12-12,160.18,162.32,159.66,162.2,50420111.0,1409339298.0,0.010349300689989552,False,600036,招商银行
2023-12-13,161.45,161.45,157.29,157.4,67123932.0,1844591027.0,-0.030039805698009646,False,600036,招商银行
2023-12-14,158.68,159.83,156.3,156.3,44526808.0,1214879008.0,-0.007013098555871918,False,600036,招商银行
2023-12-15,158.85,162.2,157.29,157.46,98068659.0,2697705037.0,0.007394220328890155,False,600036,招商银行
2023-12-18,156.13,158.33,155.55,157.75,47716425.0,1299068335.0,0.0018400436650014493,False,600036,招商银行
2023-12-19,157.29,158.15,156.25,157.81,37657373.0,1024185206.0,0.00038027633871883995,False,600036,招商银行
2023-12-20,157.92,158.5,156.48,156.48,53112808.0,1446520286.0,-0.00846357147353422,False,600036,招商银行
2023-12-21,156.02,160.47,155.67,160.24,75910481.0,2082187758.0,0.023744485071055726,False,600036,招商银行
2023-12-22,160.64,161.05,158.5,159.66,62364372.0,1721377205.0,-0.003626137139910115,False,600036,招商银行
2023-12-25,159.6,160.29,158.56,159.2,41903386.0,1154001375.0,-0.0028852808073702293,False,600036,招商银行
2023-12-26,158.96,158.96,157.06,157.69,36525708.0,997177589.0,-0.009530192992787128,False,600036,招商银行
2023-12-27,158.04,158.27,156.42,157.87,41063687.0,1117439216.0,0.0011408291261400503,False,600036,招商银行
2023-12-28,157.58,162.67,157.58,161.86,106106285.0,2953200858.0,0.024959854523920345,False,600036,招商银行
2023-12-29,161.34,162.2,160.58,160.87,65577345.0,1827818811.0,-0.006135178665339375,False,600036,招商银行
2024-01-02,161.62,161.68,159.37,159.48,54219480.0,1500865548.0,-0.008678062889062338,False,600036,招商银行
2024-01-03,159.48,160.99,159.14,160.58,43395588.0,1200383624.0,0.006873738243383821,False,600036,招商银行
2024-01-04,160.53,160.93,158.21,160.81,63710249.0,1759101593.0,0.001431283109395224,False,600036,招商银行
2024-01-05,160.47,166.42,159.72,163.59,119063315.0,3376466447.0,0.017139753740146597,False,600036,招商银行
2024-01-08,162.9,165.33,161.62,162.67,81682070.0,2305065736.0,-0.005639688827717951,False,600036,招商银行
2024-01-09,162.61,163.53,161.34,162.9,55866306.0,1569684230.0,0.0014129068296376127,False,600036,招商银行
2024-01-10,162.03,163.94,162.03,162.2,45364048.0,1277638873.0,-0.004306373926686999,False,600036,招商银行
2024-01-11,161.91,165.21,161.05,164.11,73531826.0,2082611272.0,0.011706793010224184,False,600036,招商银行
2024-01-12,163.42,166.42,163.42,165.04,57783201.0,1652242626.0,0.005650934071459729,False,600036,招商银行
2024-01-15,164.8,167.35,164.05,166.37,48245229.0,1383953760.0,0.008026354908655036,False,600036,招商银行
2024-01-16,165.56,168.45,165.38,168.45,85344024.0,2469511282.0,0.012424746180910374,False,600036,招商银行
2024-01-17,168.39,171.05,167.87,168.79,130860146.0,3843478823.0,0.0020163688482745484,False,600036,招商银行
2024-01-18,167.35,171.63,165.38,171.05,129512645.0,3762050846.0,0.013300572722777395,False,600036,招商银行
2024-01-19,169.84,172.9,168.51,171.92,96861623.0,2865398412.0,0.005073340910641155,False,600036,招商银行
2024-01-22,172.09,176.37,171.74,174.92,154970267.0,4691297100.0,0.01729947421046493,False,600036,招商银行
2024-01-23,173.54,175.5,172.32,173.42,88605552.0,2661547376.0,-0.008612328595705484,False,600036,招商银行
2024-01-24,174.35,175.16,169.89,174.0,97489239.0,2904947629.0,0.0033389012655146303,False,600036,招商银行
2024-01-25,175.27,179.26,174.52,178.68,123450922.0,3791899866.0,0.02654119726938893,False,600036,招商银行
2024-01-26,178.8,181.29,177.3,179.96,100991578.0,3132788305.0,0.0071381074890535514,False,600036,招商银行
2024-01-29,180.42,182.73,180.24,181.29,83882433.0,2632393040.0,0.00736335506860527,False,600036,招商银行
2024-01-30,180.42,182.15,177.99,179.26,74399913.0,2316762500.0,-0.011260693112361265,False,600036,招商银行
2024-01-31,178.8,180.36,176.89,177.58,80894928.0,2494516011.0,-0.009416054325034777,False,600036,招商银行
2024-02-01,177.35,178.34,174.64,175.91,85970009.0,2621519218.0,-0.009448710993366664,False,600036,招商银行
2024-02-02,176.08,177.3,171.4,174.81,98729165.0,2986530108.0,-0.006272830787721586,False,600036,招商银行
2024-02-05,174.81,178.97,173.83,177.58,106397881.0,3246673368.0,0.015721541781088245,False,600036,招商银行
2024-02-06,177.58,181.29,176.95,181.17,106215843.0,3296036540.0,0.020014605383738653,False,600036,招商银行
2024-02-07,181.69,182.04,178.16,181.05,111051058.0,3458135329.0,-0.0006625807762692126,False,600036,招商银行
2024-02-08,181.05,181.86,179.38,181.57,87300436.0,2728137528.0,0.002868018070925189,False,600036,招商银行
2024-02-19,184.99,184.99,181.63,182.85,87549010.0,2770406837.0,0.0070248903128147105,False,600036,招商银行
2024-02-20,182.85,182.85,180.94,181.57,60640469.0,1907541533.0,-0.00702489031281461,False,600036,招商银行
2024-02-21,181.57,193.08,181.29,190.83,152865612.0,5003152628.0,0.049741725076247065,False,600036,招商银行
2024-02-22,189.73,190.54,187.3,189.67,75276038.0,2461009465.0,-0.006097259362591691,False,600036,招商银行
2024-02-23,189.73,193.14,188.63,190.54,63984872.0,2118316307.0,0.0045764262824022255,False,600036,招商银行
2024-02-26,190.02,191.17,185.51,186.49,66639018.0,2163023087.0,-0.021484527935278316,False,600036,招商银行
2024-02-27,186.43,187.36,184.99,186.08,54349154.0,1746108592.0,-0.0022009295730006507,False,600036,招商银行
2024-02-28,186.72,186.72,182.73,185.16,68370752.0,2186677932.0,-0.004956372607284591,False,600036,招商银行
2024-02-29,184.41,186.2,184.18,185.28,49892829.0,1595634178.0,0.000647878221560671,False,600036,招商银行
2024-03-01,184.58,185.51,183.6,184.7,42717392.0,1361853701.0,-0.0031353071794361933,False,600036,招商银行
2024-03-04,183.66,184.29,181.98,182.27,59135015.0,1868022544.0,-0.01324378296835203,False,600036,招商银行
2024-03-05,181.69,186.26,181.05,186.08,89402867.0,2850224114.0,0.02068758453351224,False,600036,招商银行
2024-03-06,185.85,186.55,184.29,184.29,51610177.0,1655425115.0,-0.009666084926408693,False,600036,招商银行
2024-03-07,184.29,185.8,183.77,185.04,51949197.0,1659111449.0,0.004061414079237937,False,600036,招商银行
2024-03-08,184.41,185.1,182.44,183.14,44107117.0,1399732269.0,-0.010321130243597734,False,600036,招商银行
2024-03-11,182.44,183.6,180.42,182.04,73853794.0,2318402185.0,-0.006024444531144916,False,600036,招商银行
2024-03-12,181.69,185.91,180.88,184.75,76925375.0,2447163517.0,0.01477711667986994,False,600036,招商银行
2024-03-13,184.81,184.99,181.75,182.27,46938714.0,1482651384.0,-0.013514455591468981,False,600036,招商银行
2024-03-14,181.92,183.42,180.19,180.71,50817498.0,1595073269.0,-0.008595567826769478,False,600036,招商银行
2024-03-15,180.65,181.69,179.26,180.3,52078063.0,1621589213.0,-0.0022714062008010864,False,600036,招商银行
2024-03-18,180.13,181.23,179.26,180.01,46189770.0,1436837360.0,-0.0016097253066584653,False,600036,招商银行
2024-03-19,179.84,179.9,177.7,178.1,54702530.0,1688506946.0,-0.010667214606997278,False,600036,招商银行
2024-03-20,178.1,180.42,177.3,180.3,49827225.0,1544956631.0,0.012276939913655706,False,600036,招商银行
2024-03-21,180.24,183.66,179.55,182.44,64676108.0,2040298376.0,0.011799221634227955,False,600036,招商银行
2024-03-22,182.33,182.44,178.68,180.42,55287852.0,1722145156.0,-0.011133885615007067,False,600036,招商银行
2024-03-25,179.9,182.21,178.8,181.29,48375902.0,1514858505.0,0.0048104928130841065,False,600036,招商银行
2024-03-26,183.89,188.86,183.48,187.36,124430791.0,4014510510.0,0.03293394080783057,False,600036,招商银行
2024-03-27,186.72,188.8,186.26,186.78,78208488.0,2539984050.0,-0.003100446167835508,False,600036,招商银行
2024-03-28,187.01,187.94,185.45,186.08,69474492.0,2242513222.0,-0.003754764911217473,False,600036,招商银行
2024-03-29,185.62,188.74,185.45,186.2,51400131.0,1663236764.0,0.0006446760726122859,False,600036,招商银行
2024-04-01,186.08,189.96,186.08,188.74,57015232.0,1861582316.0,0.013549041750220396,False,600036,招商银行
2024-04-02,189.09,190.36,187.59,188.22,53661899.0,1753251097.0,-0.0027589151625452076,False,600036,招商银行
2024-04-03,188.17,188.69,186.37,186.37,49808163.0,1612691616.0,-0.009877546338068097,False,600036,招商银行
2024-04-08,186.43,188.28,185.22,187.36,47729123.0,1544564957.0,0.005297954756833647,False,600036,招商银行
2024-04-09,187.94,188.69,186.84,186.84,38477207.0,1248965235.0,-0.002779264215499943,False,600036,招商银行
2024-04-10,186.14,188.98,186.14,187.88,50401372.0,1638691786.0,0.005550825524887103,False,600036,招商银行
2024-04-11,186.84,187.47,185.8,186.78,44374773.0,1432073801.0,-0.005872007477222553,False,600036,招商银行
2024-04-12,186.66,187.76,185.39,185.74,47820414.0,1540845216.0,-0.005583607333709438,False,600036,招商银行
2024-04-15,185.62,190.83,185.56,189.84,76464473.0,2503221029.0,0.021833765779645797,False,600036,招商银行
2024-04-16,189.15,190.65,187.65,189.38,74155610.0,2429469045.0,-0.0024260335721541675,False,600036,招商银行
2024-04-17,189.03,193.66,187.76,192.56,94821196.0,3131202074.0,0.01665221491946243,False,600036,招商银行
2024-04-18,192.33,197.19,191.93,194.59,100657401.0,3393695785.0,0.010486987495247851,False,600036,招商银行
2024-04-19,194.07,195.68,193.26,194.41,54038350.0,1818443521.0,-0.0009254499375160059,False,600036,招商银行
2024-04-22,195.34,197.71,191.12,192.79,60753507.0,2034006573.0,-0.008367817421170955,False,600036,招商银行
2024-04-23,192.56,195.57,192.16,193.02,51245244.0,1717681682.0,0.0011922968676126924,False,600036,招商银行
2024-04-24,193.02,194.01,191.41,193.49,44338353.0,1480785929.0,0.002432021068847417,False,600036,招商银行
2024-04-25,193.37,198.92,193.02,198.92,91948180.0,3136628386.0,0.027676902298700328,False,600036,招商银行
2024-04-26,198.92,201.64,197.88,199.39,95489883.0,3292052902.0,0.002359971972270188,False,600036,招商银行
2024-04-29,198.92,203.32,197.77,201.7,81806412.0,2854804596.0,0.011518739141358184,False,600036,招商银行
2024-04-30,198.92,199.96,196.9,198.4,86804180.0,2982962844.0,-0.01649625010939354,False,600036,招商银行
2024-05-06,202.97,204.47,200.77,201.7,100070494.0,3501168456.0,0.01649625010939364,False,600036,招商银行
2024-05-07,201.7,202.1,200.25,201.64,47384857.0,1649813221.0,-0.00029751574573596835,False,600036,招商银行
2024-05-08,201.35,202.16,199.79,199.91,41286158.0,1434042865.0,-0.008616663946778624,False,600036,招商银行
2024-05-09,200.08,201.99,200.08,201.47,51239131.0,1782846432.0,0.0077732216601666005,False,600036,招商银行
2024-05-10,201.47,207.31,201.24,205.98,94036570.0,3331360840.0,0.02213858976983764,False,600036,招商银行
2024-05-13,204.94,208.58,204.3,207.65,74780026.0,2674602938.0,0.008074893379106992,False,600036,招商银行
2024-05-14,207.54,208.93,203.55,204.36,68777884.0,2440460309.0,-0.0159708256141653,False,600036,招商银行
2024-05-15,204.3,204.94,200.6,202.68,67494406.0,2361226415.0,-0.008254763854888264,False,600036,招商银行
2024-05-16,202.85,210.78,202.39,209.62,129147553.0,4659047071.0,0.03366798713432228,False,600036,招商银行
2024-05-17,209.91,213.38,208.52,213.09,91687944.0,3342837158.0,0.016418243935796936,False,600036,招商银行
2024-05-20,213.09,213.96,208.7,210.37,91425000.0,3337501051.0,-0.012846726531890349,False,600036,招商银行
2024-05-21,210.26,211.18,208.93,209.56,44599944.0,1620630880.0,-0.003857790605918884,False,600036,招商银行
2024-05-22,209.45,210.37,206.79,208.52,66447739.0,2398900244.0,-0.004975134640113732,False,600036,招商银行
2024-05-23,207.6,208.23,204.24,205.28,92458495.0,3284073837.0,-0.01566005903257896,False,600036,招商银行
2024-05-24,204.13,205.17,200.43,200.89,87044000.0,3051224758.0,-0.021617406293268346,False,600036,招商银行
2024-05-27,201.52,203.61,200.95,203.2,57093814.0,1997775669.0,0.011433221130268883,False,600036,招商银行
2024-05-28,202.97,204.3,200.77,201.41,47619058.0,1660811058.0,-0.008848084219536844,False,600036,招商银行
2024-05-29,200.95,202.74,199.27,199.91,49104118.0,1703567318.0,-0.007475366217138444,False,600036,招商银行
2024-05-30,199.21,201.81,197.65,198.58,55924484.0,1928489154.0,-0.006675223662203291,False,600036,招商银行
2024-05-31,199.67,200.08,198.23,198.23,50893248.0,1752657846.0,-0.0017640689033285336,False,600036,招商银行
2024-06-03,197.88,198.81,196.15,197.48,60811135.0,2071791245.0,-0.0037906593114574146,False,600036,招商银行
2024-06-04,197.48,200.54,197.19,199.73,53378842.0,1840296169.0,0.01132914108641819,False,600036,招商银行
2024-06-05,200.54,200.66,195.97,196.55,69104122.0,2359792656.0,-0.016049602609211004,False,600036,招商银行
2024-06-06,197.13,197.77,195.34,196.61,67724066.0,2302856624.0,0.0003052192515301682,False,600036,招商银行
2024-06-07,196.9,198.06,194.59,196.55,67826559.0,2298090330.0,-0.0003052192515301601,False,600036,招商银行
2024-06-11,195.34,196.44,191.52,192.91,69044831.0,2309722313.0,-0.01869309296807142,False,600036,招商银行
2024-06-12,192.85,192.91,190.54,191.35,51138059.0,1693037688.0,-0.008119547028086649,False,600036,招商银行
2024-06-13,191.98,192.1,189.21,189.79,55018421.0,1808251998.0,-0.008186014122882994,False,600036,招商银行
2024-06-14,189.79,196.73,189.79,195.51,99167429.0,3324856785.0,0.029693331263570343,False,600036,招商银行
2024-06-17,194.3,195.45,193.08,195.05,45768248.0,1539063152.0,-0.0023555930597330683,False,600036,招商银行
2024-06-18,195.8,198.34,194.41,194.93,45367539.0,1538144777.0,-0.0006154161946118964,False,600036,招商银行
2024-06-19,194.93,198.92,194.64,197.48,58593722.0,1997678159.0,0.012996793632608411,False,600036,招商银行
2024-06-20,197.53,197.94,196.03,196.67,39246667.0,1336247232.0,-0.004110116150099647,False,600036,招商银行
2024-06-21,195.92,197.07,193.66,194.87,52396280.0,1765822362.0,-0.009194527664519355,False,600036,招商银行
2024-06-24,195.4,197.88,193.66,197.01,69258954.0,2350203464.0,0.010921819294947758,False,600036,招商银行
2024-06-25,197.01,199.33,196.44,198.34,63816020.0,2187945494.0,0.006728240886988046,False,600036,招商银行
2024-06-26,197.65,198.69,196.32,196.96,45263801.0,1545807548.0,-0.006982067321835593,False,600036,招商银行
2024-06-27,196.38,198.58,195.63,198.11,55517260.0,1894891373.0,0.0058217695500919694,False,600036,招商银行
2024-06-28,197.77,199.39,196.84,197.71,52574940.0,1799951939.0,-0.002021121399446116,False,600036,招商银行
2024-07-01,197.71,198.92,196.32,198.69,47223865.0,1616131283.0,0.00494451057820849,False,600036,招商银行
2024-07-02,198.81,203.84,198.69,202.85,86877071.0,3041833255.0,0.02072096848745855,False,600036,招商银行
2024-07-03,202.45,202.91,198.4,199.27,69137270.0,2388331234.0,-0.01780610060796332,False,600036,招商银行
2024-07-04,199.73,202.62,199.39,200.72,69691892.0,2424281266.0,0.007250213013673924,False,600036,招商银行
2024-07-05,200.72,201.41,194.64,195.92,96778276.0,3295568199.0,-0.0242044894142546,False,600036,招商银行
2024-07-08,195.74,197.94,194.93,196.55,54573002.0,1855611836.0,0.003210439223957103,False,600036,招商银行
2024-07-09,196.55,199.79,194.99,199.33,62103701.0,2124005154.0,0.014044890866804988,False,600036,招商银行
2024-07-10,199.33,202.39,199.21,200.54,72631424.0,2524474646.0,0.0060519853611049265,False,600036,招商银行
2024-07-11,202.82,203.13,201.04,201.72,73238896.0,2411951386.0,0.005866869112745239,False,600036,招商银行
2024-07-12,202.39,208.95,202.39,208.46,94490425.0,3199683547.0,0.03286657910265179,False,600036,招商银行
2024-07-15,208.46,208.77,206.75,207.11,47460366.0,1605883747.0,-0.006497123223116668,False,600036,招商银行
2024-07-16,206.99,207.79,205.15,207.18,45579255.0,1535668998.0,0.0003379275418965133,False,600036,招商银行
2024-07-17,206.62,209.63,206.32,208.89,57795422.0,1964635267.0,0.008219816992608953,False,600036,招商银行
2024-07-18,208.89,210.0,206.99,209.01,59862717.0,2036474280.0,0.0005743000875720932,False,600036,招商银行
2024-07-19,208.46,210.3,205.95,210.0,81007218.0,2749172010.0,0.0047254330073315896,False,600036,招商银行
2024-07-22,209.51,209.51,202.88,204.42,80820577.0,2694241975.0,-0.02693082981653849,False,600036,招商银行
2024-07-23,204.42,206.69,203.74,204.42,53875468.0,1803269600.0,0.0,False,600036,招商银行
2024-07-24,205.09,205.89,202.52,203.44,48245294.0,1604648703.0,-0.004805579787065981,False,600036,招商银行
2024-07-25,203.68,204.29,198.47,201.29,76207854.0,2496804673.0,-0.010624466800923814,False,600036,招商银行
2024-07-26,201.11,202.58,196.88,198.47,60146167.0,1952156132.0,-0.01410869910877312,False,600036,招商银行
2024-07-29,198.53,200.19,197.43,198.96,41347533.0,1343740115.0,0.0024658442909819595,False,600036,招商银行
2024-07-30,198.65,199.82,197.12,198.78,39078161.0,1264925929.0,-0.0009051139552897185,False,600036,招商银行
2024-07-31,198.78,202.33,197.73,200.68,59536965.0,1948675368.0,0.009512914076192798,False,600036,招商银行
2024-08-01,200.68,201.41,197.86,200.55,40913881.0,1332771463.0,-0.0006480073999903185,False,600036,招商银行
2024-08-02,198.78,199.88,197.61,197.92,38613024.0,1250037017.0,-0.013200683571884185,False,600036,招商银行
2024-08-05,197.43,199.39,196.51,196.81,58441984.0,1884940815.0,-0.0056241123088317125,False,600036,招商银行
2024-08-06,198.41,198.59,193.2,194.36,51438864.0,1637765272.0,-0.012526686797643613,False,600036,招商银行
2024-08-07,194.55,195.59,193.44,193.63,39073173.0,1238023516.0,-0.003762988022395429,False,600036,招商银行
2024-08-08,193.81,196.08,192.4,195.77,39459978.0,1252394782.0,0.010991379273144416,False,600036,招商银行
2024-08-09,196.02,199.76,195.04,198.22,48274847.0,1561254687.0,0.012437024190111045,False,600036,招商银行
2024-08-12,198.04,198.29,195.77,196.94,31894321.0,1023447632.0,-0.006478411158906421,False,600036,招商银行
2024-08-13,196.81,197.61,194.73,195.83,28237769.0,902009896.0,-0.005652177890910937,False,600036,招商银行
2024-08-14,195.59,197.06,195.04,195.34,28244610.0,901196911.0,-0.002505305909414115,False,600036,招商银行
2024-08-15,195.28,201.84,194.05,200.86,73978983.0,2409557383.0,0.027866517945862066,False,600036,招商银行
2024-08-16,200.8,203.86,200.62,203.25,41850302.0,1383877362.0,0.011828600462727013,False,600036,招商银行
2024-08-19,203.86,205.4,202.52,204.91,42284342.0,1409948503.0,0.008134109920821125,False,600036,招商银行
2024-08-20,205.09,206.01,203.31,205.27,42372873.0,1415473211.0,0.0017553273803463621,False,600036,招商银行
2024-08-21,204.17,204.97,201.23,203.8,37810105.0,1254587421.0,-0.0071870649404630555,False,600036,招商银行
2024-08-22,204.05,205.7,203.44,204.17,38286399.0,1276718683.0,0.0018138593594837936,False,600036,招商银行
2024-08-23,203.99,207.54,202.76,206.62,46558726.0,1561509818.0,0.011928377273191086,False,600036,招商银行
2024-08-26,206.62,207.48,205.21,207.05,35117460.0,1182990040.0,0.00207895257027684,False,600036,招商银行
2024-08-27,207.05,208.1,205.58,206.62,38720857.0,1308314397.0,-0.0020789525702769114,False,600036,招商银行
2024-08-28,207.42,208.34,205.03,206.5,41523208.0,1398682394.0,-0.0005809450202119684,False,600036,招商银行
2024-08-29,205.95,207.05,201.72,201.9,51638782.0,1712021359.0,-0.0225278870822956,False,600036,招商银行
2024-08-30,201.11,203.01,196.94,197.12,111222983.0,3618077500.0,-0.023959844973636884,False,600036,招商银行
2024-09-02,196.2,198.53,195.22,195.77,55802065.0,1787602792.0,-0.006872179556703625,False,600036,招商银行
2024-09-03,196.26,196.69,192.52,193.87,50575188.0,1596269780.0,-0.009752669437335265,False,600036,招商银行
2024-09-04,193.32,195.77,192.22,192.28,38052590.0,1198859446.0,-0.008235188325356127,False,600036,招商银行
2024-09-05,192.28,192.77,189.46,191.3,54206345.0,1687017960.0,-0.0051097665795526714,False,600036,招商银行
2024-09-06,191.6,194.61,191.3,191.6,38318214.0,1206615762.0,0.0015669890905528052,False,600036,招商银行
2024-09-09,189.95,190.01,184.18,185.41,87107347.0,2641195521.0,-0.03284027642699816,False,600036,招商银行
2024-09-10,185.47,186.57,183.57,185.1,47602357.0,1435849555.0,-0.0016733695303101466,False,600036,招商银行
2024-09-11,184.8,185.16,183.51,184.43,41579376.0,1249059023.0,-0.0036262318847371557,False,600036,招商银行
2024-09-12,184.55,187.0,183.57,185.35,41026697.0,1242374645.0,0.0049759419020266845,False,600036,招商银行
2024-09-13,185.65,189.46,183.94,187.62,49597443.0,1520857906.0,0.012172711101063775,False,600036,招商银行
2024-09-18,187.68,191.3,187.68,190.74,41854027.0,1295345114.0,0.016492603452961406,False,600036,招商银行
2024-09-19,191.3,191.48,187.8,188.97,45119126.0,1393040942.0,-0.009322971848819014,False,600036,招商银行
2024-09-20,188.97,190.74,187.98,189.7,48741755.0,1505998312.0,0.0038556046390212325,False,600036,招商银行
2024-09-23,189.15,193.07,189.09,192.46,34460872.0,1076332365.0,0.014444462987286341,False,600036,招商银行
2024-09-24,194.24,203.19,194.18,203.13,136121800.0,4427310186.0,0.05395782823740886,False,600036,招商银行
2024-09-25,207.54,211.47,206.62,209.38,185624279.0,6327661421.0,0.03030461472554516,False,600036,招商银行
2024-09-26,209.44,216.92,207.91,216.92,174532999.0,6068657572.0,0.035377839081650896,False,600036,招商银行
2024-09-27,221.4,223.79,214.04,218.46,74545782.0,2653812670.0,0.007074309442537196,False,600036,招商银行
2024-09-30,222.87,232.99,220.24,230.6,256101260.0,9443438268.0,0.054081676419561596,False,600036,招商银行
2024-10-08,253.65,253.65,238.02,245.25,297303868.0,11999361938.0,0.06159349061051387,False,600036,招商银行
2024-10-09,243.41,243.53,226.92,226.92,185593210.0,7113813985.0,-0.07768056598710606,False,600036,招商银行
2024-10-10,229.31,242.19,229.31,237.46,143329841.0,5528664144.0,0.0454016557792799,False,600036,招商银行
2024-10-11,237.46,240.47,233.17,235.62,90347580.0,3498241860.0,-0.00777885041967297,False,600036,招商银行
2024-10-14,239.18,244.02,237.22,241.14,129293839.0,5076841420.0,0.023157339871191465,False,600036,招商银行
2024-10-15,240.16,245.19,236.05,236.05,95597653.0,3755705942.0,-0.021334030696868855,False,600036,招商银行
2024-10-16,233.91,242.19,233.79,242.19,101254815.0,3963555265.0,0.025678895082738056,False,600036,招商银行
2024-10-17,242.37,243.96,235.99,235.99,84892228.0,3315820471.0,-0.025933110828535534,False,600036,招商银行
2024-10-18,236.12,241.76,234.28,239.43,92819433.0,3603949498.0,0.014471667309529004,False,600036,招商银行
2024-10-21,240.04,240.04,236.05,238.2,71753946.0,2780905731.0,-0.005150441634827548,False,600036,招商银行
2024-10-22,238.14,242.8,237.59,240.16,60052610.0,2352800199.0,0.00819471096395207,False,600036,招商银行
2024-10-23,239.49,244.88,239.24,243.17,62709968.0,2482861345.0,0.012455419334816002,False,600036,招商银行
2024-10-24,242.49,243.29,239.98,241.02,33631220.0,1323826643.0,-0.008880869620721873,False,600036,招商银行
2024-10-25,240.65,242.12,239.49,239.73,44793119.0,1756222719.0,-0.005366627544764835,False,600036,招商银行
2024-10-28,239.18,239.73,234.7,236.18,66464094.0,2559210507.0,-0.014919063881345543,False,600036,招商银行
2024-10-29,236.67,239.73,235.5,236.67,51468161.0,1990283154.0,0.002072539601972375,False,600036,招商银行
2024-10-30,236.12,238.51,230.6,232.25,70340828.0,2680423056.0,-0.018852388081159945,False,600036,招商银行
2024-10-31,231.76,232.93,226.31,229.06,85039251.0,3173924099.0,-0.013830399724377737,False,600036,招商银行
2024-11-01,229.55,234.83,229.19,233.05,70310211.0,2671523515.0,0.017269044849179866,False,600036,招商银行
2024-11-04,233.6,237.59,229.37,237.59,64661209.0,2466019719.0,0.019293476241946887,False,600036,招商银行
2024-11-05,235.62,239.73,235.44,239.61,62874476.0,2445317943.0,0.008466102536710363,False,600036,招商银行
2024-11-06,239.12,239.61,233.91,236.42,64833629.0,2501077845.0,-0.01340271727517653,False,600036,招商银行
2024-11-07,235.56,242.68,235.32,242.61,74347218.0,2904874006.0,0.025845331453609646,False,600036,招商银行
2024-11-08,243.29,244.33,237.59,237.89,74536846.0,2920926027.0,-0.019646833818665624,False,600036,招商银行
2024-11-11,234.83,237.28,232.31,235.01,70314555.0,2682610299.0,-0.012180315526887983,False,600036,招商银行
2024-11-12,234.15,238.14,229.98,230.47,89328928.0,3399364219.0,-0.019507364307887732,False,600036,招商银行
2024-11-13,230.47,232.87,229.98,231.88,48530440.0,1833809094.0,0.006099294349132914,False,600036,招商银行
2024-11-14,230.9,235.93,230.11,233.36,67644030.0,2585688546.0,0.006362329087933826,False,600036,招商银行
2024-11-15,233.48,236.48,231.82,231.88,69927688.0,2671344642.0,-0.006362329087933947,False,600036,招商银行
2024-11-18,233.29,237.03,231.76,232.38,76344807.0,2918992440.0,0.00215396628318374,False,600036,招商银行
2024-11-19,232.44,234.09,229.62,231.27,52124855.0,1967719175.0,-0.004788103615435231,False,600036,招商银行
2024-11-20,231.76,232.07,229.31,229.8,45129126.0,1693331536.0,-0.0063764937246251615,False,600036,招商银行
2024-11-21,229.8,230.9,228.51,229.49,35033614.0,1309684433.0,-0.001349909848135021,False,600036,招商银行
2024-11-22,229.49,230.23,222.93,223.48,69049090.0,2544524441.0,-0.026537530975572335,False,600036,招商银行
2024-11-25,225.02,226.0,221.46,222.07,53409473.0,1945383410.0,-0.006329277104779767,False,600036,招商银行
2024-11-26,220.91,224.28,219.74,223.12,45942121.0,1666651768.0,0.004717095833065291,False,600036,招商银行
2024-11-27,223.12,224.89,221.4,224.4,39207688.0,1429782933.0,0.005720430329307797,False,600036,招商银行
2024-11-28,224.4,225.94,221.83,223.61,45193910.0,1647865702.0,-0.0035267106484868378,False,600036,招商银行
2024-11-29,224.34,226.86,222.63,222.81,66437999.0,2437776752.0,-0.003584072650739674,False,600036,招商银行
2024-12-02,223.48,224.89,221.95,223.85,42465209.0,1548959360.0,0.004656794337659655,False,600036,招商银行
2024-12-03,224.71,228.21,223.06,227.59,72198609.0,2658919819.0,0.016569579868847738,False,600036,招商银行
2024-12-04,227.41,227.41,223.98,225.69,62051124.0,2285383469.0,-0.00838338831558232,False,600036,招商银行
2024-12-05,224.77,229.06,224.47,226.31,56894934.0,2108115265.0,0.0027433645524152237,False,600036,招商银行
2024-12-06,226.92,231.88,226.92,231.15,87723587.0,3296793042.0,0.021161109641579395,False,600036,招商银行
2024-12-09,230.47,232.93,229.0,231.15,49299535.0,1859542283.0,0.0,False,600036,招商银行
2024-12-10,237.89,239.06,235.44,236.67,103895319.0,4022695501.0,0.023599915340873506,False,600036,招商银行
2024-12-11,236.3,237.83,234.4,234.83,51770936.0,1988895959.0,-0.007804917669383979,False,600036,招商银行
2024-12-12,234.77,238.08,234.28,237.89,58688876.0,2267252621.0,0.012946533851451067,False,600036,招商银行
2024-12-13,235.75,236.67,228.57,228.7,111798280.0,4213094969.0,-0.039397280928439506,False,600036,招商银行
2024-12-16,229.0,231.64,228.82,231.39,64031589.0,2409086954.0,0.011693497585281955,False,600036,招商银行
2024-12-17,230.17,233.97,230.17,232.07,60310408.0,2287237539.0,0.002934451680649891,False,600036,招商银行
2024-12-18,233.11,237.03,232.13,236.18,80585536.0,3101731956.0,0.017555175878468363,False,600036,招商银行
2024-12-19,235.32,236.24,232.99,233.11,61119582.0,2336249857.0,-0.013083781008704517,False,600036,招商银行
2024-12-20,233.29,234.7,232.13,232.44,54215038.0,2060744582.0,-0.002878317957526178,False,600036,招商银行
2024-12-23,232.93,237.28,232.87,235.13,90269156.0,3473126152.0,0.011506425472609749,False,600036,招商银行
2024-12-24,235.13,240.9,234.95,240.47,99342846.0,3875223368.0,0.02245678896086467,False,600036,招商银行
2024-12-25,240.53,242.55,239.06,241.57,75591307.0,2972981821.0,0.0045639445248460125,False,600036,招商银行
2024-12-26,241.57,242.43,239.18,242.06,53925194.0,2125139425.0,0.0020263431452324674,False,600036,招商银行
2024-12-27,242.06,243.04,237.77,241.2,70031955.0,2742768758.0,-0.00355916445742747,False,600036,招商银行
2024-12-30,241.2,244.02,240.65,242.92,67884533.0,2690314729.0,0.007105706176344284,False,600036,招商银行
2024-12-31,242.55,244.64,240.96,240.96,64371699.0,2549055494.0,-0.008101226417845806,False,600036,招商银行
2025-01-02,241.27,242.19,235.07,236.12,64200070.0,2493694677.0,-0.020290794239040122,False,600036,招商银行
2025-01-03,236.67,239.36,236.3,237.03,68258306.0,2646967329.0,0.0038465650302630483,False,600036,招商银行
2025-01-06,238.51,239.73,233.79,239.43,61715863.0,2394244404.0,0.010074383153275582,False,600036,招商银行
2025-01-07,238.94,240.04,236.73,238.51,49275205.0,1917344814.0,-0.0038498603854416596,False,600036,招商银行
2025-01-08,238.08,242.49,238.02,240.84,75148102.0,2952943868.0,0.009721574425661406,False,600036,招商银行
2025-01-09,241.57,241.76,238.08,239.12,44708335.0,1748399288.0,-0.007167294620564706,False,600036,招商银行
2025-01-10,241.2,241.88,237.95,239.0,48142480.0,1881660497.0,-0.0005019660441717528,False,600036,招商银行
2025-01-13,238.69,240.04,236.3,239.55,60632274.0,2360608444.0,0.002298611397620529,False,600036,招商银行
2025-01-14,239.67,245.07,238.51,244.33,70801188.0,2802857578.0,0.01975760723154787,False,600036,招商银行
2025-01-15,245.19,251.38,244.58,249.17,79670088.0,3234242853.0,0.01961562387299036,False,600036,招商银行
2025-01-16,249.24,252.3,248.5,251.32,59259386.0,2423118469.0,0.008591633101076671,False,600036,招商银行
2025-01-17,251.14,252.36,246.05,249.6,47590050.0,1936832044.0,-0.006867391039473657,False,600036,招商银行
2025-01-20,251.26,251.81,245.93,245.99,54257482.0,2195966480.0,-0.014568751795663946,False,600036,招商银行
2025-01-21,247.21,248.38,245.31,246.11,40068506.0,1613495367.0,0.0004877057605307224,False,600036,招商银行
2025-01-22,246.11,246.23,241.08,241.88,58891222.0,2327377021.0,-0.017336855055127207,False,600036,招商银行
2025-01-23,243.23,246.66,242.31,244.21,60661810.0,2417576583.0,0.009586775474112269,False,600036,招商银行
2025-01-24,243.17,248.62,241.94,246.84,57465234.0,2312073726.0,0.010711842573741834,False,600036,招商银行
2025-01-27,248.81,251.2,248.62,249.24,52606047.0,2144848681.0,0.009675934223155196,False,600036,招商银行
2025-02-05,250.46,250.77,244.64,245.25,50478889.0,2030411802.0,-0.016138189230548865,False,600036,招商银行
2025-02-06,245.25,247.58,243.6,246.48,46608842.0,1866867478.0,0.0050027558429400435,False,600036,招商银行
2025-02-07,245.86,247.7,245.01,246.48,52106618.0,2092855370.0,0.0,False,600036,招商银行
2025-02-10,246.48,250.89,245.01,248.93,58180595.0,2357786974.0,0.009890878155404032,False,600036,招商银行
2025-02-11,249.85,251.63,249.17,251.26,45777119.0,1872296623.0,0.009316527132455161,False,600036,招商银行
2025-02-12,251.14,255.43,248.68,255.18,60359149.0,2484722115.0,0.015480918917325464,False,600036,招商银行
2025-02-13,255.37,257.21,253.47,255.74,46220698.0,1927409816.0,0.0021921248894251335,False,600036,招商银行
2025-02-14,255.61,257.7,254.57,257.7,49873690.0,2086301720.0,0.007634814275297111,False,600036,招商银行
2025-02-17,257.45,257.45,253.59,255.8,53612561.0,2228540282.0,-0.007400228513577013,False,600036,招商银行
2025-02-18,254.51,260.46,254.51,257.82,54666539.0,2301403254.0,0.007865777870216261,False,600036,招商银行
2025-02-19,257.51,258.43,256.04,257.39,37470223.0,1572476676.0,-0.0016692226464647974,False,600036,招商银行
2025-02-20,257.51,258.07,255.55,256.59,40767508.0,1705724684.0,-0.003112964107693989,False,600036,招商银行
2025-02-21,257.27,257.45,252.73,253.83,59525579.0,2467492898.0,-0.010814728656280621,False,600036,招商银行
2025-02-24,253.77,255.98,252.0,253.04,57110709.0,2361716151.0,-0.0031171726071259225,False,600036,招商银行
2025-02-25,252.3,254.08,250.83,251.57,50732120.0,2088784244.0,-0.005826298164333049,False,600036,招商银行
2025-02-26,252.18,255.67,251.69,254.33,47644661.0,1974231834.0,0.01091135553750543,False,600036,招商银行
2025-02-27,255.06,259.97,253.1,259.84,62259657.0,2611617503.0,0.021433420602747246,False,600036,招商银行
2025-02-28,259.84,261.56,257.82,257.82,70542365.0,2985755469.0,-0.007804389958354333,False,600036,招商银行
2025-03-03,258.25,261.31,257.21,257.82,47014902.0,1983165730.0,0.0,False,600036,招商银行
2025-03-04,256.96,258.13,256.1,256.29,31724542.0,1329037847.0,-0.00595205118332164,False,600036,招商银行
2025-03-05,257.27,263.09,255.98,262.97,63203743.0,2689749944.0,0.0257303413987636,False,600036,招商银行
2025-03-06,262.97,264.26,260.27,263.4,57205304.0,2450800591.0,0.001633832078779879,False,600036,招商银行
2025-03-07,263.03,268.55,262.72,267.14,60541319.0,2626484644.0,0.014099076239778628,False,600036,招商银行
2025-03-10,266.65,267.2,262.54,264.07,50874971.0,2191791878.0,-0.011558646033941938,False,600036,招商银行
2025-03-11,262.23,267.57,261.87,266.77,56574109.0,2447134269.0,0.010172644426064713,False,600036,招商银行
2025-03-12,266.71,268.92,265.18,266.96,41825836.0,1822497448.0,0.0007119705020364578,False,600036,招商银行
2025-03-13,267.32,272.11,266.71,268.79,58553928.0,2575079640.0,0.006831571132897847,False,600036,招商银行
2025-03-14,269.78,278.79,269.41,276.89,91127535.0,4095818343.0,0.02968990982814786,False,600036,招商银行
2025-03-17,277.87,278.97,275.78,276.15,65420973.0,2957486225.0,-0.002676119056967927,False,600036,招商银行
2025-03-18,277.69,278.24,274.8,276.77,42822001.0,1933102848.0,0.0022426400197282236,False,600036,招商银行
2025-03-19,277.62,282.65,276.52,282.16,67070594.0,3061182015.0,0.019287449560871826,False,600036,招商银行
2025-03-20,281.55,281.55,274.56,277.38,67865603.0,3067327047.0,-0.01708587869960755,False,600036,招商银行
2025-03-21,276.64,277.99,272.96,274.07,67541170.0,3030118215.0,-0.012004859015605078,False,600036,招商银行
2025-03-24,273.15,277.07,273.15,276.21,44957619.0,2018232266.0,0.007777897755280214,False,600036,招商银行
2025-03-25,275.91,278.97,275.6,276.46,35687155.0,1610425397.0,0.0009046990683470806,False,600036,招商银行
2025-03-26,272.84,273.39,261.25,261.56,157832632.0,6817699594.0,-0.055402442343135884,False,600036,招商银行
2025-03-27,262.11,268.18,262.05,265.24,82795081.0,3583722318.0,0.013971373807591756,False,600036,招商银行
2025-03-28,265.48,266.4,264.01,264.99,38618409.0,1671063294.0,-0.0009429870755163813,False,600036,招商银行
2025-03-31,264.93,268.43,261.25,265.42,53956888.0,2334387177.0,0.0016213875839527468,False,600036,招商银行
2025-04-01,265.36,265.42,262.11,262.85,38936035.0,1671945743.0,-0.00972994974364606,False,600036,招商银行
2025-04-02,262.85,264.56,261.68,261.99,33120189.0,1420244308.0,-0.003277192171705849,False,600036,招商银行
2025-04-03,257.64,262.72,257.64,261.5,46416550.0,1977833089.0,-0.0018720515887737136,False,600036,招商银行
2025-04-07,251.01,257.51,241.51,250.34,181563292.0,7360169684.0,-0.043614289605100096,False,600036,招商银行
2025-04-08,250.03,252.61,247.95,252.3,161047736.0,6562173340.0,0.007798861747134649,False,600036,招商银行
2025-04-09,248.93,251.5,247.09,248.07,97396935.0,3956703949.0,-0.01690789124482706,False,600036,招商银行
2025-04-10,251.32,254.14,248.62,252.0,74378875.0,3057795208.0,0.01571812310923826,False,600036,招商银行
2025-04-11,252.06,255.61,250.22,254.51,58305691.0,2404586566.0,0.00991104043805967,False,600036,招商银行
2025-04-14,255.55,256.96,253.9,254.33,48215984.0,2006762053.0,-0.0007074915789173533,False,600036,招商银行
2025-04-15,254.39,259.29,254.14,258.13,61456386.0,2578602435.0,0.014830697617174982,False,600036,招商银行
2025-04-16,257.39,261.07,256.41,259.05,57629358.0,2425842589.0,0.003557759273056617,False,600036,招商银行
2025-04-17,258.25,259.72,256.59,258.25,40579288.0,1711632454.0,-0.0030929852610494116,False,600036,招商银行
2025-04-18,258.31,262.36,257.82,262.11,43500128.0,1849158562.0,0.014836154978364954,False,600036,招商银行
2025-04-21,261.56,264.14,259.23,259.23,41646585.0,1774479138.0,-0.011048564456695324,False,600036,招商银行
2025-04-22,259.41,260.82,257.57,257.57,43378813.0,1831804304.0,-0.006424170700497319,False,600036,招商银行
2025-04-23,259.35,259.35,256.1,257.45,46774359.0,1965588261.0,-0.0004660013287700538,False,600036,招商银行
2025-04-24,257.51,259.84,257.21,258.8,41365185.0,1747384624.0,0.005230036134595132,False,600036,招商银行
2025-04-25,259.29,260.89,257.76,258.0,42434993.0,1792844933.0,-0.003095977705128121,False,600036,招商银行
2025-04-28,258.43,260.95,257.7,259.66,38697317.0,1639160750.0,0.006413498010489943,False,600036,招商银行
2025-04-29,259.66,261.5,257.51,257.51,45769853.0,1933096299.0,-0.008314528630917606,False,600036,招商银行
2025-04-30,255.31,255.31,248.38,249.79,117268210.0,4782474914.0,-0.030437989436636104,False,600036,招商银行
2025-05-06,250.77,253.9,248.38,253.65,66640999.0,2734586584.0,0.015334799148145272,False,600036,招商银行
2025-05-07,256.23,258.92,253.28,257.64,71291388.0,2985699306.0,0.015607897665990968,False,600036,招商银行
2025-05-08,257.57,266.22,257.51,262.42,83380964.0,3581050505.0,0.018383011998879796,False,600036,招商银行
2025-05-09,262.42,267.32,262.42,266.59,66815472.0,2897563045.0,0.0157656239861998,False,600036,招商银行
2025-05-12,266.4,272.23,264.32,268.55,84897409.0,3724155034.0,0.007325218687698925,False,600036,招商银行
2025-05-13,270.33,273.76,268.86,273.21,69912417.0,3099990420.0,0.017203613896368486,False,600036,招商银行
2025-05-14,273.15,277.75,271.74,274.74,71279018.0,3194543663.0,0.005584465649222244,False,600036,招商银行
2025-05-15,274.86,278.24,273.76,275.42,68460048.0,3080577618.0,0.002472009401920667,False,600036,招商银行
2025-05-16,274.37,275.78,269.96,271.43,61965535.0,2743750956.0,-0.014592926055717026,False,600036,招商银行
2025-05-19,271.0,272.6,268.24,268.79,50281701.0,2213557250.0,-0.009773873667246528,False,600036,招商银行
2025-05-20,269.96,273.52,268.98,269.16,50053483.0,2210731576.0,0.0013755927441010127,False,600036,招商银行
2025-05-21,269.47,272.04,268.79,269.16,49920035.0,2199193618.0,0.0,False,600036,招商银行
2025-05-22,269.16,273.21,268.24,272.9,56565562.0,2503244591.0,0.013799429394175302,False,600036,招商银行
2025-05-23,272.9,273.95,269.16,270.08,54146009.0,2395482582.0,-0.010387216306700435,False,600036,招商银行
2025-05-26,269.1,270.82,267.51,268.55,45609975.0,2000068964.0,-0.005681095056123782,False,600036,招商银行
2025-05-27,268.55,270.7,267.75,268.18,36375001.0,1594752084.0,-0.001378719499972404,False,600036,招商银行
2025-05-28,268.43,270.08,267.32,267.81,30035524.0,1313730557.0,-0.001380622992115612,False,600036,招商银行
2025-05-29,267.94,269.47,266.4,266.53,49298970.0,2152530686.0,-0.004790966232575545,False,600036,招商银行
2025-05-30,267.02,269.04,265.79,266.28,57139144.0,2491890458.0,-0.0009384208943020758,False,600036,招商银行
2025-06-03,266.71,272.41,266.71,269.59,50368513.0,2216746052.0,0.012353899629593696,False,600036,招商银行
2025-06-04,270.08,271.43,269.16,270.14,37341667.0,1644649609.0,0.0020380567705214204,False,600036,招商银行
2025-06-05,270.14,272.35,269.78,272.04,42131680.0,1865235666.0,0.007008771174819917,False,600036,招商银行
2025-06-06,272.53,274.13,271.62,272.66,37349895.0,1660462752.0,0.002276483450545649,False,600036,招商银行
2025-06-09,273.45,273.95,271.06,273.45,47477446.0,2111750061.0,0.0028931920347979216,False,600036,招商银行
2025-06-10,273.27,276.21,272.53,273.88,52834892.0,2364300624.0,0.001571264460080467,False,600036,招商银行
2025-06-11,274.19,280.08,274.19,277.81,77676108.0,3518360401.0,0.014247372539730793,False,600036,招商银行
2025-06-12,278.36,279.89,276.52,277.32,45239070.0,2050510492.0,-0.0017653527183033911,False,600036,招商银行
2025-06-13,277.38,278.05,275.6,277.01,47408056.0,2141145231.0,-0.0011184674555471488,False,600036,招商银行
2025-06-16,276.4,280.87,275.6,280.69,41447435.0,1885267746.0,0.013197250891843319,False,600036,招商银行
2025-06-17,281.3,282.34,280.26,281.92,47420901.0,2177741322.0,0.004372485237228975,False,600036,招商银行
2025-06-18,281.55,282.47,279.89,281.12,42642859.0,1957406403.0,-0.002841718309027696,False,600036,招商银行
2025-06-19,281.06,282.41,278.18,279.77,51345430.0,2342843184.0,-0.004813787398280578,False,600036,招商银行
2025-06-20,280.38,283.14,279.28,281.98,44815652.0,2059058897.0,0.007868309396708571,False,600036,招商银行
2025-06-23,281.43,284.12,278.54,283.57,53893148.0,2475802504.0,0.005622859832697337,False,600036,招商银行
2025-06-24,283.94,288.17,283.14,286.64,65581461.0,3058493531.0,0.0107680667267859,False,600036,招商银行
2025-06-25,286.64,291.24,285.66,291.24,60767987.0,2862914073.0,0.015920596529812057,False,600036,招商银行
2025-06-26,291.17,293.57,288.48,293.57,59020064.0,2807185760.0,0.00796844215662282,False,600036,招商银行
2025-06-27,293.38,293.5,282.28,283.39,95414320.0,4461309935.0,-0.035292070864214445,False,600036,招商银行
2025-06-30,282.84,283.82,280.63,281.73,62461363.0,2870068037.0,-0.005874875334286737,False,600036,招商银行
2025-07-01,281.79,286.15,281.55,284.8,45061309.0,2089060872.0,0.01083801405318885,False,600036,招商银行
2025-07-02,286.33,289.15,284.8,287.56,51856318.0,2429269829.0,0.009644354577849979,False,600036,招商银行
2025-07-03,287.56,287.86,284.12,285.78,55622576.0,2595710465.0,-0.006209250074846862,False,600036,招商银行
2025-07-04,285.72,291.24,284.49,288.6,67894832.0,3190053518.0,0.009819362298946706,False,600036,招商银行
2025-07-07,288.6,290.01,286.33,289.4,56742742.0,2672021321.0,0.002768167857612842,False,600036,招商银行
2025-07-08,289.89,292.28,288.78,291.97,63742101.0,3025850416.0,0.008841243066783917,False,600036,招商银行
2025-07-09,291.24,292.89,288.97,288.97,61456635.0,2912999773.0,-0.010328180768348193,False,600036,招商银行
2025-07-10,288.78,297.67,288.78,295.77,121978404.0,5860161557.0,0.02325924875924046,False,600036,招商银行
2025-07-11,296.03,297.44,291.81,291.93,118444284.0,5446393735.0,-0.01306807775305221,False,600036,招商银行
2025-07-14,292.0,294.81,290.66,291.49,64848437.0,2969040141.0,-0.0015083476172252583,False,600036,招商银行
2025-07-15,292.77,293.73,286.56,289.25,66620626.0,3018332344.0,-0.007714333810996074,False,600036,招商银行
2025-07-16,289.5,291.29,287.07,288.54,46818639.0,2112241748.0,-0.0024576415561595568,False,600036,招商银行
2025-07-17,288.48,289.95,287.27,287.84,41689506.0,1877218807.0,-0.002428954315403409,False,600036,招商银行
2025-07-18,288.16,288.86,286.18,288.16,54343057.0,2445283609.0,0.0011111112254231928,False,600036,招商银行
2025-07-21,288.16,289.31,286.75,286.88,56641201.0,2546034189.0,-0.0044518715708233075,False,600036,招商银行
2025-07-22,286.88,287.71,282.79,287.46,92231906.0,4111116850.0,0.002019710266263054,False,600036,招商银行
2025-07-23,287.65,292.32,287.58,288.61,85324905.0,3864679805.0,0.003992575651036368,False,600036,招商银行
2025-07-24,289.18,290.14,286.56,287.07,82662013.0,3724435789.0,-0.005350207314840842,False,600036,招商银行
2025-07-25,286.82,288.93,286.24,286.75,69626423.0,3129427563.0,-0.001115332449801053,False,600036,招商银行
2025-07-28,286.56,288.86,284.07,284.26,63512720.0,2838575467.0,-0.008721443698614367,False,600036,招商银行
2025-07-29,284.26,286.56,282.34,282.34,78581282.0,3487013440.0,-0.006777293854812263,False,600036,招商银行
2025-07-30,282.53,286.24,281.0,284.13,72546085.0,3222441776.0,0.0063198614500662685,False,600036,招商银行
2025-07-31,284.0,285.03,280.48,284.51,73319517.0,3247588211.0,0.0013365224274264696,False,600036,招商银行
2025-08-01,284.64,287.65,283.68,284.13,59462094.0,2651723323.0,-0.001336522427426553,False,600036,招商银行
2025-08-04,283.43,287.65,283.43,287.2,49800832.0,2231447773.0,0.010746957267949435,False,600036,招商银行
2025-08-05,286.43,290.4,285.54,289.44,55525830.0,2502003950.0,0.007769184472915858,False,600036,招商银行
2025-08-06,289.7,292.51,288.54,288.61,43029640.0,1951697829.0,-0.0028717258728630075,False,600036,招商银行
2025-08-07,288.61,291.68,287.58,288.8,44064325.0,1995029890.0,0.0006581112445491024,False,600036,招商银行
2025-08-08,289.12,289.63,284.83,284.83,45642153.0,2044145472.0,-0.013841895949759363,False,600036,招商银行
2025-08-11,284.83,285.47,282.08,282.08,53672371.0,2375089438.0,-0.009701792419351792,False,600036,招商银行
2025-08-12,282.28,284.51,281.44,281.44,56225243.0,2482688843.0,-0.0022714376603120185,False,600036,招商银行
2025-08-13,282.34,283.04,278.18,278.5,87673736.0,3837405883.0,-0.010501221621909322,False,600036,招商银行
2025-08-14,278.57,281.06,278.25,280.04,67635168.0,2959763586.0,0.005514390741658275,False,600036,招商银行
2025-08-15,279.27,279.78,276.97,276.97,93295684.0,4051326297.0,-0.011023253035976194,False,600036,招商银行
2025-08-18,275.69,279.33,274.34,278.31,92639738.0,4005818986.0,0.004826403260269161,False,600036,招商银行
2025-08-19,277.93,279.53,276.9,277.61,57411852.0,2493609522.0,-0.0025183492947000153,False,600036,招商银行
2025-08-20,276.97,279.08,276.01,277.93,54724013.0,2374776328.0,0.0011520323843158655,False,600036,招商银行
2025-08-21,278.25,278.82,276.52,278.05,57854002.0,2512170016.0,0.0004316702106673421,False,600036,招商银行
2025-08-22,278.05,278.12,275.3,276.71,79449625.0,3432029283.0,-0.004830927269665692,False,600036,招商银行
2025-08-25,277.09,280.61,275.75,280.61,90738990.0,3956212555.0,0.013995778588183152,False,600036,招商银行
2025-08-26,280.74,281.57,277.73,278.37,75572231.0,3296532147.0,-0.008014640918893015,False,600036,招商银行
2025-08-27,278.25,279.27,275.05,275.05,75814078.0,3280973424.0,-0.011998264711730544,False,600036,招商银行
2025-08-28,275.18,276.97,272.49,274.92,82242557.0,3530397264.0,-0.00047275306806262993,False,600036,招商银行
2025-08-29,274.92,281.38,274.34,274.34,136087899.0,5896873900.0,-0.002111933203143724,False,600036,招商银行
2025-09-01,272.62,272.75,267.88,268.52,127633329.0,5381676513.0,-0.021442813979710103,False,600036,招商银行
2025-09-02,267.76,278.25,267.76,277.86,145214114.0,6232062120.0,0.034191990650164955,False,600036,招商银行
2025-09-03,277.86,278.69,273.13,274.41,81840560.0,3528703354.0,-0.012494051384332778,False,600036,招商银行
2025-09-04,273.83,277.09,269.55,275.37,93536328.0,3997574925.0,0.003492309562726426,False,600036,招商银行
2025-09-05,275.05,275.18,272.04,273.51,57232838.0,2449941047.0,-0.006777463634188287,False,600036,招商银行
2025-09-08,273.13,275.69,271.02,271.4,85168162.0,3635065671.0,-0.007744436864152385,False,600036,招商银行
2025-09-09,271.34,274.28,271.21,273.96,58952653.0,2515896773.0,0.009388362928935709,False,600036,招商银行
2025-09-10,273.77,276.01,272.23,275.05,47138694.0,2022413171.0,0.003970788991762785,False,600036,招商银行
2025-09-11,275.88,277.16,273.64,276.97,65073072.0,2804175734.0,0.006956297751553614,False,600036,招商银行
2025-09-12,277.48,278.05,271.34,272.11,82314003.0,3521647843.0,-0.017702800764714824,False,600036,招商银行
2025-09-15,271.72,273.7,269.36,270.06,69949106.0,2964121228.0,-0.007562239775409589,False,600036,招商银行
2025-09-16,270.7,271.4,266.48,267.05,85905078.0,3600259578.0,-0.011208249747116972,False,600036,招商银行
2025-09-17,267.12,269.87,266.73,267.12,57236258.0,2392440771.0,0.0002620888496197255,False,600036,招商银行
2025-09-18,267.24,267.63,260.98,261.17,100352240.0,4131887418.0,-0.022526459347019287,False,600036,招商银行
2025-09-19,260.98,265.65,259.38,262.25,83656307.0,3440376826.0,0.004126710988026629,False,600036,招商银行
2025-09-22,263.21,264.62,260.98,261.74,65611030.0,2688228051.0,-0.0019466026490720131,False,600036,招商银行
2025-09-23,262.13,267.05,259.89,265.77,93885081.0,3891395841.0,0.015279628464716123,False,600036,招商银行
2025-09-24,265.45,267.95,264.11,264.3,64389951.0,2672303416.0,-0.005546451481807081,False,600036,招商银行
2025-09-25,264.3,264.56,261.04,261.1,66694887.0,2730478547.0,-0.012181345905160316,False,600036,招商银行
2025-09-26,261.04,262.25,257.78,260.98,68276667.0,2773964882.0,-0.00045969967098243063,False,600036,招商银行
2025-09-29,260.78,264.11,258.16,260.21,83555055.0,3407163055.0,-0.002954778718781993,False,600036,招商银行
2025-09-30,260.02,260.91,258.48,258.48,70002520.0,2836889513.0,-0.006670675799076072,False,600036,招商银行
2025-10-09,257.2,258.67,254.71,257.97,97231953.0,3900217891.0,-0.0019750224253279824,False,600036,招商银行
2025-10-10,257.78,260.02,256.69,257.01,95504979.0,3852817637.0,-0.0037283044468526655,False,600036,招商银行
2025-10-13,254.32,257.78,253.94,256.56,106593617.0,4266014498.0,-0.0017524392591627825,False,600036,招商银行
2025-10-14,256.43,265.39,254.77,263.92,173382668.0,7102543598.0,0.028283471535426652,False,600036,招商银行
2025-10-15,263.85,265.9,262.32,265.45,106276702.0,4392820738.0,0.005780472109354409,False,600036,招商银行
2025-10-16,265.45,268.59,263.09,268.2,106248776.0,4427156848.0,0.01030647181789756,False,600036,招商银行
2025-10-17,267.88,270.06,264.69,266.03,82982705.0,3470670301.0,-0.008123886470398455,False,600036,招商银行
2025-10-20,266.16,267.31,262.89,264.94,64947729.0,2694843445.0,-0.004105699121064232,False,600036,招商银行
2025-10-21,265.39,269.29,265.39,268.52,75993124.0,3184239228.0,0.013422013814435222,False,600036,招商银行
2025-10-22,268.52,269.93,266.92,268.33,55133364.0,2311324892.0,-0.0007078327575036797,False,600036,招商银行
2025-10-23,268.33,271.79,267.24,270.19,71317373.0,3004975799.0,0.006907848905676642,False,600036,招商银行
2025-10-24,270.89,271.53,267.69,268.33,69883194.0,2938870335.0,-0.006907848905676596,False,600036,招商银行
2025-10-27,268.01,268.46,264.94,266.03,98894862.0,4120096208.0,-0.008608481935867333,False,600036,招商银行
2025-10-28,266.22,266.86,263.73,266.09,70595074.0,2928533807.0,0.0002255130431265982,False,600036,招商银行
2025-10-29,265.65,265.65,260.27,260.78,91098760.0,3735043026.0,-0.02015745742498028,False,600036,招商银行
2025-10-30,260.98,264.56,260.53,263.53,113153844.0,4648170384.0,0.010490073497854373,False,600036,招商银行
2025-10-31,263.92,264.17,261.23,261.55,70260700.0,2881797758.0,-0.007541743676560451,False,600036,招商银行
2025-11-03,263.15,268.46,262.64,267.31,92198068.0,3837027068.0,0.021783563776995904,False,600036,招商银行
2025-11-04,267.63,275.75,267.44,275.11,134003592.0,5731414416.0,0.0287619840942822,False,600036,招商银行
2025-11-05,275.69,278.05,273.45,273.77,73171377.0,3142006312.0,-0.00488267986516232,False,600036,招商银行
2025-11-06,272.81,274.34,270.63,270.83,87197274.0,3704094152.0,-0.010797020055001175,False,600036,招商银行
2025-11-07,271.21,273.26,270.44,271.91,59319118.0,2521251002.0,0.0039798114216772415,False,600036,招商银行
2025-11-10,271.53,274.28,270.44,273.26,53236873.0,2272065471.0,0.004952593720929668,False,600036,招商银行
2025-11-11,273.06,275.3,271.98,274.79,54467066.0,2335614860.0,0.005583446673824496,False,600036,招商银行
2025-11-12,275.82,277.35,274.6,274.6,58792878.0,2538488042.0,-0.0006916762502954567,False,600036,招商银行
2025-11-13,274.86,276.97,273.38,276.39,58798006.0,2531083386.0,0.006497418455079571,False,600036,招商银行
2025-11-14,276.58,278.82,276.2,276.65,51820955.0,2251121743.0,0.0009402575551684281,False,600036,招商银行
2025-11-17,275.69,276.33,271.85,272.81,61067446.0,2605355053.0,-0.01397758715516342,False,600036,招商银行
2025-11-18,272.23,274.47,271.47,274.28,51743927.0,2210394705.0,0.005373900227208348,False,600036,招商银行
2025-11-19,274.28,278.25,273.77,276.46,51169639.0,2211527918.0,0.00791666262004745,False,600036,招商银行
2025-11-20,276.46,280.1,275.37,276.52,58585152.0,2545450519.0,0.00021700604085305336,False,600036,招商银行
2025-11-21,276.58,278.57,273.51,275.05,79126405.0,3414438913.0,-0.005330251755597018,False,600036,招商银行
2025-11-24,275.69,276.39,271.91,272.68,67854882.0,2903502508.0,-0.008653952826882591,False,600036,招商银行
2025-11-25,272.87,276.97,271.47,276.65,66640949.0,2860710968.0,0.014454222849534152,False,600036,招商银行
2025-11-26,277.22,279.08,274.86,276.65,45107206.0,1950643252.0,0.0,False,600036,招商银行
2025-11-27,276.2,277.54,272.49,276.26,62143434.0,2671439102.0,-0.0014107180723049047,False,600036,招商银行
2025-11-28,275.69,275.82,273.9,274.73,49465789.0,2126261782.0,-0.00555365408624423,False,600036,招商银行
2025-12-01,275.56,278.05,274.6,277.86,56791942.0,2454940643.0,0.011328592535146132,False,600036,招商银行
2025-12-02,277.86,279.21,276.46,277.48,40673497.0,1765681348.0,-0.001368531203614996,False,600036,招商银行
2025-12-03,276.77,278.76,275.05,275.11,46895972.0,2029264531.0,-0.00857784082920238,False,600036,招商银行
2025-12-04,275.37,277.73,275.11,276.46,36120746.0,1560898874.0,0.0048951273483128594,False,600036,招商银行
2025-12-05,276.65,278.57,274.47,277.93,54890622.0,2372985275.0,0.005303138386694638,False,600036,招商银行
2025-12-08,277.86,279.14,275.5,276.2,58003881.0,2512101223.0,-0.006244042447714037,False,600036,招商银行
2025-12-09,276.2,276.97,273.96,275.3,46593870.0,2007147248.0,-0.0032638288266300694,False,600036,招商银行
2025-12-10,275.56,275.56,265.77,266.73,108315686.0,4546989729.0,-0.031624501347404355,False,600036,招商银行
2025-12-11,267.76,268.97,264.88,266.6,84623107.0,3525927169.0,-0.00048750305654899874,False,600036,招商银行
2025-12-12,267.05,267.56,265.33,266.99,71762547.0,2991877687.0,0.0014617967707326004,False,600036,招商银行
2025-12-15,266.99,270.44,266.28,267.37,56266557.0,2361986962.0,0.0014222623851197602,False,600036,招商银行
2025-12-16,267.24,269.48,265.01,266.73,56617635.0,2359934980.0,-0.0023965560993033696,False,600036,招商银行
2025-12-17,266.09,267.69,263.73,265.58,63126744.0,2619154132.0,-0.00432079723897603,False,600036,招商银行
2025-12-18,265.71,271.34,264.81,271.02,76811931.0,3224732020.0,0.02027650533238634,False,600036,招商银行
2025-12-19,271.02,271.72,268.08,268.59,57382341.0,2421818093.0,-0.00900656558039352,False,600036,招商银行
2025-12-22,269.16,269.48,266.8,267.18,52473989.0,2197149656.0,-0.005263464752508145,False,600036,招商银行
2025-12-23,266.99,268.91,266.48,268.08,60651014.0,2539576613.0,0.0033628548673889595,False,600036,招商银行
2025-12-24,268.2,268.59,265.77,267.56,53630520.0,2241620145.0,-0.0019416031788476223,False,600036,招商银行
2025-12-25,268.2,269.16,266.73,267.24,49921351.0,2090265137.0,-0.001196709192930682,False,600036,招商银行
2025-12-26,267.31,267.88,266.22,266.73,50880959.0,2123779708.0,-0.0019102202561192376,False,600036,招商银行
2025-12-29,266.48,268.2,264.94,267.82,68255105.0,2848984782.0,0.00407820226626282,False,600036,招商银行
2025-12-30,268.01,271.72,267.24,270.44,83478293.0,3522122452.0,0.009735149155057132,False,600036,招商银行
2025-12-31,270.19,270.76,268.14,269.29,55414239.0,2335536695.0,-0.004261396402960033,False,600036,招商银行
2026-01-05,271.72,273.77,270.38,270.89,84082964.0,3571507107.0,0.005923968599791859,False,600036,招商银行
2026-01-06,271.53,273.7,269.23,273.32,92371482.0,3918152819.0,0.00893043549326871,False,600036,招商银行
2026-01-07,273.45,275.18,269.55,269.61,88055952.0,3735889227.0,-0.01366679957418569,False,600036,招商银行
2026-01-08,269.93,270.25,264.17,265.96,111572692.0,4642639925.0,-0.01363054880413766,False,600036,招商银行
2026-01-09,265.71,267.12,263.02,264.17,98547074.0,4069939125.0,-0.006753086234008104,False,600036,招商银行
2026-01-12,264.17,265.01,262.25,263.02,118664058.0,4887859874.0,-0.004362760386427232,False,600036,招商银行
2026-01-13,263.53,264.69,262.45,263.09,115936473.0,4772124912.0,0.0002661040482525537,False,600036,招商银行
2026-01-14,263.09,263.34,256.24,256.31,191774380.0,7803195415.0,-0.026108529575966235,False,600036,招商银行
2026-01-15,256.56,258.55,255.86,256.56,121727094.0,4886718463.0,0.0009749059987945695,False,600036,招商银行
2026-01-16,259.14,259.21,253.63,254.09,152524530.0,5941062877.0,-0.009674020418002218,False,600036,招商银行
2026-01-19,254.15,255.4,252.64,252.97,98870273.0,3825610922.0,-0.004417630345293032,False,600036,招商银行
2026-01-20,253.1,256.78,252.71,254.15,111387322.0,4327688233.0,0.004653739271307397,False,600036,招商银行
2026-01-21,255.4,255.53,250.54,250.94,121499985.0,4683716085.0,-0.012710777161357899,False,600036,招商银行
2026-01-22,251.14,253.17,248.05,248.38,187754633.0,7138121617.0,-0.01025403521166712,False,600036,招商银行
2026-01-23,248.38,250.48,245.29,246.08,189211273.0,7135111003.0,-0.009303145202607326,False,600036,招商银行
2026-01-26,246.08,251.33,244.84,249.49,216679416.0,8225997387.0,0.013762147910742505,False,600036,招商银行
2026-01-27,249.76,252.71,248.51,250.02,157240627.0,6017368290.0,0.002122080434395503,False,600036,招商银行
2026-01-28,250.15,252.25,247.39,248.05,204166688.0,7757392685.0,-0.00791057591535924,False,600036,招商银行
2026-01-29,248.58,253.63,246.41,252.84,199998187.0,7627788339.0,0.019126538857040038,False,600036,招商银行
2026-01-30,252.84,257.04,252.84,253.76,166084303.0,6450474687.0,0.0036320608423852487,False,600036,招商银行
2026-02-02,255.14,257.89,252.05,252.32,138497888.0,5374972304.0,-0.005690815231754848,False,600036,招商银行
2026-02-03,253.76,253.76,250.28,251.33,84279156.0,3228439117.0,-0.003931306562300338,False,600036,招商银行
2026-02-04,251.33,256.06,251.07,255.99,102131628.0,3961153583.0,0.018371564564175227,False,600036,招商银行
2026-02-05,255.53,261.96,255.33,260.58,121889452.0,4810048757.0,0.017771534558182287,False,600036,招商银行
2026-02-06,260.52,262.16,257.96,259.86,80297978.0,3178037639.0,-0.0027668913201951344,False,600036,招商银行
2026-02-09,259.86,260.78,258.09,259.08,65894891.0,2601539089.0,-0.0030061301398741002,False,600036,招商银行
2026-02-10,259.14,259.6,257.96,258.16,49596465.0,1953983696.0,-0.0035573465710097307,False,600036,招商银行
2026-02-11,258.29,258.88,257.24,258.55,52881696.0,2080370293.0,0.0015095510985239473,False,600036,招商银行
2026-02-12,258.55,258.68,254.15,255.86,77752571.0,3028037809.0,-0.01045867895334162,False,600036,招商银行
2026-02-13,255.6,256.52,253.5,254.02,70537032.0,2738389980.0,-0.007217415812715485,False,600036,招商银行
2026-02-24,257.24,258.62,254.74,255.53,75467438.0,2950566959.0,0.005926815504514887,False,600036,招商银行
2026-02-25,255.27,256.91,254.09,254.48,72397149.0,2817141580.0,-0.004117572139799708,False,600036,招商银行
2026-02-26,254.61,256.06,252.64,253.96,59332534.0,2297277144.0,-0.002045473138639436,False,600036,招商银行
2026-02-27,254.29,255.6,253.56,254.29,63703472.0,2472164576.0,0.001298573719126565,False,600036,招商银行
2026-03-02,253.3,255.07,252.12,253.76,68547313.0,2649577380.0,-0.0020864095748926934,False,600036,招商银行
2026-03-03,253.69,259.53,253.04,257.11,138465642.0,5423934800.0,0.01311507044040628,False,600036,招商银行
2026-03-04,255.99,256.12,249.43,253.3,115193902.0,4442287555.0,-0.01492945187925975,False,600036,招商银行
2026-03-05,253.69,257.5,253.5,256.91,78336979.0,3058463948.0,0.014151272002629596,False,600036,招商银行
2026-03-06,256.58,258.03,255.6,257.24,46595667.0,1822138719.0,0.0012836722564033207,False,600036,招商银行
2026-03-09,255.27,257.11,254.29,254.55,76677490.0,2983734019.0,-0.010512220918317385,False,600036,招商银行
2026-03-10,255.53,257.5,254.61,257.37,61371700.0,2399803866.0,0.011017457904638492,False,600036,招商银行
2026-03-11,257.89,259.21,255.6,259.21,68940710.0,2710371064.0,0.007123805727850926,False,600036,招商银行
2026-03-12,258.88,259.73,258.09,259.21,52772330.0,2081987130.0,0.0,False,600036,招商银行
2026-03-13,258.94,262.82,258.22,260.91,76527668.0,3041555947.0,0.006536976288948989,False,600036,招商银行
2026-03-16,260.98,262.75,260.13,261.9,61094451.0,2435208936.0,0.0037872312438825438,False,600036,招商银行
2026-03-17,261.77,264.85,261.37,263.28,65622927.0,2637804783.0,0.005255353121418267,False,600036,招商银行
2026-03-18,263.34,264.59,261.11,261.96,70583141.0,2822439834.0,-0.005026284285231599,False,600036,招商银行
2026-03-19,261.7,262.75,260.52,260.98,65024684.0,2591832050.0,-0.003748044315751891,False,600036,招商银行
2026-03-20,261.5,263.01,260.26,260.85,61580273.0,2453063180.0,-0.0004982465656990406,False,600036,招商银行
2026-03-23,259.73,260.52,252.97,253.83,95773829.0,3730145439.0,-0.027280777863882548,False,600036,招商银行
2026-03-24,254.61,258.03,254.15,257.57,61633642.0,2408674586.0,0.014626776216401143,False,600036,招商银行
2026-03-25,258.09,258.55,255.53,257.63,65381669.0,2556622045.0,0.00023291925571135362,False,600036,招商银行
2026-03-26,256.91,260.45,256.84,259.6,61679007.0,2437289721.0,0.007617537753303119,False,600036,招商银行
2026-03-27,259.21,260.52,257.57,258.81,46800671.0,1846335951.0,-0.0030477830733378875,False,600036,招商银行
2026-03-30,257.5,259.67,256.78,259.08,64605410.0,2544968867.0,0.0010426925581190245,False,600036,招商银行
2026-03-31,259.47,260.72,257.76,258.03,66309671.0,2617257387.0,-0.00406103708321849,False,600036,招商银行
2026-04-01,259.6,262.75,258.68,261.31,88152581.0,3510509345.0,0.012631584750307949,False,600036,招商银行
2026-04-02,261.57,261.96,259.73,260.91,53462988.0,2124222801.0,-0.0015319217120221683,False,600036,招商银行
2026-04-03,260.91,261.31,258.29,258.55,46448537.0,1835962093.0,-0.009086421427553133,False,600036,招商银行
2026-04-07,258.48,259.86,255.66,255.86,52836661.0,2071766646.0,-0.01045867895334162,False,600036,招商银行
2026-04-08,259.21,260.13,257.17,259.99,66949789.0,2643490434.0,0.016012748848513378,False,600036,招商银行
2026-04-09,259.08,259.34,256.71,257.63,53585405.0,2104306041.0,-0.009118721660770518,False,600036,招商银行
2026-04-10,258.03,258.42,256.78,257.3,54320208.0,2130641529.0,-0.00128172778893324,False,600036,招商银行
2026-04-13,256.78,256.98,255.4,255.79,52514495.0,2047706850.0,-0.0058859239485477095,False,600036,招商银行
2026-04-14,255.93,257.11,255.6,256.78,50399861.0,1967829540.0,0.0038628918237866416,False,600036,招商银行
2026-04-15,257.57,261.96,257.37,261.83,105210379.0,4177253342.0,0.019475751038843334,False,600036,招商银行
2026-04-16,261.83,263.47,260.85,261.9,61725776.0,2467044522.0,0.00026731331188519273,False,600036,招商银行
2026-04-17,261.5,261.83,259.21,259.34,58792518.0,2331744880.0,-0.009822809392928048,False,600036,招商银行
2026-04-20,259.21,261.83,258.09,261.63,58877642.0,2337084804.0,0.0087913497862659,False,600036,招商银行
2026-04-21,261.9,263.47,261.57,261.63,54594915.0,2182431154.0,0.0,False,600036,招商银行
2026-04-22,261.63,262.68,259.99,260.78,50759455.0,2017733909.0,-0.003254151911677785,False,600036,招商银行
2026-04-23,260.65,261.57,259.34,261.24,56948934.0,2260647913.0,0.001762385039130336,False,600036,招商银行
2026-04-24,260.78,261.18,258.29,258.42,62941438.0,2485978699.0,-0.010853356740382123,False,600036,招商银行
2026-04-27,259.34,262.42,258.03,258.42,92616843.0,3669782211.0,0.0,False,600036,招商银行
2026-04-28,258.42,260.06,257.63,259.86,66930520.0,2637104794.0,0.005556856160516172,False,600036,招商银行
2026-04-29,255.33,256.06,251.59,252.64,253311717.0,9780526575.0,-0.02817747394725845,False,600036,招商银行
2026-04-30,251.99,252.71,250.15,251.14,116957410.0,4477499783.0,-0.005954997946514184,False,600036,招商银行
2026-05-06,251.27,251.66,248.18,249.36,143177103.0,5437169068.0,-0.00711291710173607,False,600036,招商银行
2026-05-07,249.69,250.41,248.97,249.04,79008987.0,3001814235.0,-0.0012841093257289478,False,600036,招商银行
2026-05-08,249.56,250.54,248.71,248.97,86953912.0,3303687174.0,-0.00028111885488642214,False,600036,招商银行
2026-05-11,249.04,249.23,247.39,249.17,92548934.0,3502977208.0,0.0008029871552031346,False,600036,招商银行
2026-05-12,249.23,250.28,248.44,248.71,96729929.0,3673345231.0,-0.0018478353454203953,False,600036,招商银行
2026-05-13,249.1,249.95,248.38,248.58,71830416.0,2723485937.0,-0.0005228337708835994,False,600036,招商银行
2026-05-14,248.12,249.49,247.59,248.12,86786790.0,3286217937.0,-0.001852225212448747,False,600036,招商银行
2026-05-15,248.12,249.17,246.8,247.07,82173796.0,3101358446.0,-0.0042408028176468895,False,600036,招商银行
2026-05-18,247.07,247.13,245.1,245.89,70768410.0,2651016863.0,-0.004787415829824985,False,600036,招商银行
2026-05-19,245.95,247.66,245.03,245.23,71991007.0,2698787184.0,-0.0026877357766563782,False,600036,招商银行
2026-05-20,245.23,245.69,243.92,243.92,69318422.0,2582329893.0,-0.00535624300078926,False,600036,招商银行
2026-05-21,243.98,245.03,243.52,243.79,72519969.0,2698141548.0,-0.0005331037012930877,False,600036,招商银行
2026-05-22,243.46,244.97,242.6,242.93,79761712.0,2961273370.0,-0.00353386298071405,False,600036,招商银行
2020-01-02,48.6,49.4,48.42,49.09,15934570.0,765516493.0,,False,002594,比亚迪
2020-01-03,49.12,49.93,48.59,48.96,12993607.0,628361961.0,-0.0026517098658905614,False,002594,比亚迪
2020-01-06,48.3,50.13,48.09,49.2,16987138.0,822172473.0,0.00488998529419177,False,002594,比亚迪
2020-01-07,49.24,49.43,48.68,48.97,9340058.0,449013436.0,-0.004685757784036503,False,002594,比亚迪
2020-01-08,48.46,49.28,48.05,48.19,11097445.0,529249404.0,-0.016056335061984665,False,002594,比亚迪
2020-01-09,48.66,49.12,48.29,48.56,8921700.0,425352463.0,0.007648616099001506,False,002594,比亚迪
2020-01-10,48.57,48.57,47.5,47.82,10929463.0,512929719.0,-0.015356184721064167,False,002594,比亚迪
2020-01-13,52.6,52.6,51.48,52.6,51882759.0,2662873915.0,0.09527215771348545,False,002594,比亚迪
2020-01-14,56.05,57.06,54.01,54.46,61497596.0,3356918725.0,0.03475036750194945,False,002594,比亚迪
2020-01-15,55.04,55.8,53.28,54.33,29870523.0,1594534514.0,-0.0023899266821818337,False,002594,比亚迪
2020-01-16,54.51,55.58,52.77,55.13,33573707.0,1778235678.0,0.014617472038160658,False,002594,比亚迪
2020-01-17,54.89,60.64,54.22,59.06,53060038.0,3022542423.0,0.06885984371418438,False,002594,比亚迪
2020-01-20,58.4,61.05,57.58,59.89,30077562.0,1742179867.0,0.013955669960594478,False,002594,比亚迪
2020-01-21,58.83,58.84,57.63,57.81,20383657.0,1161444871.0,-0.03534777518198625,False,002594,比亚迪
2020-01-22,57.58,61.66,57.17,60.4,32797995.0,1927419434.0,0.04382733384638457,False,002594,比亚迪
2020-01-23,59.1,63.06,58.61,60.98,29158496.0,1735366428.0,0.009556836619339497,False,002594,比亚迪
2020-02-03,54.88,55.52,54.88,54.88,10039800.0,540735186.0,-0.10539695814247889,False,002594,比亚迪
2020-02-04,55.03,58.6,55.03,57.44,36777530.0,2057907669.0,0.04559194132233898,False,002594,比亚迪
2020-02-05,58.8,63.19,58.08,61.97,44623025.0,2698234965.0,0.07590947223404745,False,002594,比亚迪
2020-02-06,59.57,62.02,59.52,61.91,30113181.0,1792085753.0,-0.0009686794428754337,False,002594,比亚迪
2020-02-07,61.9,61.9,57.74,59.01,32128159.0,1868897083.0,-0.04797479646206337,False,002594,比亚迪
2020-02-10,60.33,64.57,59.98,62.1,35279646.0,2143782477.0,0.051039067870355725,False,002594,比亚迪
2020-02-11,61.15,61.27,59.4,60.17,19617574.0,1162310506.0,-0.03157209970717266,False,002594,比亚迪
2020-02-12,60.17,61.76,59.47,60.32,19745556.0,1171671705.0,0.0024898344674403276,False,002594,比亚迪
2020-02-13,59.62,61.28,58.6,58.65,23694703.0,1387055830.0,-0.028076148600216243,False,002594,比亚迪
2020-02-14,58.66,59.01,57.52,57.99,21117383.0,1205977325.0,-0.011316993211135242,False,002594,比亚迪
2020-02-17,58.0,59.68,58.0,59.6,20988900.0,1215249655.0,0.02738499218295481,False,002594,比亚迪
2020-02-18,58.91,61.15,58.88,60.61,22836532.0,1350970759.0,0.016804321891889643,False,002594,比亚迪
2020-02-19,65.7,65.71,62.84,63.1,43747653.0,2773613068.0,0.04026087358397391,False,002594,比亚迪
2020-02-20,64.38,69.4,64.32,69.4,64939094.0,4366081680.0,0.09516609796559139,False,002594,比亚迪
2020-02-21,68.28,69.58,66.94,68.79,45518916.0,3046190981.0,-0.008828481974836041,False,002594,比亚迪
2020-02-24,66.67,68.43,66.2,67.47,35796879.0,2351741647.0,-0.019375330898588866,False,002594,比亚迪
2020-02-25,65.63,73.57,65.4,72.21,40743409.0,2786635361.0,0.0678954858237561,False,002594,比亚迪
2020-02-26,71.12,77.25,70.32,73.07,52276832.0,3774510844.0,0.011839345340036202,False,002594,比亚迪
2020-02-27,73.05,74.55,69.38,71.39,27269996.0,1912686987.0,-0.0232600822887572,False,002594,比亚迪
2020-02-28,67.94,70.31,66.19,66.62,33825352.0,2251947903.0,-0.06915297074883547,False,002594,比亚迪
2020-03-02,66.86,68.52,65.23,68.13,22564321.0,1492112198.0,0.022412812020043,False,002594,比亚迪
2020-03-03,71.14,71.54,68.75,69.17,27425292.0,1880749812.0,0.015149597826916673,False,002594,比亚迪
2020-03-04,68.23,69.1,65.96,67.85,18093253.0,1198529240.0,-0.019267856331615315,False,002594,比亚迪
2020-03-05,68.3,68.91,66.75,68.09,17000367.0,1128290420.0,0.003530973213997354,False,002594,比亚迪
2020-03-06,66.75,68.84,66.58,66.61,14720960.0,972613005.0,-0.02197564306978732,False,002594,比亚迪
2020-03-09,64.5,64.5,60.31,60.59,29247882.0,1789143869.0,-0.09472485346819029,False,002594,比亚迪
2020-03-10,58.7,62.68,58.43,61.32,26680523.0,1578089168.0,0.01197619104671562,False,002594,比亚迪
2020-03-11,61.93,62.32,59.72,59.87,22221247.0,1327803130.0,-0.02393050906635277,False,002594,比亚迪
2020-03-12,58.41,58.76,56.97,58.12,23238254.0,1319050413.0,-0.029665706235178543,False,002594,比亚迪
2020-03-13,54.83,57.58,53.35,56.73,21319807.0,1162290580.0,-0.024206667363606375,False,002594,比亚迪
2020-03-16,57.67,58.43,54.91,54.91,23877348.0,1326361269.0,-0.03260769004769463,False,002594,比亚迪
2020-03-17,54.91,56.01,52.87,54.06,18091852.0,961588994.0,-0.015600940442479548,False,002594,比亚迪
2020-03-18,54.62,55.72,53.02,53.09,17268432.0,925695050.0,-0.018105954252721452,False,002594,比亚迪
2020-03-19,53.11,53.53,50.84,52.34,19445000.0,993678521.0,-0.014227689493580295,False,002594,比亚迪
2020-03-20,53.3,53.8,52.38,53.53,14829620.0,772921085.0,0.02248134730329003,False,002594,比亚迪
2020-03-23,51.21,51.77,48.81,49.07,24273976.0,1190535685.0,-0.08699439430347795,False,002594,比亚迪
2020-03-24,50.2,50.84,48.3,50.68,20502711.0,1002130022.0,0.03228350535112616,False,002594,比亚迪
2020-03-25,52.54,53.81,52.02,53.25,28978742.0,1504804537.0,0.04946644913659629,False,002594,比亚迪
2020-03-26,53.51,56.24,52.6,55.31,29662084.0,1588496993.0,0.03795591941705221,False,002594,比亚迪
2020-03-27,56.46,57.12,55.48,55.83,22997249.0,1269534019.0,0.009357635315682395,False,002594,比亚迪
2020-03-30,56.05,58.89,55.92,57.31,32893740.0,1855914322.0,0.026163769241377026,False,002594,比亚迪
2020-03-31,57.85,61.14,56.51,61.12,35017444.0,2037070402.0,0.06436401629461896,False,002594,比亚迪
2020-04-01,61.05,61.82,58.11,58.21,36556547.0,2139092106.0,-0.048781983574620894,False,002594,比亚迪
2020-04-02,57.79,57.79,55.85,57.67,23384169.0,1300691383.0,-0.009320053656322866,False,002594,比亚迪
2020-04-03,57.67,57.67,55.96,56.05,16918966.0,940495659.0,-0.028492958109152443,False,002594,比亚迪
2020-04-07,57.52,58.01,56.66,57.39,18911589.0,1061432560.0,0.023625922602102337,False,002594,比亚迪
2020-04-08,56.87,56.87,56.09,56.38,12954327.0,717031924.0,-0.01775558643430466,False,002594,比亚迪
2020-04-09,56.88,57.62,56.61,56.72,13333832.0,746729511.0,0.00601239653790559,False,002594,比亚迪
2020-04-10,57.36,57.36,55.19,55.61,13185472.0,727755054.0,-0.01976384102439944,False,002594,比亚迪
2020-04-13,55.78,57.01,55.78,56.87,10255956.0,569833087.0,0.02240492011923571,False,002594,比亚迪
2020-04-14,56.87,59.11,56.44,59.03,23386305.0,1338857702.0,0.03727782793388971,False,002594,比亚迪
2020-04-15,60.5,63.58,59.5,61.29,30622736.0,1847393286.0,0.03757090824504226,False,002594,比亚迪
2020-04-16,61.25,62.47,60.18,61.16,16525891.0,992639139.0,-0.002123316436778821,False,002594,比亚迪
2020-04-17,61.76,62.15,59.8,59.93,15649005.0,931863465.0,-0.02031616659076759,False,002594,比亚迪
2020-04-20,60.54,60.54,59.27,59.99,10747360.0,630616732.0,0.0010006671949078052,False,002594,比亚迪
2020-04-21,59.62,60.82,58.91,60.51,14714834.0,864113084.0,0.008630758969228216,False,002594,比亚迪
2020-04-22,59.52,61.15,58.99,60.57,12145802.0,715492487.0,0.000991080358625783,False,002594,比亚迪
2020-04-23,61.14,61.71,59.15,59.37,11602798.0,686078407.0,-0.02001067271027181,False,002594,比亚迪
2020-04-24,59.79,61.65,59.62,59.85,13594893.0,806969228.0,0.008052383721398116,False,002594,比亚迪
2020-04-27,60.15,60.22,57.97,58.07,13826532.0,799777333.0,-0.030192252620023625,False,002594,比亚迪
2020-04-28,58.09,58.69,55.81,58.07,12865794.0,725365014.0,0.0,False,002594,比亚迪
2020-04-29,59.31,60.59,58.66,59.11,16512556.0,964564486.0,0.01775093545231959,False,002594,比亚迪
2020-04-30,59.95,61.74,59.63,61.11,21887625.0,1303496246.0,0.03327540407054596,False,002594,比亚迪
2020-05-06,60.54,63.7,60.23,63.37,23190623.0,1420097902.0,0.03631504442860133,False,002594,比亚迪
2020-05-07,63.36,63.36,61.13,61.24,22511802.0,1362997621.0,-0.034189992545942516,False,002594,比亚迪
2020-05-08,61.26,61.66,60.44,60.92,17147173.0,1025569471.0,-0.0052390427625219746,False,002594,比亚迪
2020-05-11,60.43,60.8,59.22,60.01,19071621.0,1121805580.0,-0.015050313025539604,False,002594,比亚迪
2020-05-12,60.02,60.27,59.31,60.26,10401966.0,610124974.0,0.004157318700733712,False,002594,比亚迪
2020-05-13,60.26,60.89,59.62,60.12,11111516.0,657743993.0,-0.0023259688173814298,False,002594,比亚迪
2020-05-14,60.03,60.03,58.65,58.79,11836313.0,688315257.0,-0.022370792470610145,False,002594,比亚迪
2020-05-15,58.9,59.7,58.4,59.07,10277106.0,595823316.0,0.004751408904980355,False,002594,比亚迪
2020-05-18,58.5,59.52,57.48,58.27,10474339.0,601110775.0,-0.013635800164160973,False,002594,比亚迪
2020-05-19,59.11,59.72,58.86,59.33,9404190.0,547143040.0,0.01802769911556888,False,002594,比亚迪
2020-05-20,59.82,61.45,59.79,60.14,16470785.0,981282457.0,0.013560097289831171,False,002594,比亚迪
2020-05-21,60.24,60.51,58.1,58.24,12096788.0,697047198.0,-0.03210277367195241,False,002594,比亚迪
2020-05-22,58.25,58.77,56.57,57.1,9234961.0,522767760.0,-0.01976828722646604,False,002594,比亚迪
2020-05-25,57.1,57.63,56.37,57.6,5969703.0,334368698.0,0.00871845103988103,False,002594,比亚迪
2020-05-26,57.89,59.5,57.89,59.42,9854368.0,570419228.0,0.03110830233261608,False,002594,比亚迪
2020-05-27,60.74,61.1,58.16,58.4,11361742.0,662802627.0,-0.017314980200280296,False,002594,比亚迪
2020-05-28,58.45,59.35,57.48,58.58,8630023.0,494679180.0,0.003077451565406047,False,002594,比亚迪
2020-05-29,58.21,59.13,57.9,58.51,6803639.0,390882857.0,-0.00119566159944264,False,002594,比亚迪
2020-06-01,58.86,60.83,58.54,60.47,16106781.0,949983297.0,0.0329496944849768,False,002594,比亚迪
2020-06-02,60.71,63.37,60.01,62.17,20479610.0,1235513479.0,0.02772519399612462,False,002594,比亚迪
2020-06-03,61.95,62.22,60.62,61.08,14635695.0,882603748.0,-0.017688087930814545,False,002594,比亚迪
2020-06-04,61.64,62.37,60.85,61.26,10574332.0,637797410.0,0.002942621054197578,False,002594,比亚迪
2020-06-05,62.17,64.49,61.49,64.41,26545122.0,1643855456.0,0.05014179915417017,False,002594,比亚迪
2020-06-08,64.21,65.05,63.65,63.99,17244111.0,1087013122.0,-0.006542079407430323,False,002594,比亚迪
2020-06-09,64.21,65.64,62.87,63.17,20443053.0,1285542235.0,-0.012897316240759833,False,002594,比亚迪
2020-06-10,63.45,63.62,61.84,62.22,18619403.0,1140629413.0,-0.01515301344111813,False,002594,比亚迪
2020-06-11,63.05,65.43,62.69,64.04,28023252.0,1764678741.0,0.02883139665902308,False,002594,比亚迪
2020-06-12,62.58,63.12,61.79,62.66,17549710.0,1075893064.0,-0.021784602604468416,False,002594,比亚迪
2020-06-15,63.7,65.1,62.42,63.7,19574028.0,1225432620.0,0.01646127705407215,False,002594,比亚迪
2020-06-16,65.02,65.69,64.34,65.33,21411572.0,1367780377.0,0.025266786274541164,False,002594,比亚迪
2020-06-17,65.23,65.34,63.55,65.34,14437818.0,912074335.0,0.0001530573202652118,False,002594,比亚迪
2020-06-18,65.02,68.04,64.15,68.02,27903336.0,1829902632.0,0.04019737340612529,False,002594,比亚迪
2020-06-19,67.97,70.0,67.57,68.27,22061887.0,1487253015.0,0.0036686518511395132,False,002594,比亚迪
2020-06-22,67.88,70.1,67.56,69.3,19625480.0,1325805162.0,0.014974474765668672,False,002594,比亚迪
2020-06-23,68.86,73.47,68.28,72.39,26037491.0,1812606802.0,0.043623262109192644,False,002594,比亚迪
2020-06-24,72.46,74.46,72.11,73.07,19668098.0,1414432114.0,0.009349717498076246,False,002594,比亚迪
2020-06-29,72.87,73.82,71.65,71.95,17337630.0,1233307831.0,-0.015446452469749463,False,002594,比亚迪
2020-06-30,72.78,74.24,72.23,73.17,16983101.0,1223207516.0,0.01681406756256184,False,002594,比亚迪
2020-07-01,74.61,76.89,72.39,73.86,23509322.0,1726221256.0,0.00938590852847841,False,002594,比亚迪
2020-07-02,74.02,76.04,73.17,73.52,21407418.0,1559734669.0,-0.004613931376985557,False,002594,比亚迪
2020-07-03,74.7,80.87,74.63,80.87,45538812.0,3497719616.0,0.09528544906029929,False,002594,比亚迪
2020-07-06,80.85,83.15,78.89,82.45,46122416.0,3661516240.0,0.019349121897877155,False,002594,比亚迪
2020-07-07,86.38,90.19,84.59,84.59,46670587.0,3978641290.0,0.025624007310315153,False,002594,比亚迪
2020-07-08,83.51,85.89,83.43,84.33,31915588.0,2647763129.0,-0.0030783827293730374,False,002594,比亚迪
2020-07-09,84.33,87.95,83.02,86.08,32797352.0,2764110591.0,0.02053942282692419,False,002594,比亚迪
2020-07-10,86.09,94.13,84.64,90.7,39602931.0,3495161211.0,0.05228026070761665,False,002594,比亚迪
2020-07-13,94.37,99.77,94.06,99.77,57987128.0,5536512876.0,0.09531017980432474,False,002594,比亚迪
2020-07-14,99.77,99.78,92.31,98.4,53638869.0,5075817586.0,-0.013826732867207887,False,002594,比亚迪
2020-07-15,98.86,99.15,94.46,96.31,38869586.0,3699030985.0,-0.02146864848543481,False,002594,比亚迪
2020-07-16,96.21,97.33,86.68,86.68,56046663.0,4984540818.0,-0.10534897890461462,False,002594,比亚迪
2020-07-17,84.61,86.99,81.6,83.15,43096874.0,3549101617.0,-0.041576971029221664,False,002594,比亚迪
2020-07-20,85.3,91.01,83.17,88.84,43173031.0,3684539642.0,0.06619079338728999,False,002594,比亚迪
2020-07-21,91.62,93.08,89.36,89.78,31722234.0,2834375732.0,0.01052523432755926,False,002594,比亚迪
2020-07-22,87.65,91.19,87.14,88.86,26954483.0,2367987141.0,-0.010300135846023678,False,002594,比亚迪
2020-07-23,87.71,90.7,87.22,90.69,32728656.0,2869841089.0,0.020384999951713875,False,002594,比亚迪
2020-07-24,89.46,89.83,84.08,84.59,38817374.0,3298033865.0,-0.06963104114355322,False,002594,比亚迪
2020-07-27,85.1,86.83,83.88,85.12,20882846.0,1753284470.0,0.0062459692774111475,False,002594,比亚迪
2020-07-28,87.63,88.32,84.59,85.52,21644067.0,1829407615.0,0.0046882411234555384,False,002594,比亚迪
2020-07-29,84.91,89.18,84.1,88.59,28797550.0,2464892397.0,0.03526871770715126,False,002594,比亚迪
2020-07-30,88.69,89.31,85.91,86.63,22449269.0,1917850499.0,-0.02237280852189217,False,002594,比亚迪
2020-07-31,86.59,88.32,85.06,87.03,25812289.0,2201963264.0,0.004606710899373573,False,002594,比亚迪
2020-08-03,87.05,88.16,86.02,87.82,28030360.0,2394349093.0,0.009036378332148888,False,002594,比亚迪
2020-08-04,88.61,92.74,88.54,90.7,38395587.0,3414415346.0,0.03226809198751962,False,002594,比亚迪
2020-08-05,90.7,90.7,88.24,89.84,19022684.0,1667411299.0,-0.009527046690903223,False,002594,比亚迪
2020-08-06,90.51,91.32,88.67,90.43,20533266.0,1815887527.0,0.006545760322201027,False,002594,比亚迪
2020-08-07,89.28,90.46,85.41,87.01,24597416.0,2120266841.0,-0.03855301617445574,False,002594,比亚迪
2020-08-10,85.39,85.97,81.53,83.55,33653884.0,2752165156.0,-0.040577799536530464,False,002594,比亚迪
2020-08-11,83.47,84.79,82.5,82.55,19417260.0,1596334584.0,-0.012041084675265748,False,002594,比亚迪
2020-08-12,82.73,83.55,79.95,83.55,22097173.0,1768144489.0,0.012041084675265632,False,002594,比亚迪
2020-08-13,85.1,85.4,83.21,83.37,13582779.0,1119875379.0,-0.002156722618880615,False,002594,比亚迪
2020-08-14,83.67,84.17,81.53,83.5,12062031.0,981262742.0,0.0015580994342876044,False,002594,比亚迪
2020-08-17,83.77,84.82,82.89,84.51,15103194.0,1246372800.0,0.012023238699581244,False,002594,比亚迪
2020-08-18,85.68,86.19,83.43,83.81,16155250.0,1335564954.0,-0.008317538445576117,False,002594,比亚迪
2020-08-19,83.02,83.26,81.1,81.23,18735826.0,1504274090.0,-0.031267695047952314,False,002594,比亚迪
2020-08-20,81.22,81.59,79.65,80.11,12272430.0,967851099.0,-0.013883946835837055,False,002594,比亚迪
2020-08-21,81.59,82.24,80.47,81.16,11190548.0,893244023.0,0.013021824730588523,False,002594,比亚迪
2020-08-24,81.49,83.92,81.27,83.06,17128061.0,1384872484.0,0.02314072324499353,False,002594,比亚迪
2020-08-25,82.61,84.53,82.1,82.86,14510634.0,1182125999.0,-0.0024108015533517596,False,002594,比亚迪
2020-08-26,83.63,87.01,83.3,85.08,32047153.0,2691953338.0,0.02643955368278077,False,002594,比亚迪
2020-08-27,88.22,89.29,86.38,87.12,25203489.0,2168640349.0,0.02369448829266877,False,002594,比亚迪
2020-08-28,86.69,87.77,84.67,87.09,18647043.0,1572760241.0,-0.00034441192005680524,False,002594,比亚迪
2020-08-31,88.75,89.97,86.57,86.69,21534690.0,1864842718.0,-0.004603529824099291,False,002594,比亚迪
2020-09-01,88.72,95.36,88.03,95.36,39461265.0,3573272702.0,0.09532066643649059,False,002594,比亚迪
2020-09-02,97.79,97.91,93.45,96.18,39704708.0,3719378788.0,0.008562232532476947,False,002594,比亚迪
2020-09-03,94.73,97.05,93.98,94.43,22779495.0,2129704438.0,-0.018362616574538717,False,002594,比亚迪
2020-09-04,90.57,92.39,89.77,91.79,22202132.0,1979126649.0,-0.02835546004397822,False,002594,比亚迪
2020-09-07,91.26,99.44,91.18,96.62,40998653.0,3862436333.0,0.05128239989526104,False,002594,比亚迪
2020-09-08,97.79,97.79,92.5,92.81,27908409.0,2590896624.0,-0.04023136651895918,False,002594,比亚迪
2020-09-09,89.76,90.46,86.54,87.7,26329156.0,2281813618.0,-0.05663249322916407,False,002594,比亚迪
2020-09-10,89.59,91.96,88.63,88.82,21706271.0,1923920285.0,0.01268995048581884,False,002594,比亚迪
2020-09-11,89.6,93.01,88.95,93.01,20576370.0,1843068555.0,0.046095164390419524,False,002594,比亚迪
2020-09-14,93.12,96.38,93.12,94.34,22383909.0,2078549016.0,0.014198263601739985,False,002594,比亚迪
2020-09-15,95.88,103.77,95.36,103.31,57922128.0,5761285366.0,0.09082889900523847,False,002594,比亚迪
2020-09-16,102.27,110.02,100.97,107.5,49378934.0,5154280713.0,0.039756670706363344,False,002594,比亚迪
2020-09-17,107.61,118.25,107.24,118.25,60235110.0,6707262639.0,0.09531017980432493,False,002594,比亚迪
2020-09-18,116.26,117.8,113.72,117.8,47375377.0,5363840116.0,-0.003812756154556016,False,002594,比亚迪
2020-09-21,118.31,121.69,106.41,107.87,58877087.0,6535043671.0,-0.0880614728301486,False,002594,比亚迪
2020-09-22,108.62,112.85,106.08,108.89,46288194.0,4971987391.0,0.009411399970631753,False,002594,比亚迪
2020-09-23,111.17,113.22,108.41,112.6,38140914.0,4146613366.0,0.03350351734762042,False,002594,比亚迪
2020-09-24,110.03,112.22,108.12,108.52,26612570.0,2864183120.0,-0.036907227914858995,False,002594,比亚迪
2020-09-25,110.35,111.97,105.86,107.18,32436317.0,3457966850.0,-0.01242482372402673,False,002594,比亚迪
2020-09-28,108.3,110.25,107.75,108.52,21188287.0,2260356211.0,0.012424823724026694,False,002594,比亚迪
2020-09-29,110.75,111.69,106.32,110.04,27004576.0,2884125029.0,0.013909448265642997,False,002594,比亚迪
2020-09-30,110.74,120.58,109.23,118.55,44420102.0,5073415251.0,0.0744908764550407,False,002594,比亚迪
2020-10-09,125.55,128.65,121.57,122.74,55967807.0,6870685597.0,0.03473348444953645,False,002594,比亚迪
2020-10-12,126.26,131.6,122.85,131.06,52808892.0,6521180717.0,0.06558693665039993,False,002594,比亚迪
2020-10-13,130.55,134.5,127.49,131.86,46052746.0,5958597983.0,0.006085520073802763,False,002594,比亚迪
2020-10-14,131.72,134.95,130.65,133.1,31047158.0,4041272251.0,0.009359971715912204,False,002594,比亚迪
2020-10-15,137.28,140.47,133.94,134.17,40289307.0,5425288385.0,0.00800692720131422,False,002594,比亚迪
2020-10-16,135.2,136.51,127.49,130.34,41353551.0,5301212698.0,-0.02896123169814592,False,002594,比亚迪
2020-10-19,130.55,132.39,128.81,130.63,22200611.0,2832538854.0,0.002222478594237594,False,002594,比亚迪
2020-10-20,128.69,143.12,128.69,142.78,54167901.0,7240427470.0,0.08893608457584251,False,002594,比亚迪
2020-10-21,140.73,142.48,136.84,140.23,38056707.0,5212917458.0,-0.018021052335755145,False,002594,比亚迪
2020-10-22,139.96,147.88,134.7,146.65,43438939.0,6061013977.0,0.04476486368490079,False,002594,比亚迪
2020-10-23,144.84,148.68,139.21,141.43,40099412.0,5645291380.0,-0.036243900391051576,False,002594,比亚迪
2020-10-26,139.21,145.69,135.75,142.74,30979604.0,4319369739.0,0.009219898510512943,False,002594,比亚迪
2020-10-27,140.15,144.31,138.53,143.07,29654540.0,4122784517.0,0.002309227435321167,False,002594,比亚迪
2020-10-28,142.28,156.53,141.78,154.61,51797365.0,7669731454.0,0.07757179613626071,False,002594,比亚迪
2020-10-29,150.85,170.08,150.85,161.53,63470495.0,10022998772.0,0.04378506681116338,False,002594,比亚迪
2020-10-30,163.18,173.69,157.27,162.99,67329183.0,10882457196.0,0.008997965305874699,False,002594,比亚迪
2020-11-02,164.11,172.11,163.69,171.32,52491093.0,8660252634.0,0.049844303515628664,False,002594,比亚迪
2020-11-03,175.42,175.88,162.75,167.34,66161664.0,10960743414.0,-0.023505481879717592,False,002594,比亚迪
2020-11-04,170.32,173.72,166.24,171.37,46094823.0,7689440147.0,0.023797290805305307,False,002594,比亚迪
2020-11-05,178.48,188.51,174.4,188.51,67409211.0,11951954711.0,0.09532609420606289,False,002594,比亚迪
2020-11-06,193.27,202.8,183.47,194.23,80766685.0,15261972051.0,0.02989196796522068,False,002594,比亚迪
2020-11-09,195.41,197.52,187.78,194.75,52501612.0,9934097170.0,0.0026736609068161643,False,002594,比亚迪
2020-11-10,190.58,190.6,180.4,186.21,63534950.0,11543486453.0,-0.04484161565718653,False,002594,比亚迪
2020-11-11,180.42,185.51,167.59,167.62,80567515.0,13840949837.0,-0.10517555642291099,False,002594,比亚迪
2020-11-12,171.34,176.75,169.08,172.7,58663961.0,9953360352.0,0.029856472481872703,False,002594,比亚迪
2020-11-13,183.58,185.64,176.74,179.4,60919392.0,10790305828.0,0.03806196447206301,False,002594,比亚迪
2020-11-16,174.43,174.91,166.75,173.4,54256539.0,9094656059.0,-0.03401688527825424,False,002594,比亚迪
2020-11-17,176.95,178.66,167.73,170.32,56840934.0,9641027028.0,-0.017922043761217536,False,002594,比亚迪
2020-11-18,169.18,172.54,165.48,170.32,41703316.0,6941378988.0,0.0,False,002594,比亚迪
2020-11-19,171.34,172.05,162.69,164.83,47005440.0,7652210664.0,-0.03276438084195935,False,002594,比亚迪
2020-11-20,167.92,180.76,166.47,179.56,70752694.0,12067220426.0,0.08559477417046676,False,002594,比亚迪
2020-11-23,180.42,188.7,175.49,187.86,60402664.0,10841291968.0,0.045187590652638075,False,002594,比亚迪
2020-11-24,195.58,198.87,184.3,187.85,64675209.0,12193378658.0,-5.323254639153635e-05,False,002594,比亚迪
2020-11-25,186.64,195.51,184.19,187.18,47385764.0,8798105734.0,-0.0035730512908674133,False,002594,比亚迪
2020-11-26,187.26,188.48,174.64,179.32,49653819.0,8751195067.0,-0.04289880144187177,False,002594,比亚迪
2020-11-27,178.8,181.44,172.7,177.56,39747615.0,6868605930.0,-0.009863339321404242,False,002594,比亚迪
2020-11-30,174.91,180.25,169.31,175.57,37921283.0,6493585106.0,-0.011270756184717387,False,002594,比亚迪
2020-12-01,172.05,180.52,170.32,180.33,40156431.0,6983133537.0,0.02675068193806337,False,002594,比亚迪
2020-12-02,174.5,175.93,171.34,173.13,49240138.0,8354836226.0,-0.04074574832819577,False,002594,比亚迪
2020-12-03,173.13,177.11,170.28,174.49,36558081.0,6251135998.0,0.00782467601915398,False,002594,比亚迪
2020-12-04,175.01,182.36,173.79,175.28,39448988.0,6888910897.0,0.004517261877072387,False,002594,比亚迪
2020-12-07,174.71,180.17,172.47,178.78,32218589.0,5617848450.0,0.019771304372495357,False,002594,比亚迪
2020-12-08,181.64,185.62,180.21,181.51,44574324.0,7995315241.0,0.01515474894617969,False,002594,比亚迪
2020-12-09,182.56,184.63,176.44,176.69,31571447.0,5563503434.0,-0.026913963977327506,False,002594,比亚迪
2020-12-10,171.34,175.07,169.32,172.89,37043628.0,6243808670.0,-0.021741230511874172,False,002594,比亚迪
2020-12-11,172.72,172.72,166.04,170.32,35487818.0,5902635220.0,-0.014976533531460608,False,002594,比亚迪
2020-12-14,170.12,174.28,166.24,173.58,30213225.0,5064250844.0,0.018959567630874703,False,002594,比亚迪
2020-12-15,173.64,178.53,171.85,178.17,36221802.0,6234488462.0,0.02609956247977971,False,002594,比亚迪
2020-12-16,179.5,180.21,174.3,175.29,23815385.0,4110951043.0,-0.016296405461423105,False,002594,比亚迪
2020-12-17,174.58,176.37,172.37,175.21,18977260.0,3245175545.0,-0.0004564907354590887,False,002594,比亚迪
2020-12-18,175.93,183.67,174.62,179.5,48848510.0,8625943227.0,0.02418995342933726,False,002594,比亚迪
2020-12-21,180.01,197.45,178.99,197.45,66779763.0,12342923958.0,0.09531017980432474,False,002594,比亚迪
2020-12-22,196.82,196.82,187.31,187.66,58681041.0,11044848426.0,-0.05085357287075483,False,002594,比亚迪
2020-12-23,187.55,194.59,186.6,190.5,42707945.0,7982526893.0,0.015020379704852092,False,002594,比亚迪
2020-12-24,188.68,188.68,183.58,186.64,26045354.0,4739171492.0,-0.020470566853581153,False,002594,比亚迪
2020-12-25,186.97,189.85,184.7,188.9,21133069.0,3892733283.0,0.01203614679428951,False,002594,比亚迪
2020-12-28,187.97,194.16,186.23,191.67,30338431.0,5674752366.0,0.014557368774897663,False,002594,比亚迪
2020-12-29,189.7,189.7,182.01,182.15,36117782.0,6530622527.0,-0.05094461982778868,False,002594,比亚迪
2020-12-30,184.25,195.77,184.25,189.7,51043108.0,9559070847.0,0.04061335348639562,False,002594,比亚迪
2020-12-31,192.62,199.72,187.92,198.16,50511942.0,9665582056.0,0.04363090824013557,False,002594,比亚迪
2021-01-04,192.76,215.36,190.81,210.87,58950161.0,11803190657.0,0.062167044674819594,False,002594,比亚迪
2021-01-05,210.1,225.63,206.03,224.27,54530597.0,11642247813.0,0.061608853282273966,False,002594,比亚迪
2021-01-06,224.09,226.6,216.22,220.6,43465214.0,9376648612.0,-0.01649957631879563,False,002594,比亚迪
2021-01-07,220.91,232.86,218.46,229.52,42860254.0,9516502256.0,0.03963906485370737,False,002594,比亚迪
2021-01-08,237.63,238.98,225.09,232.03,42675836.0,9705879746.0,0.010876501978166192,False,002594,比亚迪
2021-01-11,239.26,249.87,235.57,239.53,53425466.0,12681067408.0,0.03181199631552944,False,002594,比亚迪
2021-01-12,236.41,244.52,224.38,241.7,43312458.0,9980651743.0,0.00901861774263229,False,002594,比亚迪
2021-01-13,242.73,254.85,234.26,244.06,48034787.0,11590837002.0,0.00971680899425618,False,002594,比亚迪
2021-01-14,236.61,240.13,226.76,228.4,44595502.0,10176085741.0,-0.06631561892183833,False,002594,比亚迪
2021-01-15,226.41,233.47,220.81,229.68,37705046.0,8420560825.0,0.005588558030953297,False,002594,比亚迪
2021-01-18,224.38,228.45,220.56,226.1,26378933.0,5826658748.0,-0.015709656528884362,False,002594,比亚迪
2021-01-19,226.48,229.68,217.81,220.5,27625013.0,6035553036.0,-0.02507968439702343,False,002594,比亚迪
2021-01-20,224.27,230.8,222.35,226.41,38140108.0,8483028913.0,0.02644982007798607,False,002594,比亚迪
2021-01-21,224.38,244.36,221.12,240.2,58570987.0,13384594648.0,0.05912439468099631,False,002594,比亚迪
2021-01-22,240.41,248.51,236.11,247.75,42388678.0,10112061191.0,0.03094826356421425,False,002594,比亚迪
2021-01-25,251.4,268.18,249.87,265.17,55938894.0,14213433429.0,0.06795095653086887,False,002594,比亚迪
2021-01-26,262.11,267.81,255.98,259.28,39455544.0,10115831948.0,-0.022462570907674548,False,002594,比亚迪
2021-01-27,255.18,264.6,239.16,262.11,52135100.0,12813494921.0,0.010855704144821125,False,002594,比亚迪
2021-01-28,250.86,257.52,247.81,249.22,32646175.0,8081858717.0,-0.05042822246339147,False,002594,比亚迪
2021-01-29,253.95,255.41,242.22,251.91,33598269.0,8182542031.0,0.01073584034886004,False,002594,比亚迪
2021-02-01,249.87,255.1,243.75,251.8,26379450.0,6500021796.0,-0.0004367592533346957,False,002594,比亚迪
2021-02-02,257.01,273.33,255.48,272.82,47109997.0,12220620148.0,0.08017711545472743,False,002594,比亚迪
2021-02-03,273.43,278.81,265.48,268.23,38402952.0,10231620474.0,-0.016967415649637715,False,002594,比亚迪
2021-02-04,263.13,270.16,260.42,265.07,31035090.0,8061146636.0,-0.011850879367435958,False,002594,比亚迪
2021-02-05,267.21,273.62,252.42,253.95,48055051.0,12356334244.0,-0.04285654480064656,False,002594,比亚迪
2021-02-08,253.94,258.01,244.78,255.18,37246177.0,9210843639.0,0.00483178124634328,False,002594,比亚迪
2021-02-09,258.13,264.17,252.42,262.11,37495428.0,9540424163.0,0.026795084484515723,False,002594,比亚迪
2021-02-10,266.19,276.04,258.03,272.26,41893871.0,10995341388.0,0.037993229106214,False,002594,比亚迪
2021-02-18,274.21,274.21,260.41,264.14,47264558.0,12353076536.0,-0.03027822646866871,False,002594,比亚迪
2021-02-19,259.97,262.78,250.62,262.47,38258702.0,9607262916.0,-0.006342475829375284,False,002594,比亚迪
2021-02-22,261.7,261.76,244.21,244.28,42713093.0,10558143268.0,-0.07182168143134895,False,002594,比亚迪
2021-02-23,234.16,239.69,227.33,229.47,47651022.0,10877530627.0,-0.06254280635304968,False,002594,比亚迪
2021-02-24,229.47,233.14,207.65,213.15,67648518.0,14532205193.0,-0.07377615879066499,False,002594,比亚迪
2021-02-25,220.06,220.14,209.89,213.41,36953222.0,7788184187.0,0.0012190549146600322,False,002594,比亚迪
2021-02-26,200.41,208.06,197.86,201.19,50361602.0,9978745768.0,-0.05896546292473459,False,002594,比亚迪
2021-03-01,205.0,215.19,201.43,215.09,44429351.0,9087918557.0,0.06680680998719683,False,002594,比亚迪
2021-03-02,218.92,220.09,209.3,215.6,38792835.0,8178911875.0,0.0023682938465003933,False,002594,比亚迪
2021-03-03,209.08,214.48,205.99,213.92,26306180.0,5431739317.0,-0.007822725681209045,False,002594,比亚迪
2021-03-04,209.08,209.18,201.22,202.45,34684991.0,6955695360.0,-0.05510917087546293,False,002594,比亚迪
2021-03-05,191.1,203.48,189.88,200.28,32531909.0,6313240678.0,-0.010776555016426093,False,002594,比亚迪
2021-03-08,200.28,201.25,180.24,180.24,59132823.0,10922889310.0,-0.10542709133775502,False,002594,比亚迪
2021-03-09,175.84,182.15,165.25,174.07,59920495.0,10247665525.0,-0.0348317789593712,False,002594,比亚迪
2021-03-10,183.58,185.5,179.28,180.71,43150717.0,7706833382.0,0.03743601924545483,False,002594,比亚迪
2021-03-11,180.47,188.68,177.56,186.61,36782790.0,6671343291.0,0.0321273411353077,False,002594,比亚迪
2021-03-12,189.87,191.73,182.46,185.29,30184822.0,5517620553.0,-0.007098712251057202,False,002594,比亚迪
2021-03-15,182.1,184.6,175.42,177.73,29560239.0,5187723278.0,-0.04165662052242281,False,002594,比亚迪
2021-03-16,181.11,182.66,176.82,179.98,19705640.0,3474844999.0,0.012580188833902183,False,002594,比亚迪
2021-03-17,177.48,183.55,174.89,180.4,21370528.0,3770679571.0,0.0023308740227209667,False,002594,比亚迪
2021-03-18,182.35,184.22,180.81,182.1,20106437.0,3593541020.0,0.009379379105038855,False,002594,比亚迪
2021-03-19,176.44,178.86,173.03,174.55,25822722.0,4438615911.0,-0.042344753182517104,False,002594,比亚迪
2021-03-22,175.76,178.97,173.39,177.26,18568291.0,3221954916.0,0.015406347759206723,False,002594,比亚迪
2021-03-23,179.3,179.68,169.61,172.33,22664897.0,3844462854.0,-0.028206338016766083,False,002594,比亚迪
2021-03-24,171.33,172.61,165.22,165.98,24826930.0,4082242405.0,-0.03754394412318389,False,002594,比亚迪
2021-03-25,160.12,166.7,158.69,164.41,25619064.0,4082120998.0,-0.009503991147516263,False,002594,比亚迪
2021-03-26,166.25,175.42,166.14,174.39,32853032.0,5528686167.0,0.05893086235858312,False,002594,比亚迪
2021-03-29,173.39,173.87,168.08,171.44,23472864.0,3941708905.0,-0.017060819216047206,False,002594,比亚迪
2021-03-30,164.2,172.36,162.26,172.36,33893090.0,5574391479.0,0.005351961582315674,False,002594,比亚迪
2021-03-31,172.57,176.07,165.79,167.78,27015303.0,4488285762.0,-0.026931715329488824,False,002594,比亚迪
2021-04-01,171.34,175.32,170.33,172.43,29995780.0,5089544668.0,0.027337759593891765,False,002594,比亚迪
2021-04-02,174.39,181.74,171.93,179.37,34953200.0,6083577385.0,0.03945935454888248,False,002594,比亚迪
2021-04-06,180.32,182.8,176.24,179.59,25590985.0,4492985633.0,0.0012257634697222315,False,002594,比亚迪
2021-04-07,180.67,181.62,172.87,174.39,28170350.0,4848030064.0,-0.029382304649276225,False,002594,比亚迪
2021-04-08,172.36,174.91,170.44,173.87,16004306.0,2723993028.0,-0.002986276841670409,False,002594,比亚迪
2021-04-09,175.32,175.52,169.3,170.04,20499577.0,3436476688.0,-0.0222741900491091,False,002594,比亚迪
2021-04-12,170.05,172.76,165.83,166.71,20126800.0,3320602667.0,-0.019777927530649705,False,002594,比亚迪
2021-04-13,166.73,170.96,166.73,167.27,15857894.0,2617908978.0,0.0033534973639777485,False,002594,比亚迪
2021-04-14,170.32,174.4,170.32,174.35,29847317.0,5057752083.0,0.041455499797742684,False,002594,比亚迪
2021-04-15,171.85,172.0,166.75,168.79,24991213.0,4136742970.0,-0.032409434420823724,False,002594,比亚迪
2021-04-16,168.69,169.71,163.52,168.59,23459944.0,3837152368.0,-0.0011856068731265837,False,002594,比亚迪
2021-04-19,168.28,180.52,167.44,179.55,50735050.0,8764759455.0,0.062983988844382,False,002594,比亚迪
2021-04-20,178.48,178.48,173.16,174.65,37567703.0,6460740490.0,-0.027669749419250867,False,002594,比亚迪
2021-04-21,172.36,173.98,170.49,171.94,23048888.0,3880491430.0,-0.015638392506542993,False,002594,比亚迪
2021-04-22,173.38,175.2,170.55,172.07,19750844.0,3336754765.0,0.0007557920187683281,False,002594,比亚迪
2021-04-23,170.5,174.79,169.58,172.62,22882799.0,3878511213.0,0.003191276026445351,False,002594,比亚迪
2021-04-26,173.38,176.44,170.58,170.83,31951410.0,5432612154.0,-0.010423736832545268,False,002594,比亚迪
2021-04-27,169.3,170.73,166.65,168.22,25563921.0,4211994738.0,-0.015396263424675087,False,002594,比亚迪
2021-04-28,168.14,171.89,166.2,168.79,21841198.0,3621682456.0,0.003382692166545196,False,002594,比亚迪
2021-04-29,166.24,168.21,165.43,166.19,27585404.0,4496785166.0,-0.015523626561404467,False,002594,比亚迪
2021-04-30,164.7,165.43,159.83,161.72,35989914.0,5715463805.0,-0.027265267366861794,False,002594,比亚迪
2021-05-06,160.12,160.12,152.98,152.98,42315808.0,6423783465.0,-0.055559250878850185,False,002594,比亚迪
2021-05-07,151.07,152.94,146.24,146.81,37798038.0,5528741180.0,-0.04116796014235095,False,002594,比亚迪
2021-05-10,146.81,151.3,144.25,149.92,26073875.0,3802268898.0,0.02096258473874298,False,002594,比亚迪
2021-05-11,146.56,151.72,143.77,149.47,26963996.0,3893703683.0,-0.0030061146923888596,False,002594,比亚迪
2021-05-12,151.21,158.08,151.21,156.79,38465914.0,5872804588.0,0.04781162657463592,False,002594,比亚迪
2021-05-13,153.75,154.0,151.51,151.95,21269609.0,3180710319.0,-0.031355811009556964,False,002594,比亚迪
2021-05-14,150.84,157.16,149.22,156.58,30027866.0,4532481587.0,0.030015542116966113,False,002594,比亚迪
2021-05-17,158.52,164.08,157.52,162.96,36300256.0,5761021602.0,0.03993771043878232,False,002594,比亚迪
2021-05-18,163.18,165.02,160.0,161.86,19495212.0,3094498220.0,-0.0067730078509945285,False,002594,比亚迪
2021-05-19,163.08,177.46,163.06,176.22,59649087.0,10150054900.0,0.08500145037102773,False,002594,比亚迪
2021-05-20,173.38,181.09,172.46,176.38,49988848.0,8686052330.0,0.0009075440214509033,False,002594,比亚迪
2021-05-21,177.47,181.53,173.48,176.64,33496551.0,5822862674.0,0.0014730046286957823,False,002594,比亚迪
2021-05-24,175.33,178.99,173.36,176.92,27172287.0,4685927114.0,0.0015838899113954305,False,002594,比亚迪
2021-05-25,178.48,181.54,176.13,180.03,33152287.0,5830353652.0,0.017425850669405153,False,002594,比亚迪
2021-05-26,181.54,188.25,179.5,179.67,34557799.0,6206769477.0,-0.002001668725050559,False,002594,比亚迪
2021-05-27,182.56,183.25,177.97,180.98,23402610.0,4146048381.0,0.007264692978506366,False,002594,比亚迪
2021-05-28,180.98,188.68,179.57,185.29,37119487.0,6754993796.0,0.023535637371336043,False,002594,比亚迪
2021-05-31,178.75,182.67,173.56,182.25,43755316.0,7660152240.0,-0.016542794405555616,False,002594,比亚迪
2021-06-01,182.28,194.7,182.28,193.23,51360412.0,9530431697.0,0.058501818338141415,False,002594,比亚迪
2021-06-02,193.78,195.67,188.88,190.21,29434964.0,5527643767.0,-0.015752464262159312,False,002594,比亚迪
2021-06-03,190.31,191.23,183.76,187.56,25080057.0,4608194800.0,-0.014029930743364151,False,002594,比亚迪
2021-06-04,185.22,195.82,184.11,193.17,31984839.0,6004827147.0,0.029471835996816163,False,002594,比亚迪
2021-06-07,194.8,196.71,190.72,194.14,25451802.0,4842637640.0,0.005008918065878503,False,002594,比亚迪
2021-06-08,197.86,209.69,197.09,206.84,55923856.0,11191285974.0,0.06336599924394067,False,002594,比亚迪
2021-06-09,206.93,207.55,200.94,206.02,31655582.0,6342951329.0,-0.003972296072473387,False,002594,比亚迪
2021-06-10,206.07,220.35,205.0,218.37,44100032.0,9339300343.0,0.05821762034272889,False,002594,比亚迪
2021-06-11,218.56,234.52,216.3,231.53,54008511.0,11985830243.0,0.05851858296483075,False,002594,比亚迪
2021-06-15,236.14,242.53,229.34,236.94,51810075.0,12090497120.0,0.02309748976350608,False,002594,比亚迪
2021-06-16,230.49,236.27,214.85,215.2,61817590.0,13579272748.0,-0.09623911623898375,False,002594,比亚迪
2021-06-17,215.16,236.72,215.02,236.72,51997758.0,11627218258.0,0.09531017980432493,False,002594,比亚迪
2021-06-18,240.69,257.34,239.32,249.87,57189601.0,13931101474.0,0.05406277452340471,False,002594,比亚迪
2021-06-21,248.73,254.52,236.75,247.4,43052635.0,10400538803.0,-0.00993432265697132,False,002594,比亚迪
2021-06-22,247.83,251.91,240.69,242.61,31642808.0,7571777591.0,-0.019551244182547,False,002594,比亚迪
2021-06-23,237.63,254.77,237.12,248.14,39450060.0,9605891907.0,0.02253788723888491,False,002594,比亚迪
2021-06-24,248.85,256.88,244.96,249.76,31228504.0,7696250340.0,0.00650735375239659,False,002594,比亚迪
2021-06-25,251.91,253.6,242.73,249.86,29650236.0,7205570874.0,0.00040030423656136786,False,002594,比亚迪
2021-06-28,249.86,260.07,248.36,258.67,34727198.0,8732379670.0,0.03465235702633251,False,002594,比亚迪
2021-06-29,262.52,264.76,254.97,258.34,30625754.0,7778037779.0,-0.0012765712261464603,False,002594,比亚迪
2021-06-30,254.97,261.6,250.89,255.99,28540731.0,7146112746.0,-0.009138165587266168,False,002594,比亚迪
2021-07-01,255.99,257.52,240.29,241.31,42260287.0,10182009938.0,-0.059055967256173354,False,002594,比亚迪
2021-07-02,237.63,248.34,233.44,243.79,37426013.0,8897622556.0,0.010224785018276443,False,002594,比亚迪
2021-07-05,240.73,254.97,240.25,254.51,32490116.0,7984671152.0,0.04303292897077676,False,002594,比亚迪
2021-07-06,260.07,266.21,245.79,255.48,51791670.0,13098186044.0,0.0038040007439053935,False,002594,比亚迪
2021-07-07,248.85,263.74,245.67,260.16,38638656.0,9711793850.0,0.01815269766605756,False,002594,比亚迪
2021-07-08,258.03,266.74,256.11,256.97,39390995.0,10127585813.0,-0.012337479795389478,False,002594,比亚迪
2021-07-09,255.87,260.06,246.69,253.77,36494699.0,9057948775.0,-0.012531001580023408,False,002594,比亚迪
2021-07-12,258.34,278.34,256.5,271.78,56005708.0,14759940060.0,0.06856457050831843,False,002594,比亚迪
2021-07-13,271.79,275.09,265.39,270.37,27731391.0,7330680656.0,-0.005201524224149782,False,002594,比亚迪
2021-07-14,266.19,266.19,249.87,250.17,61271686.0,15300069250.0,-0.07765070450119782,False,002594,比亚迪
2021-07-15,243.75,248.39,234.57,241.1,55189867.0,13026880867.0,-0.03692890157987829,False,002594,比亚迪
2021-07-16,240.44,240.44,225.43,227.35,56274148.0,12801309444.0,-0.05872110491610576,False,002594,比亚迪
2021-07-19,224.38,236.6,218.56,228.42,37218723.0,8367318504.0,0.004695359351441337,False,002594,比亚迪
2021-07-20,224.38,234.02,223.47,232.02,24674966.0,5582671898.0,0.01563753522479975,False,002594,比亚迪
2021-07-21,235.8,249.86,234.58,246.03,47151119.0,11232169397.0,0.05862990486916872,False,002594,比亚迪
2021-07-22,251.2,254.4,244.95,253.91,37477327.0,9242619143.0,0.03152639380348727,False,002594,比亚迪
2021-07-23,252.36,267.21,249.95,263.82,46056227.0,11846110497.0,0.03828717890085692,False,002594,比亚迪
2021-07-26,255.56,264.91,245.8,253.49,40442824.0,10130659972.0,-0.03994267789937352,False,002594,比亚迪
2021-07-27,250.89,263.01,241.92,243.46,37770720.0,9406136905.0,-0.04037171653994996,False,002594,比亚迪
2021-07-28,234.56,245.89,228.44,241.2,33219863.0,7758094419.0,-0.00932619312842,False,002594,比亚迪
2021-07-29,251.85,262.42,247.65,262.31,42885105.0,10764228894.0,0.08390054557825515,False,002594,比亚迪
2021-07-30,262.3,273.64,257.14,269.97,45799399.0,11995907836.0,0.028783831282681464,False,002594,比亚迪
2021-08-02,281.49,296.97,278.73,296.97,62225903.0,17648921236.0,0.09532028188585892,False,002594,比亚迪
2021-08-03,304.95,304.95,280.48,285.65,48934853.0,13975748745.0,-0.03886383842935433,False,002594,比亚迪
2021-08-04,288.64,314.22,287.61,314.22,53430639.0,16003136932.0,0.09532609234897998,False,002594,比亚迪
2021-08-05,306.99,312.34,300.73,305.42,36882291.0,11063466320.0,-0.028405498994415884,False,002594,比亚迪
2021-08-06,319.38,323.77,304.59,309.67,45362627.0,13945125845.0,0.013819335825407189,False,002594,比亚迪
2021-08-09,301.02,303.46,288.77,299.54,34162079.0,9914944523.0,-0.033259249786193074,False,002594,比亚迪
2021-08-10,299.55,308.47,287.75,297.95,33103516.0,9604456928.0,-0.0053222773712617326,False,002594,比亚迪
2021-08-11,294.89,304.92,292.0,301.01,26399395.0,7742097441.0,0.010217799595391796,False,002594,比亚迪
2021-08-12,298.97,319.77,295.27,315.28,38277898.0,11687505017.0,0.04631764609836844,False,002594,比亚迪
2021-08-13,309.18,318.87,304.07,306.14,24690646.0,7475335873.0,-0.029418619223187104,False,002594,比亚迪
2021-08-16,303.06,303.06,290.81,291.22,30506701.0,8815872753.0,-0.049963518380802555,False,002594,比亚迪
2021-08-17,289.23,296.42,283.67,286.03,27205840.0,7713091722.0,-0.017982294859117762,False,002594,比亚迪
2021-08-18,291.23,293.96,283.86,289.44,22172302.0,6281190851.0,0.01185132122334421,False,002594,比亚迪
2021-08-19,289.44,304.77,284.25,299.71,36167179.0,10474777901.0,0.034867318819009854,False,002594,比亚迪
2021-08-20,294.89,299.59,287.75,290.9,24717320.0,7084185440.0,-0.029835774964838944,False,002594,比亚迪
2021-08-23,287.24,300.44,281.17,295.71,29582687.0,8526532885.0,0.016399678844301283,False,002594,比亚迪
2021-08-24,298.76,308.16,295.96,304.33,27439906.0,8152952115.0,0.02873339461889878,False,002594,比亚迪
2021-08-25,303.87,305.91,296.93,302.24,17914538.0,5272706498.0,-0.006891235211156684,False,002594,比亚迪
2021-08-26,303.06,304.86,288.26,288.26,26368159.0,7570972707.0,-0.047358553098242745,False,002594,比亚迪
2021-08-27,286.72,302.07,285.71,294.03,26288930.0,7628216261.0,0.01981895229424141,False,002594,比亚迪
2021-08-30,283.1,293.87,279.55,287.72,41909234.0,11735714831.0,-0.021694017950042537,False,002594,比亚迪
2021-08-31,292.73,292.73,271.99,282.65,32966834.0,9041075461.0,-0.017778401877855825,False,002594,比亚迪
2021-09-01,282.65,283.64,262.85,271.73,28767422.0,7678475359.0,-0.039400456884494776,False,002594,比亚迪
2021-09-02,272.45,277.54,268.06,272.44,16524443.0,4421950963.0,0.0026094801363127423,False,002594,比亚迪
2021-09-03,272.45,276.53,255.51,259.29,28796413.0,7420408930.0,-0.04947127994046102,False,002594,比亚迪
2021-09-06,265.29,284.69,264.28,283.26,39778881.0,10725519555.0,0.08841807735359385,False,002594,比亚迪
2021-09-07,283.26,286.84,278.84,281.58,20763353.0,5743962165.0,-0.0059486047518691465,False,002594,比亚迪
2021-09-08,283.57,284.97,274.09,275.09,18257806.0,4971116497.0,-0.023318282182574725,False,002594,比亚迪
2021-09-09,277.55,285.28,271.22,277.25,21625641.0,5891876584.0,0.00782130937866987,False,002594,比亚迪
2021-09-10,277.25,278.09,268.0,271.03,23875736.0,6341377791.0,-0.022690110370679972,False,002594,比亚迪
2021-09-13,273.8,277.53,264.46,266.69,21349179.0,5623333361.0,-0.016142580687880555,False,002594,比亚迪
2021-09-14,266.72,281.63,262.3,274.72,35469000.0,9581432835.0,0.029665461977249685,False,002594,比亚迪
2021-09-15,273.35,275.51,265.3,266.48,21880911.0,5742276750.0,-0.030453203263741235,False,002594,比亚迪
2021-09-16,266.48,270.17,255.64,256.12,22080971.0,5613770464.0,-0.0396531092348228,False,002594,比亚迪
2021-09-17,258.16,262.24,255.6,260.32,13942107.0,3544731220.0,0.01626555882012622,False,002594,比亚迪
2021-09-22,253.06,256.57,249.01,252.24,16341286.0,4037944329.0,-0.03153062823392223,False,002594,比亚迪
2021-09-23,259.01,262.77,253.95,255.02,14978418.0,3773864372.0,0.010960958218590548,False,002594,比亚迪
2021-09-24,256.08,262.75,252.04,256.9,15826700.0,4002973167.0,0.007344930660441962,False,002594,比亚迪
2021-09-27,259.18,262.74,251.83,257.65,17999094.0,4548951212.0,0.0029151706583953256,False,002594,比亚迪
2021-09-28,257.04,259.0,251.31,251.89,16244438.0,4060118404.0,-0.02260959049664019,False,002594,比亚迪
2021-09-29,247.95,249.87,239.79,240.81,24555481.0,5859195957.0,-0.0449842434659978,False,002594,比亚迪
2021-09-30,243.06,254.79,242.04,254.6,22503801.0,5528259622.0,0.05568544531171089,False,002594,比亚迪
2021-10-08,263.24,265.28,255.1,258.16,19410395.0,4939109186.0,0.013885861620400295,False,002594,比亚迪
2021-10-11,258.26,268.46,253.06,260.96,21197273.0,5448306886.0,0.010787591128997166,False,002594,比亚迪
2021-10-12,260.2,268.26,258.17,262.25,21165134.0,5464868602.0,0.00493110840370291,False,002594,比亚迪
2021-10-13,262.25,279.18,259.52,276.73,32197810.0,8631470873.0,0.05374405431158562,False,002594,比亚迪
2021-10-14,276.53,281.62,273.61,278.51,17779932.0,4844827928.0,0.006411663777447359,False,002594,比亚迪
2021-10-15,280.61,293.36,276.53,289.11,28784505.0,8089636933.0,0.037353273165866285,False,002594,比亚迪
2021-10-18,290.05,294.52,285.75,291.75,21621378.0,6155818958.0,0.009090032635359579,False,002594,比亚迪
2021-10-19,293.87,300.92,289.79,290.6,19385785.0,5581983586.0,-0.003949520030482712,False,002594,比亚迪
2021-10-20,291.83,301.02,291.06,296.53,21704509.0,6300647167.0,0.020200642621650687,False,002594,比亚迪
2021-10-21,296.93,298.57,289.8,292.86,18062575.0,5184267796.0,-0.012453714630722123,False,002594,比亚迪
2021-10-22,298.16,307.14,294.89,306.12,33654868.0,10022899339.0,0.04428250281460919,False,002594,比亚迪
2021-10-25,309.29,325.15,308.39,323.82,33518976.0,10469605348.0,0.05621062391688602,False,002594,比亚迪
2021-10-26,337.24,340.13,324.24,325.51,31324434.0,10148404491.0,0.005205377284313386,False,002594,比亚迪
2021-10-27,319.38,333.39,317.63,328.3,21906777.0,7024365486.0,0.008534641364627218,False,002594,比亚迪
2021-10-28,326.13,330.4,311.63,314.26,29826714.0,9334453597.0,-0.04370715574556131,False,002594,比亚迪
2021-10-29,311.35,320.16,299.76,317.66,34715958.0,10585996588.0,0.010760959645023362,False,002594,比亚迪
2021-11-01,307.56,314.7,299.81,308.16,28478587.0,8570609748.0,-0.030362499797248216,False,002594,比亚迪
2021-11-02,316.32,326.32,313.91,320.28,29008740.0,9102548555.0,0.038576484594672285,False,002594,比亚迪
2021-11-03,319.51,320.25,305.97,309.19,19724814.0,6017080223.0,-0.035239638540684654,False,002594,比亚迪
2021-11-04,317.47,335.71,315.33,331.63,34996434.0,11223980651.0,0.07006391495150828,False,002594,比亚迪
2021-11-05,330.61,333.67,319.39,320.4,19418326.0,6178126194.0,-0.03444967442105264,False,002594,比亚迪
2021-11-08,314.37,326.13,313.26,321.42,16984947.0,5344230944.0,0.0031784639267198526,False,002594,比亚迪
2021-11-09,321.47,336.7,321.47,327.23,20330504.0,6580787589.0,0.017914608446232994,False,002594,比亚迪
2021-11-10,320.4,322.04,307.73,316.59,27487850.0,8480095669.0,-0.033055726216048464,False,002594,比亚迪
2021-11-11,319.38,323.45,314.33,318.35,13885150.0,4327235824.0,0.0055438451119259255,False,002594,比亚迪
2021-11-12,322.24,323.2,311.73,313.04,14888382.0,4590558598.0,-0.016820428560877374,False,002594,比亚迪
2021-11-15,313.04,313.04,296.36,300.95,22537224.0,6667949871.0,-0.03938683990837731,False,002594,比亚迪
2021-11-16,299.99,303.76,293.87,299.49,15180848.0,4462067585.0,-0.004863109977336253,False,002594,比亚迪
2021-11-17,306.12,309.42,299.99,302.9,16337775.0,4875749072.0,0.011321690016748093,False,002594,比亚迪
2021-11-18,300.81,304.97,295.91,301.42,12909722.0,3802420936.0,-0.0048980770416612645,False,002594,比亚迪
2021-11-19,301.75,306.12,293.87,302.87,17515864.0,5144668932.0,0.004799029548307285,False,002594,比亚迪
2021-11-22,304.48,317.86,304.28,317.34,28702045.0,8785850015.0,0.04667008376610588,False,002594,比亚迪
2021-11-23,314.16,316.05,310.18,314.77,15036257.0,4609989314.0,-0.008131540906182903,False,002594,比亚迪
2021-11-24,311.66,315.91,307.14,309.38,14193817.0,4319711029.0,-0.017271918591241775,False,002594,比亚迪
2021-11-25,309.38,310.7,297.24,304.08,17097144.0,5070667610.0,-0.017279470127525592,False,002594,比亚迪
2021-11-26,301.02,310.98,300.05,303.73,12249393.0,3671367398.0,-0.0011516758154205087,False,002594,比亚迪
2021-11-29,297.75,313.33,295.84,310.67,20015675.0,6053231132.0,0.022592106708080758,False,002594,比亚迪
2021-11-30,313.26,314.28,309.18,310.91,13178826.0,4023809747.0,0.000772225656960086,False,002594,比亚迪
2021-12-01,311.42,313.77,306.5,311.55,10827864.0,3295906129.0,0.0020563577596173976,False,002594,比亚迪
2021-12-02,311.22,320.46,309.28,315.1,18007211.0,5567674845.0,0.011330209772997849,False,002594,比亚迪
2021-12-03,313.25,316.12,304.95,313.16,21032715.0,6367075409.0,-0.0061758067235155156,False,002594,比亚迪
2021-12-06,307.14,317.86,306.99,307.9,17880086.0,5465317713.0,-0.016939187109258885,False,002594,比亚迪
2021-12-07,312.25,312.6,297.02,300.81,22767860.0,6727286965.0,-0.023296218726510942,False,002594,比亚迪
2021-12-08,302.05,307.14,300.51,306.92,15438176.0,4606774780.0,0.020108291105520832,False,002594,比亚迪
2021-12-09,306.12,306.76,303.09,305.61,11295711.0,3375316207.0,-0.004277348039379855,False,002594,比亚迪
2021-12-10,302.03,308.19,298.77,307.57,14487273.0,4325991092.0,0.006392924346339161,False,002594,比亚迪
2021-12-13,309.17,309.18,304.08,304.48,14294124.0,4278869484.0,-0.010097300068584456,False,002594,比亚迪
2021-12-14,301.53,303.13,297.64,299.38,15711128.0,4609509734.0,-0.016891734060749695,False,002594,比亚迪
2021-12-15,299.39,301.53,297.66,299.33,9815036.0,2877855926.0,-0.0001670257724649983,False,002594,比亚迪
2021-12-16,298.97,299.47,284.69,292.04,27866516.0,7928142188.0,-0.024655864526739586,False,002594,比亚迪
2021-12-17,289.79,291.71,284.29,284.67,15111815.0,4240478259.0,-0.02556016453410818,False,002594,比亚迪
2021-12-20,284.92,287.21,273.75,276.02,21784503.0,5964658201.0,-0.03085728779388301,False,002594,比亚迪
2021-12-21,276.02,282.42,274.9,281.84,14965305.0,4098708738.0,0.020866207173088184,False,002594,比亚迪
2021-12-22,285.72,291.0,282.66,284.91,14444230.0,4061024216.0,0.01083380688998879,False,002594,比亚迪
2021-12-23,287.78,290.71,282.81,285.7,12302134.0,3451820146.0,0.0027689683137564745,False,002594,比亚迪
2021-12-24,287.73,287.75,270.36,275.51,20996881.0,5675961284.0,-0.036318383661848266,False,002594,比亚迪
2021-12-27,274.49,277.08,271.42,272.47,10718995.0,2874395592.0,-0.011095409275240208,False,002594,比亚迪
2021-12-28,273.62,276.53,271.64,276.37,11854284.0,3183320996.0,0.014212031352945914,False,002594,比亚迪
2021-12-29,277.7,277.77,268.36,274.49,14160304.0,3783958092.0,-0.006825717239078752,False,002594,比亚迪
2021-12-30,273.46,278.55,271.42,272.58,11732673.0,3158736177.0,-0.006982681414139107,False,002594,比亚迪
2021-12-31,278.57,279.78,272.44,273.59,11629197.0,3136714688.0,0.003698486373469194,False,002594,比亚迪
2022-01-04,281.63,285.15,270.63,276.53,24466089.0,6673692548.0,0.010688678799792994,False,002594,比亚迪
2022-01-05,269.94,271.91,256.85,258.42,30170891.0,7725244309.0,-0.06773314587855482,False,002594,比亚迪
2022-01-06,255.1,259.72,252.94,255.12,17590784.0,4396413607.0,-0.012852145592272036,False,002594,比亚迪
2022-01-07,256.93,258.12,250.0,251.53,16193355.0,4009535493.0,-0.014171755981579428,False,002594,比亚迪
2022-01-10,250.0,254.56,243.9,251.32,16214182.0,3964485468.0,-0.0008352391854765696,False,002594,比亚迪
2022-01-11,251.3,251.3,242.65,243.97,21244147.0,5100240705.0,-0.029681760620288124,False,002594,比亚迪
2022-01-12,251.02,261.22,249.29,261.22,32360224.0,8103336077.0,0.06831769723491707,False,002594,比亚迪
2022-01-13,263.0,263.83,253.68,260.52,21710390.0,5516666113.0,-0.0026833304711745684,False,002594,比亚迪
2022-01-14,255.91,262.55,255.1,258.3,14954815.0,3798549607.0,-0.008557933576405826,False,002594,比亚迪
2022-01-17,258.18,272.94,258.18,271.92,24114466.0,6349270849.0,0.051386205286065856,False,002594,比亚迪
2022-01-18,271.84,274.44,267.65,271.51,12505443.0,3325099880.0,-0.0015089342796441197,False,002594,比亚迪
2022-01-19,271.37,273.34,255.41,258.13,23188180.0,5960665207.0,-0.050535637120475846,False,002594,比亚迪
2022-01-20,257.24,258.88,252.04,256.19,14998647.0,3759819344.0,-0.007543977293120489,False,002594,比亚迪
2022-01-21,256.2,260.95,251.35,255.51,11239432.0,2822719636.0,-0.002657808873520946,False,002594,比亚迪
2022-01-24,251.1,258.04,249.25,256.53,10837686.0,2706367142.0,0.003984069014874292,False,002594,比亚迪
2022-01-25,253.06,256.12,244.89,245.21,17277223.0,4222848973.0,-0.04513063057126476,False,002594,比亚迪
2022-01-26,250.0,256.51,247.25,254.58,17444584.0,4321964225.0,0.03750014217757968,False,002594,比亚迪
2022-01-27,252.04,254.38,245.91,246.19,13264963.0,3242987820.0,-0.033511532901084114,False,002594,比亚迪
2022-01-28,244.87,246.93,224.24,231.42,32437311.0,7392709579.0,-0.061869354093013064,False,002594,比亚迪
2022-02-07,245.7,254.36,242.86,249.38,25112453.0,6117950238.0,0.07474359612024872,False,002594,比亚迪
2022-02-08,247.95,247.95,235.34,241.8,19903953.0,4669048973.0,-0.030866899387747778,False,002594,比亚迪
2022-02-09,243.92,251.42,239.82,250.18,19992864.0,4854528826.0,0.03406972060590301,False,002594,比亚迪
2022-02-10,251.8,253.06,242.96,245.02,14628460.0,3521519984.0,-0.02084081892057072,False,002594,比亚迪
2022-02-11,240.86,245.02,233.16,234.88,19943926.0,4646313004.0,-0.042265094439873835,False,002594,比亚迪
2022-02-14,234.89,239.79,229.59,236.71,13319949.0,3079221402.0,0.0077610177721487515,False,002594,比亚迪
2022-02-15,236.91,244.85,236.91,243.17,15852428.0,3757722230.0,0.026925024021668284,False,002594,比亚迪
2022-02-16,246.93,249.99,245.29,245.51,12872491.0,3117890741.0,0.00957689238258926,False,002594,比亚迪
2022-02-17,247.18,253.81,243.87,250.41,19106386.0,4670631745.0,0.019761894928197982,False,002594,比亚迪
2022-02-18,245.91,250.39,244.89,247.91,9910466.0,2407158413.0,-0.010033797456890512,False,002594,比亚迪
2022-02-21,245.91,250.81,244.53,246.82,10953804.0,2657589017.0,-0.004406451048827024,False,002594,比亚迪
2022-02-22,243.87,243.87,239.08,242.29,12545211.0,2966441430.0,-0.01852397020569994,False,002594,比亚迪
2022-02-23,246.83,257.67,243.88,257.14,29114890.0,7232161935.0,0.05948532783676516,False,002594,比亚迪
2022-02-24,253.17,256.91,246.51,249.85,23821988.0,5865805707.0,-0.028759945865888783,False,002594,比亚迪
2022-02-25,255.0,257.53,252.88,252.89,14601353.0,3646918800.0,0.012093873783246634,False,002594,比亚迪
2022-02-28,251.93,255.29,251.02,254.69,11829090.0,2936223652.0,0.007092507764465235,False,002594,比亚迪
2022-03-01,260.2,261.84,254.33,256.91,17651958.0,4476714982.0,0.008678709672333201,False,002594,比亚迪
2022-03-02,254.08,254.44,248.93,253.67,12124247.0,2998567642.0,-0.012691619298552257,False,002594,比亚迪
2022-03-03,254.61,255.98,248.98,250.21,9963340.0,2449485385.0,-0.01373364445201678,False,002594,比亚迪
2022-03-04,242.15,246.79,234.69,238.57,29170634.0,6857430688.0,-0.047637796946083014,False,002594,比亚迪
2022-03-07,231.52,232.33,224.51,228.17,23612920.0,5286036163.0,-0.04457180315612827,False,002594,比亚迪
2022-03-08,225.59,230.09,214.28,220.6,29149934.0,6317187686.0,-0.033739858338076786,False,002594,比亚迪
2022-03-09,221.42,228.16,214.28,228.15,25113522.0,5484773703.0,0.033652200554009505,False,002594,比亚迪
2022-03-10,237.66,238.19,233.67,233.77,24834283.0,5744789050.0,0.024334418632534854,False,002594,比亚迪
2022-03-11,226.53,236.52,224.51,234.54,18611604.0,4186645901.0,0.0032884230269719806,False,002594,比亚迪
2022-03-14,229.59,229.59,223.47,223.47,15084061.0,3336922827.0,-0.04834897217662374,False,002594,比亚迪
2022-03-15,215.44,226.53,213.7,217.14,19820362.0,4269341883.0,-0.028734870052588558,False,002594,比亚迪
2022-03-16,225.51,234.69,218.57,234.11,33376627.0,7432043602.0,0.07524878356852076,False,002594,比亚迪
2022-03-17,245.28,245.79,239.44,239.69,31584430.0,7518685380.0,0.023555331382672372,False,002594,比亚迪
2022-03-18,239.69,243.74,236.78,239.28,15054856.0,3530653259.0,-0.001712007433206417,False,002594,比亚迪
2022-03-21,244.89,253.94,243.03,250.38,27917768.0,6829415270.0,0.045345349509823565,False,002594,比亚迪
2022-03-22,250.0,252.44,246.95,249.79,11507907.0,2815900952.0,-0.0023591989669623278,False,002594,比亚迪
2022-03-23,255.1,256.12,251.29,252.21,14850096.0,3696654258.0,0.009641508950761454,False,002594,比亚迪
2022-03-24,248.67,255.1,247.34,252.12,11368127.0,2794432828.0,-0.0003569091704058514,False,002594,比亚迪
2022-03-25,252.14,254.04,238.78,240.11,20802373.0,4984988436.0,-0.04880801297222402,False,002594,比亚迪
2022-03-28,239.69,239.69,233.55,235.1,14310354.0,3306510716.0,-0.021086196126661554,False,002594,比亚迪
2022-03-29,237.67,241.32,233.47,235.71,13858731.0,3224438270.0,0.002591280309816199,False,002594,比亚迪
2022-03-30,231.63,241.85,226.75,241.85,25125996.0,5807876452.0,0.025715463413152177,False,002594,比亚迪
2022-03-31,238.99,239.79,231.52,234.49,16173143.0,3721363312.0,-0.03090475621517699,False,002594,比亚迪
2022-04-01,231.41,244.44,231.22,240.77,18294805.0,4301758390.0,0.02642917790192229,False,002594,比亚迪
2022-04-06,250.0,251.02,244.5,246.83,20529330.0,4976485482.0,0.024857719603894938,False,002594,比亚迪
2022-04-07,244.89,250.3,243.88,244.89,12269953.0,2964659964.0,-0.0078907104282581,False,002594,比亚迪
2022-04-08,244.9,251.53,243.98,248.95,17171897.0,4185742782.0,0.016442942956817513,False,002594,比亚迪
2022-04-11,244.89,246.4,234.18,237.75,19307007.0,4519392607.0,-0.046032371662691994,False,002594,比亚迪
2022-04-12,236.73,243.42,235.91,243.02,12888867.0,3034073575.0,0.021924043054966,False,002594,比亚迪
2022-04-13,239.81,246.88,237.76,241.83,10967251.0,2614119777.0,-0.004908744516846486,False,002594,比亚迪
2022-04-14,246.93,249.99,245.78,246.21,13163750.0,3198011078.0,0.0179498303461107,False,002594,比亚迪
2022-04-15,243.36,244.89,237.5,241.02,12923931.0,3049510858.0,-0.021304912710484108,False,002594,比亚迪
2022-04-18,239.58,245.91,234.69,243.98,11059238.0,2613800697.0,0.012206337121345523,False,002594,比亚迪
2022-04-19,248.12,256.02,248.09,249.85,20778154.0,5140377762.0,0.02377448306962248,False,002594,比亚迪
2022-04-20,252.71,253.39,245.77,246.71,13078093.0,3187144240.0,-0.01264718001359705,False,002594,比亚迪
2022-04-21,242.62,245.68,236.83,238.81,15404876.0,3625535265.0,-0.03254530108804585,False,002594,比亚迪
2022-04-22,234.7,240.47,233.73,240.2,10816219.0,2522975079.0,0.0058036529573119834,False,002594,比亚迪
2022-04-25,234.69,241.26,231.24,232.14,16188917.0,3741670660.0,-0.03413127170540663,False,002594,比亚迪
2022-04-26,233.66,240.66,233.09,236.54,15817620.0,3670084739.0,0.018776688882494157,False,002594,比亚迪
2022-04-27,231.23,240.62,223.27,239.8,25434167.0,5794106500.0,0.01368791577044313,False,002594,比亚迪
2022-04-28,239.38,240.3,234.69,236.71,14637213.0,3405250082.0,-0.012969479395114478,False,002594,比亚迪
2022-04-29,238.57,248.8,235.46,247.95,24816310.0,5912448351.0,0.04639134973684328,False,002594,比亚迪
2022-05-05,251.22,257.54,246.7,253.87,25325879.0,6282897504.0,0.023595212039802856,False,002594,比亚迪
2022-05-06,245.93,251.02,245.0,247.02,14548866.0,3530097270.0,-0.027353019965077316,False,002594,比亚迪
2022-05-09,235.71,241.72,235.71,237.48,17511635.0,4086613976.0,-0.039385895607393695,False,002594,比亚迪
2022-05-10,228.67,238.42,226.81,238.09,20969664.0,4792958517.0,0.0025653440483362545,False,002594,比亚迪
2022-05-11,236.73,261.89,236.22,257.85,45952571.0,11482476078.0,0.0797292670461572,False,002594,比亚迪
2022-05-12,255.09,262.95,253.78,259.27,24115606.0,6107994848.0,0.005491969249442225,False,002594,比亚迪
2022-05-13,265.1,277.04,261.13,275.59,36712061.0,9733352390.0,0.06104426426454906,False,002594,比亚迪
2022-05-16,276.64,278.57,270.71,272.57,20236880.0,5441551550.0,-0.011018792161922147,False,002594,比亚迪
2022-05-17,274.46,290.81,273.97,288.26,29348903.0,8193618911.0,0.05596738880591938,False,002594,比亚迪
2022-05-18,288.26,293.87,284.69,287.16,20530270.0,5812000946.0,-0.0038232989466742665,False,002594,比亚迪
2022-05-19,280.92,291.17,279.89,290.31,17363651.0,4879756543.0,0.010909765852678482,False,002594,比亚迪
2022-05-20,292.86,297.56,286.93,293.57,17868336.0,5125699547.0,0.011166794122172167,False,002594,比亚迪
2022-05-23,298.67,304.08,293.68,301.22,25558816.0,7496178213.0,0.02572478310056955,False,002594,比亚迪
2022-05-24,295.91,298.93,286.73,286.73,29049653.0,8303003901.0,-0.049299888373190645,False,002594,比亚迪
2022-05-25,287.0,294.54,283.7,293.06,23085773.0,6563211987.0,0.021836359799366954,False,002594,比亚迪
2022-05-26,293.23,297.16,288.26,292.48,14309499.0,4106312149.0,-0.0019810779440938126,False,002594,比亚迪
2022-05-27,298.92,303.68,292.5,294.77,15318685.0,4467796259.0,0.0077991029633643644,False,002594,比亚迪
2022-05-30,297.95,305.81,297.02,304.2,21852350.0,6485731977.0,0.03148998859604288,False,002594,比亚迪
2022-05-31,306.12,307.1,299.49,301.94,17701119.0,5242211080.0,-0.007457057685602458,False,002594,比亚迪
2022-06-01,304.08,311.02,299.1,306.1,21691175.0,6501902117.0,0.013683523811776819,False,002594,比亚迪
2022-06-02,302.04,311.22,301.24,307.16,17772777.0,5355773611.0,0.003456938510975907,False,002594,比亚迪
2022-06-06,310.2,327.0,308.72,324.72,29475729.0,9260502507.0,0.05559448806829959,False,002594,比亚迪
2022-06-07,324.48,326.39,317.45,321.31,20022089.0,6296538086.0,-0.010556883332622223,False,002594,比亚迪
2022-06-08,325.1,334.75,319.39,334.09,29051340.0,9321932807.0,0.03900402855840879,False,002594,比亚迪
2022-06-09,340.84,341.63,327.55,328.98,30754172.0,10050640390.0,-0.015413459112416763,False,002594,比亚迪
2022-06-10,328.06,357.14,327.61,355.91,43824900.0,14790622515.0,0.078680931257675,False,002594,比亚迪
2022-06-13,353.06,366.18,347.55,355.91,36068132.0,12573534324.0,0.0,False,002594,比亚迪
2022-06-14,348.97,351.82,333.9,350.6,40478934.0,13634616448.0,-0.015031917414552943,False,002594,比亚迪
2022-06-15,350.98,353.29,339.3,341.83,30394787.0,10285857695.0,-0.02533243503116266,False,002594,比亚迪
2022-06-16,342.34,349.69,340.21,342.85,19017245.0,6410739474.0,0.002979496274401952,False,002594,比亚迪
2022-06-17,336.83,348.16,333.74,344.89,26214759.0,8830738834.0,0.005932491880811378,False,002594,比亚迪
2022-06-20,344.97,355.77,341.85,349.16,24541557.0,8405361560.0,0.012304744255964098,False,002594,比亚迪
2022-06-21,346.69,348.77,338.97,347.95,19782739.0,6666969509.0,-0.0034714785762900943,False,002594,比亚迪
2022-06-22,349.4,354.72,344.89,346.81,18678783.0,6412052153.0,-0.0032817117367575635,False,002594,比亚迪
2022-06-23,351.73,361.27,344.89,360.71,32314226.0,11251775974.0,0.03929723184134472,False,002594,比亚迪
2022-06-24,360.19,363.54,353.07,358.21,23598355.0,8273168197.0,-0.006954904793916358,False,002594,比亚迪
2022-06-27,359.25,364.28,355.43,356.82,21715524.0,7630684845.0,-0.0038879536549725007,False,002594,比亚迪
2022-06-28,354.08,366.12,349.7,360.1,26963471.0,9447959128.0,0.009150317708272376,False,002594,比亚迪
2022-06-29,357.13,357.14,338.25,338.37,36114602.0,12246017195.0,-0.062241799334894425,False,002594,比亚迪
2022-06-30,337.75,346.27,336.73,340.29,22014478.0,7372602921.0,0.0056582239191258635,False,002594,比亚迪
2022-07-01,338.95,339.79,326.63,335.91,23411263.0,7658689348.0,-0.012954928298845562,False,002594,比亚迪
2022-07-04,338.77,345.11,336.93,343.01,20951206.0,7020823754.0,0.02091633431969024,False,002594,比亚迪
2022-07-05,343.87,347.55,336.31,340.7,17375703.0,5819208075.0,-0.006757276592984779,False,002594,比亚迪
2022-07-06,340.61,347.55,338.76,342.95,18343420.0,6179119713.0,0.0065823392784094895,False,002594,比亚迪
2022-07-07,344.59,359.13,340.17,356.5,30464874.0,10511816689.0,0.038749575909020235,False,002594,比亚迪
2022-07-08,356.5,359.06,344.89,344.89,19047757.0,6547699048.0,-0.0331087142431656,False,002594,比亚迪
2022-07-11,342.73,342.73,325.38,330.91,25431744.0,8284856773.0,-0.041379090529795555,False,002594,比亚迪
2022-07-12,326.53,327.55,306.2,315.3,45051469.0,13935271931.0,-0.04832186853037423,False,002594,比亚迪
2022-07-13,315.3,320.24,302.82,316.2,34106695.0,10439432846.0,0.0028503582243563945,False,002594,比亚迪
2022-07-14,315.21,329.59,313.26,329.59,27248936.0,8631732044.0,0.041474532993858435,False,002594,比亚迪
2022-07-15,341.83,357.02,339.79,345.09,44450784.0,15284697866.0,0.04595579480679844,False,002594,比亚迪
2022-07-18,352.03,353.06,334.69,343.97,23891156.0,8007559907.0,-0.0032508083079079678,False,002594,比亚迪
2022-07-19,343.97,343.97,334.3,337.85,15818025.0,5239778187.0,-0.017952434269936878,False,002594,比亚迪
2022-07-20,339.77,340.67,335.79,338.46,10326348.0,3425066981.0,0.001803906981755925,False,002594,比亚迪
2022-07-21,335.71,337.75,329.53,331.12,13200328.0,4303073903.0,-0.021925069539462643,False,002594,比亚迪
2022-07-22,332.66,341.48,332.65,336.34,14177374.0,4687025063.0,0.015641705654126765,False,002594,比亚迪
2022-07-25,332.65,333.67,326.53,329.54,11501710.0,3705167359.0,-0.020424810465318362,False,002594,比亚迪
2022-07-26,329.06,334.36,326.53,331.63,10765616.0,3493834391.0,0.0063221469859713695,False,002594,比亚迪
2022-07-27,330.61,336.52,327.56,332.44,9105572.0,2961812249.0,0.002439503069568802,False,002594,比亚迪
2022-07-28,335.73,338.21,330.61,332.07,10906517.0,3572559082.0,-0.001113602619183292,False,002594,比亚迪
2022-07-29,329.69,334.59,324.55,327.0,11485364.0,3695131506.0,-0.015385619168388834,False,002594,比亚迪
2022-08-01,324.57,338.96,322.87,337.39,18758376.0,6141512246.0,0.03127936036400688,False,002594,比亚迪
2022-08-02,331.63,337.33,327.96,333.37,15664266.0,5110091378.0,-0.011986546996789292,False,002594,比亚迪
2022-08-03,333.47,341.79,325.5,328.66,18872311.0,6197191078.0,-0.014229202511327102,False,002594,比亚迪
2022-08-04,334.8,338.34,328.77,333.57,18663677.0,6098858889.0,0.01482895663012347,False,002594,比亚迪
2022-08-05,336.84,338.77,324.87,331.21,15756385.0,5115620394.0,-0.007100123091254562,False,002594,比亚迪
2022-08-08,328.78,331.63,325.61,328.01,12948786.0,4158491944.0,-0.009708519567734848,False,002594,比亚迪
2022-08-09,327.83,330.51,324.74,326.34,11610661.0,3719885520.0,-0.005104313061353768,False,002594,比亚迪
2022-08-10,326.32,326.32,311.32,314.74,25849901.0,7998810821.0,-0.03619288149020588,False,002594,比亚迪
2022-08-11,317.88,322.44,311.93,321.55,16544481.0,5159742999.0,0.021406151408153887,False,002594,比亚迪
2022-08-12,321.55,322.83,316.42,318.39,10133763.0,3165436406.0,-0.009876006139031415,False,002594,比亚迪
2022-08-15,318.67,325.84,317.67,321.74,13511926.0,4265356112.0,0.01046671952032109,False,002594,比亚迪
2022-08-16,322.34,328.56,322.04,325.53,15724331.0,5029761317.0,0.011710857338064,False,002594,比亚迪
2022-08-17,326.62,336.43,323.28,334.72,21087113.0,6808620194.0,0.027839738136277513,False,002594,比亚迪
2022-08-18,333.78,336.84,330.55,332.8,14279044.0,4659424799.0,-0.005752652489449922,False,002594,比亚迪
2022-08-19,331.76,334.22,323.57,326.01,12428923.0,3993178340.0,-0.020613653204183693,False,002594,比亚迪
2022-08-22,322.55,332.85,318.69,329.78,14766765.0,4747212897.0,0.011497709729952111,False,002594,比亚迪
2022-08-23,330.71,332.3,325.59,328.27,9299975.0,2989844195.0,-0.004589324976182955,False,002594,比亚迪
2022-08-24,328.35,329.65,315.71,315.91,18678283.0,5854016197.0,-0.038379077602415865,False,002594,比亚迪
2022-08-25,315.97,317.53,308.93,315.99,14022073.0,4308297637.0,0.0002532046223370996,False,002594,比亚迪
2022-08-26,319.48,324.52,316.42,322.27,12212655.0,3849213721.0,0.01967913599207555,False,002594,比亚迪
2022-08-29,320.17,323.44,317.94,320.05,8591166.0,2696123151.0,-0.00691246992062334,False,002594,比亚迪
2022-08-30,322.04,325.1,316.42,317.29,11024737.0,3454778560.0,-0.008661051411036689,False,002594,比亚迪
2022-08-31,297.03,302.75,289.88,293.95,40805974.0,11841919126.0,-0.07640649732871176,False,002594,比亚迪
2022-09-01,290.91,300.7,289.92,292.64,19258233.0,5566420145.0,-0.00446650020570842,False,002594,比亚迪
2022-09-02,294.68,295.6,283.86,287.84,16166192.0,4561284362.0,-0.016538414440332643,False,002594,比亚迪
2022-09-05,274.57,276.49,266.51,274.33,35120827.0,9364600412.0,-0.04807300893536952,False,002594,比亚迪
2022-09-06,274.34,280.14,272.75,278.6,18990284.0,5154529158.0,0.015445300078851984,False,002594,比亚迪
2022-09-07,277.64,290.96,276.21,288.56,19087317.0,5345727757.0,0.03512597524957825,False,002594,比亚迪
2022-09-08,288.86,290.9,282.74,284.03,11642911.0,3267426059.0,-0.015823170210117966,False,002594,比亚迪
2022-09-09,286.81,287.32,282.73,285.5,7609826.0,2125233636.0,0.005162162710899444,False,002594,比亚迪
2022-09-13,287.84,292.63,285.16,290.7,11152411.0,3162351107.0,0.018049778468765338,False,002594,比亚迪
2022-09-14,287.84,289.68,281.98,284.1,10515106.0,2935617133.0,-0.02296551870468784,False,002594,比亚迪
2022-09-15,285.8,286.31,272.44,275.08,15239523.0,4126260385.0,-0.03226432440850702,False,002594,比亚迪
2022-09-16,273.55,277.07,269.84,271.49,10447636.0,2797971959.0,-0.013136658168498128,False,002594,比亚迪
2022-09-19,273.55,279.58,272.21,275.95,11094999.0,3006108121.0,0.016294383602372977,False,002594,比亚迪
2022-09-20,279.47,283.24,277.65,279.89,11124502.0,3058894059.0,0.014176978952298165,False,002594,比亚迪
2022-09-21,277.43,278.26,272.53,275.59,8375363.0,2258898398.0,-0.015482414826849016,False,002594,比亚迪
2022-09-22,273.03,274.96,266.71,274.11,9279950.0,2468839436.0,-0.00538476833232045,False,002594,比亚迪
2022-09-23,272.62,275.36,269.76,271.92,7964412.0,2125444095.0,-0.008021580290778372,False,002594,比亚迪
2022-09-26,271.92,281.72,269.04,278.61,14360640.0,3911414127.0,0.02430504906816614,False,002594,比亚迪
2022-09-27,278.62,280.52,275.66,279.64,8309593.0,2262822665.0,0.00369010718775767,False,002594,比亚迪
2022-09-28,278.66,278.66,271.0,271.12,8562018.0,2293531516.0,-0.030941534344988458,False,002594,比亚迪
2022-09-29,275.59,277.43,269.47,270.05,8835668.0,2355802796.0,-0.0039544002598957025,False,002594,比亚迪
2022-09-30,268.45,269.01,254.16,257.23,21403588.0,5421385039.0,-0.048636500730937934,False,002594,比亚迪
2022-10-10,257.5,261.71,254.61,256.4,11747850.0,2967008054.0,-0.003231901261447363,False,002594,比亚迪
2022-10-11,257.22,262.71,254.5,260.29,13282039.0,3370369988.0,0.015057669005134364,False,002594,比亚迪
2022-10-12,259.26,268.7,255.13,267.78,14487143.0,3708582158.0,0.028369353817584028,False,002594,比亚迪
2022-10-13,265.39,268.45,263.43,263.53,9618660.0,2497932932.0,-0.015998534376052878,False,002594,比亚迪
2022-10-14,267.51,274.68,265.34,270.02,14569451.0,3854443049.0,0.02432881683591953,False,002594,比亚迪
2022-10-17,268.45,268.45,262.01,266.06,10967836.0,2842978645.0,-0.014774183073340337,False,002594,比亚迪
2022-10-18,284.78,284.78,278.15,279.34,24414179.0,6717206761.0,0.048707830621865546,False,002594,比亚迪
2022-10-19,279.34,282.17,272.41,273.04,13400403.0,3642369174.0,-0.022811373279173486,False,002594,比亚迪
2022-10-20,269.47,271.08,262.73,268.97,12841678.0,3355270263.0,-0.015018455379463206,False,002594,比亚迪
2022-10-21,268.98,276.49,267.44,271.82,10478554.0,2794657482.0,0.010540233308212726,False,002594,比亚迪
2022-10-24,270.39,271.83,258.82,260.87,16741256.0,4324097663.0,-0.04111788358088107,False,002594,比亚迪
2022-10-25,258.24,265.99,255.21,263.25,11324267.0,2897739554.0,0.009081952067764824,False,002594,比亚迪
2022-10-26,265.39,269.51,260.58,263.21,12641527.0,3279130696.0,-0.00015195836370087527,False,002594,比亚迪
2022-10-27,264.36,266.12,260.28,260.28,9776582.0,2516238985.0,-0.011194218023600735,False,002594,比亚迪
2022-10-28,258.24,258.24,240.7,244.86,26316393.0,6372054067.0,-0.061071355981013896,False,002594,比亚迪
2022-10-31,242.42,256.2,242.02,251.78,18794233.0,4625511532.0,0.027869071692343938,False,002594,比亚迪
2022-11-01,252.23,267.63,252.12,267.24,21928271.0,5620272304.0,0.05959144071916334,False,002594,比亚迪
2022-11-02,266.41,277.23,263.71,273.1,18731929.0,4980989815.0,0.0216908974223828,False,002594,比亚迪
2022-11-03,270.51,277.39,269.57,273.53,10238397.0,2747240766.0,0.001573276580848486,False,002594,比亚迪
2022-11-04,274.55,288.88,273.55,286.01,22488689.0,6270505264.0,0.04461547018304719,False,002594,比亚迪
2022-11-07,280.7,287.87,278.65,284.66,13584206.0,3781158420.0,-0.004731289601075655,False,002594,比亚迪
2022-11-08,285.24,288.46,279.17,282.14,10563449.0,2925766812.0,-0.008892083996123082,False,002594,比亚迪
2022-11-09,283.91,284.66,274.21,275.22,11194636.0,3038705770.0,-0.02483262380922046,False,002594,比亚迪
2022-11-10,270.11,270.46,261.1,265.65,15549677.0,4039239830.0,-0.03539112494018362,False,002594,比亚迪
2022-11-11,276.1,278.63,270.65,274.37,16609959.0,4467701122.0,0.032297907531814295,False,002594,比亚迪
2022-11-14,274.81,278.19,268.2,269.26,11523697.0,3071390410.0,-0.01880010487767779,False,002594,比亚迪
2022-11-15,269.46,273.86,265.49,272.53,11284835.0,2985500714.0,0.012071244235677951,False,002594,比亚迪
2022-11-16,271.29,272.12,265.49,266.49,10354941.0,2719934793.0,-0.022411980337047353,False,002594,比亚迪
2022-11-17,265.3,265.3,258.83,262.33,11126057.0,2842104513.0,-0.015733466261458808,False,002594,比亚迪
2022-11-18,263.11,264.94,258.75,259.96,10118376.0,2595461705.0,-0.009075480162112511,False,002594,比亚迪
2022-11-21,258.08,259.88,253.66,259.47,8251507.0,2082807825.0,-0.0018866840396177021,False,002594,比亚迪
2022-11-22,260.28,260.54,255.18,255.68,8014551.0,2013576333.0,-0.01471442640862041,False,002594,比亚迪
2022-11-23,255.68,256.71,252.32,256.71,8846881.0,2209509306.0,0.004020380520163096,False,002594,比亚迪
2022-11-24,258.6,260.28,253.42,254.56,8531406.0,2137710348.0,-0.008410478508596293,False,002594,比亚迪
2022-11-25,254.16,254.16,250.08,250.13,8782164.0,2160628974.0,-0.01755578188037932,False,002594,比亚迪
2022-11-28,244.97,250.21,242.14,250.19,9910928.0,2387430973.0,0.00023984649939088882,False,002594,比亚迪
2022-11-29,251.38,254.85,248.03,253.44,12358078.0,3051509362.0,0.01290647941757267,False,002594,比亚迪
2022-11-30,253.51,265.39,251.59,264.9,21287338.0,5434244563.0,0.044225287651962944,False,002594,比亚迪
2022-12-01,273.55,276.56,270.41,272.19,25798585.0,6927128718.0,0.027147955571623344,False,002594,比亚迪
2022-12-02,270.41,273.11,265.88,267.51,11607538.0,3062453852.0,-0.01734340303474953,False,002594,比亚迪
2022-12-05,271.46,273.13,267.33,268.82,10523309.0,2776465999.0,0.0048850618281045,False,002594,比亚迪
2022-12-06,265.95,277.26,265.4,273.14,12300679.0,3283672654.0,0.01594247360727616,False,002594,比亚迪
2022-12-07,273.2,284.05,273.2,279.41,19266593.0,5284876703.0,0.02269575291277409,False,002594,比亚迪
2022-12-08,279.42,280.7,276.48,279.97,9458065.0,2587392486.0,0.002002217408848275,False,002594,比亚迪
2022-12-09,281.19,283.45,277.07,280.39,10099232.0,2768392889.0,0.001499036614493685,False,002594,比亚迪
2022-12-12,277.6,279.14,273.55,275.47,8012821.0,2168695196.0,-0.017702761444650026,False,002594,比亚迪
2022-12-13,277.64,280.7,275.08,275.39,6138433.0,1667300818.0,-0.00029045492706841655,False,002594,比亚迪
2022-12-14,274.99,275.02,269.06,271.92,9436462.0,2507895817.0,-0.012680369426815498,False,002594,比亚迪
2022-12-15,271.85,277.92,268.97,277.08,9712345.0,2610706544.0,0.018798367766543565,False,002594,比亚迪
2022-12-16,275.67,276.99,273.09,276.12,5619664.0,1512400641.0,-0.0034707193191294053,False,002594,比亚迪
2022-12-19,274.56,280.7,271.11,272.02,8403891.0,2264390155.0,-0.014959960830667557,False,002594,比亚迪
2022-12-20,271.41,271.41,264.04,267.02,8490821.0,2218820935.0,-0.018552031042658405,False,002594,比亚迪
2022-12-21,267.0,268.3,264.98,266.2,4196630.0,1095313222.0,-0.0030756560009375955,False,002594,比亚迪
2022-12-22,268.45,268.96,263.87,264.56,5920995.0,1543323319.0,-0.006179837287473819,False,002594,比亚迪
2022-12-23,261.41,261.71,255.69,257.41,9081868.0,2294101018.0,-0.02739792422730413,False,002594,比亚迪
2022-12-26,257.43,268.96,257.42,267.86,9354753.0,2430254725.0,0.03979431151274288,False,002594,比亚迪
2022-12-27,268.92,269.45,265.18,267.55,5553654.0,1453871979.0,-0.0011579912016624427,False,002594,比亚迪
2022-12-28,262.84,264.57,258.24,259.9,10256378.0,2612261022.0,-0.029009523109869175,False,002594,比亚迪
2022-12-29,259.25,264.22,257.35,260.04,7225577.0,1841122254.0,0.0005385236888235304,False,002594,比亚迪
2022-12-30,263.86,265.76,261.82,262.29,7488973.0,1931977379.0,0.008615296524641243,False,002594,比亚迪
2023-01-03,261.72,267.35,255.18,265.88,12137430.0,3108609041.0,0.01359431731247181,False,002594,比亚迪
2023-01-04,265.39,265.88,261.81,264.47,7267459.0,1881537612.0,-0.0053172558578318705,False,002594,比亚迪
2023-01-05,267.96,273.13,266.47,270.57,11893600.0,3143084205.0,0.022803021530177294,False,002594,比亚迪
2023-01-06,273.46,276.82,270.59,271.72,13885523.0,3726792589.0,0.0042412794773747636,False,002594,比亚迪
2023-01-09,273.55,273.55,267.72,268.84,11416882.0,3020383480.0,-0.010655717221336217,False,002594,比亚迪
2023-01-10,267.48,275.17,262.64,272.11,17351254.0,4568518535.0,0.012089989206540804,False,002594,比亚迪
2023-01-11,270.39,276.62,266.83,274.56,12836375.0,3429408754.0,0.008963419991291487,False,002594,比亚迪
2023-01-12,277.14,290.34,276.31,283.05,22347919.0,6213489747.0,0.030453744183071577,False,002594,比亚迪
2023-01-13,283.16,285.73,280.7,284.35,12841101.0,3556565563.0,0.004582313270139703,False,002594,比亚迪
2023-01-16,284.35,284.55,277.64,279.47,16499989.0,4536354778.0,-0.017310921444356475,False,002594,比亚迪
2023-01-17,279.48,280.19,274.5,275.58,11166571.0,3020383061.0,-0.014016984742695287,False,002594,比亚迪
2023-01-18,275.44,278.15,272.01,274.57,8610817.0,2315435133.0,-0.003671730017999342,False,002594,比亚迪
2023-01-19,273.43,276.46,272.04,276.1,8123863.0,2185520061.0,0.005556881388351105,False,002594,比亚迪
2023-01-20,276.62,277.51,272.55,275.67,10464935.0,2819530181.0,-0.0015586207552054608,False,002594,比亚迪
2023-01-30,290.91,293.97,286.82,287.83,28185441.0,8014418508.0,0.043165529894750435,False,002594,比亚迪
2023-01-31,290.91,294.78,286.2,291.72,18711017.0,5339962478.0,0.013424410040378632,False,002594,比亚迪
2023-02-01,293.95,310.64,292.07,310.64,27298697.0,8144001077.0,0.06284024730737935,False,002594,比亚迪
2023-02-02,312.21,312.47,306.18,308.89,14802993.0,4485489933.0,-0.005649458959115951,False,002594,比亚迪
2023-02-03,306.17,306.17,298.87,301.11,15294828.0,4517779880.0,-0.025509579970477137,False,002594,比亚迪
2023-02-06,297.73,297.73,293.57,295.99,10044660.0,2906251550.0,-0.0171499765242269,False,002594,比亚迪
2023-02-07,298.04,298.54,293.56,294.99,7683474.0,2223584358.0,-0.003384212509417105,False,002594,比亚迪
2023-02-08,294.99,294.99,288.66,291.58,9290144.0,2653105085.0,-0.011627046783498738,False,002594,比亚迪
2023-02-09,289.88,294.8,288.15,294.3,9064889.0,2602093564.0,0.009285244562751347,False,002594,比亚迪
2023-02-10,291.8,291.82,285.8,287.7,12970811.0,3659502384.0,-0.02268138468192493,False,002594,比亚迪
2023-02-13,284.79,289.16,282.8,288.17,9346144.0,2628940179.0,0.001632313210820179,False,002594,比亚迪
2023-02-14,289.88,290.39,284.88,287.81,7364368.0,2068766543.0,-0.001250043567062308,False,002594,比亚迪
2023-02-15,288.86,289.78,284.33,284.78,9083216.0,2549250814.0,-0.010583587848411572,False,002594,比亚迪
2023-02-16,285.8,287.63,280.54,282.76,10334815.0,2883947589.0,-0.007118471050095156,False,002594,比亚迪
2023-02-17,282.22,283.86,276.9,277.29,10099650.0,2764372531.0,-0.019534591357957227,False,002594,比亚迪
2023-02-20,277.22,278.96,272.53,278.45,13070148.0,3524868435.0,0.004174620090881453,False,002594,比亚迪
2023-02-21,277.64,282.29,275.88,280.44,11369006.0,3115649014.0,0.007121288303089356,False,002594,比亚迪
2023-02-22,277.53,278.27,274.47,276.02,8508796.0,2301668445.0,-0.015886471478873048,False,002594,比亚迪
2023-02-23,275.49,277.3,274.06,276.04,10035821.0,2705234150.0,7.245589250735223e-05,False,002594,比亚迪
2023-02-24,274.59,275.47,272.53,273.12,6686761.0,1790064872.0,-0.010634523706270603,False,002594,比亚迪
2023-02-27,270.49,271.4,263.35,265.19,16970381.0,4428436083.0,-0.029464708836013112,False,002594,比亚迪
2023-02-28,266.41,267.43,262.91,266.2,12033003.0,3122819224.0,0.0038013557508938087,False,002594,比亚迪
2023-03-01,266.15,272.06,263.1,271.0,14365761.0,3781045101.0,0.01787091491868968,False,002594,比亚迪
2023-03-02,271.63,273.69,267.43,269.17,11490496.0,3043464760.0,-0.0067756706267499585,False,002594,比亚迪
2023-03-03,270.48,270.73,267.51,269.26,6398161.0,1686348718.0,0.0003343052981378737,False,002594,比亚迪
2023-03-06,269.47,270.11,263.35,269.75,11212447.0,2932174905.0,0.001818148587155418,False,002594,比亚迪
2023-03-07,269.65,272.52,265.9,266.08,10593288.0,2789608646.0,-0.013698588693626572,False,002594,比亚迪
2023-03-08,263.86,265.17,260.28,262.31,12089760.0,3104294281.0,-0.014270005013331973,False,002594,比亚迪
2023-03-09,261.81,265.21,259.27,261.38,9673143.0,2481897868.0,-0.003551723262395681,False,002594,比亚迪
2023-03-10,257.22,258.24,247.32,248.18,28346408.0,6951755744.0,-0.05182099782241632,False,002594,比亚迪
2023-03-13,246.73,247.98,241.91,245.47,16734341.0,4010230472.0,-0.01097954917154484,False,002594,比亚迪
2023-03-14,244.97,247.52,237.86,244.95,19856816.0,4715842057.0,-0.0021206320903449493,False,002594,比亚迪
2023-03-15,246.5,247.5,242.33,243.56,12071459.0,2895736124.0,-0.005690789344210393,False,002594,比亚迪
2023-03-16,239.87,244.58,238.85,239.65,11837025.0,2793057411.0,-0.016183793134732987,False,002594,比亚迪
2023-03-17,241.69,245.97,240.41,242.84,13500262.0,3213067916.0,0.013223264656593061,False,002594,比亚迪
2023-03-20,242.84,244.32,239.46,240.45,8632333.0,2041533811.0,-0.00989062253856168,False,002594,比亚迪
2023-03-21,241.8,244.47,239.65,244.47,10887269.0,2585297268.0,0.016580434276566507,False,002594,比亚迪
2023-03-22,247.22,252.71,247.1,248.24,15533932.0,3800940796.0,0.015303418139886706,False,002594,比亚迪
2023-03-23,248.02,250.59,244.46,250.58,9746104.0,2374450293.0,0.009382210677281821,False,002594,比亚迪
2023-03-24,250.59,252.76,248.54,251.12,8101826.0,1990565427.0,0.002152681716291354,False,002594,比亚迪
2023-03-27,251.09,251.09,245.28,248.7,9249536.0,2246213086.0,-0.009683561724339249,False,002594,比亚迪
2023-03-28,249.57,250.76,247.42,250.09,8184504.0,1998797291.0,0.005573502268435389,False,002594,比亚迪
2023-03-29,251.66,255.44,251.66,252.83,14430262.0,3588758349.0,0.010896473040151544,False,002594,比亚迪
2023-03-30,255.18,262.53,255.18,262.53,20926722.0,5317797712.0,0.03764803509790359,False,002594,比亚迪
2023-03-31,264.34,266.27,260.28,261.32,16700761.0,4304295452.0,-0.004619651243299768,False,002594,比亚迪
2023-04-03,261.3,263.59,257.49,261.22,13369125.0,3412119593.0,-0.0003827458231743188,False,002594,比亚迪
2023-04-04,261.11,261.11,253.13,256.12,13774433.0,3448255051.0,-0.019716879498773817,False,002594,比亚迪
2023-04-06,253.14,256.08,250.77,255.18,8194227.0,2036216982.0,-0.003676906157004239,False,002594,比亚迪
2023-04-07,255.23,257.35,253.48,254.45,6872291.0,1718631441.0,-0.002864825458755616,False,002594,比亚迪
2023-04-10,254.45,256.4,251.1,256.2,9805791.0,2436804939.0,0.006854036427792213,False,002594,比亚迪
2023-04-11,257.37,259.76,253.75,255.01,8745512.0,2194591845.0,-0.004655629386848154,False,002594,比亚迪
2023-04-12,253.96,253.96,248.37,248.44,11232970.0,2751446164.0,-0.026101392384683456,False,002594,比亚迪
2023-04-13,245.56,248.03,242.7,247.85,8096464.0,1952037226.0,-0.0023776432245193285,False,002594,比亚迪
2023-04-14,248.44,252.6,248.02,251.16,10550644.0,2589957803.0,0.013266461779325845,False,002594,比亚迪
2023-04-17,250.08,254.85,249.27,254.61,9039385.0,2244153587.0,0.013642776403786697,False,002594,比亚迪
2023-04-18,255.59,257.41,253.59,254.16,7843220.0,1961474846.0,-0.0017689726884345146,False,002594,比亚迪
2023-04-19,254.16,258.45,251.19,256.05,11192747.0,2793037791.0,0.007408747947298578,False,002594,比亚迪
2023-04-20,255.11,255.11,250.08,250.1,10030830.0,2470721410.0,-0.02351190002498596,False,002594,比亚迪
2023-04-21,249.57,254.11,248.03,248.03,10405248.0,2553937672.0,-0.008311131292662999,False,002594,比亚迪
2023-04-24,249.16,263.96,248.22,258.74,26701734.0,6747607047.0,0.04227398989884543,False,002594,比亚迪
2023-04-25,256.2,257.02,247.22,249.36,18741873.0,4589549733.0,-0.03692606103067417,False,002594,比亚迪
2023-04-26,248.03,259.81,245.99,256.2,17449204.0,4353221180.0,0.027060754003552075,False,002594,比亚迪
2023-04-27,255.18,264.36,254.72,264.28,24246438.0,6228404693.0,0.031050757699051024,False,002594,比亚迪
2023-04-28,266.89,268.42,259.26,261.16,19194480.0,4933612984.0,-0.011875900843252055,False,002594,比亚迪
2023-05-04,260.28,262.95,256.61,257.75,11812427.0,3002183827.0,-0.013143123421363543,False,002594,比亚迪
2023-05-05,257.78,259.06,253.09,255.25,10243959.0,2560075787.0,-0.009746665852294384,False,002594,比亚迪
2023-05-08,258.24,264.47,257.75,259.29,12162620.0,3104234524.0,0.01570366938788169,False,002594,比亚迪
2023-05-09,255.22,258.61,254.16,255.29,8988483.0,2253697879.0,-0.015546972556754406,False,002594,比亚迪
2023-05-10,256.2,267.61,254.36,265.17,25369089.0,6542224183.0,0.037970975865064246,False,002594,比亚迪
2023-05-11,266.17,275.39,264.04,269.21,21423687.0,5669565808.0,0.015120614442195889,False,002594,比亚迪
2023-05-12,271.51,273.81,264.9,265.49,10457353.0,2750523184.0,-0.013914568993931788,False,002594,比亚迪
2023-05-15,265.49,272.07,264.06,270.39,13692627.0,3615695776.0,0.018288186047197664,False,002594,比亚迪
2023-05-16,269.87,272.96,268.65,270.62,8163931.0,2162966661.0,0.0008502615990701229,False,002594,比亚迪
2023-05-17,270.48,271.31,264.38,266.41,8955605.0,2336687603.0,-0.015679147336242188,False,002594,比亚迪
2023-05-18,267.73,269.35,261.88,264.45,10069665.0,2610927791.0,-0.007384277987267109,False,002594,比亚迪
2023-05-19,263.53,266.33,261.61,264.55,6010582.0,1557739695.0,0.00037807183815194716,False,002594,比亚迪
2023-05-22,266.33,271.51,262.41,270.59,12016521.0,3160916357.0,0.022574490788693346,False,002594,比亚迪
2023-05-23,270.53,272.41,268.38,268.38,9061940.0,2401159869.0,-0.008200873466022423,False,002594,比亚迪
2023-05-24,267.02,270.49,264.9,267.34,6809295.0,1787131273.0,-0.003882630129484789,False,002594,比亚迪
2023-05-25,267.39,269.32,260.43,260.9,13207895.0,3413072494.0,-0.02438406440064427,False,002594,比亚迪
2023-05-26,258.24,258.24,247.83,252.11,18581340.0,4583193890.0,-0.03427169193662585,False,002594,比亚迪
2023-05-29,255.18,255.74,247.01,250.0,12472291.0,3051361333.0,-0.008404582343810453,False,002594,比亚迪
2023-05-30,251.05,260.28,250.92,257.43,16688058.0,4201064907.0,0.029286920624892798,False,002594,比亚迪
2023-05-31,257.43,260.18,254.82,258.92,11838117.0,2995495154.0,0.005771295190170136,False,002594,比亚迪
2023-06-01,258.92,263.22,258.48,260.74,8673571.0,2217698926.0,0.007004608557323276,False,002594,比亚迪
2023-06-02,263.22,264.97,260.9,264.43,11067975.0,2854069098.0,0.014052823754101352,False,002594,比亚迪
2023-06-05,264.37,264.43,256.88,263.67,10479452.0,2682476684.0,-0.002878244744070388,False,002594,比亚迪
2023-06-06,263.29,270.49,261.49,266.29,12898111.0,3371155485.0,0.009887619236646761,False,002594,比亚迪
2023-06-07,267.43,268.9,260.79,261.87,10049028.0,2598158541.0,-0.016737743065942185,False,002594,比亚迪
2023-06-08,261.5,264.2,259.74,260.28,6445426.0,1650438582.0,-0.00609022278858486,False,002594,比亚迪
2023-06-09,264.16,264.47,257.73,263.35,10748401.0,2753073835.0,0.011725971302615277,False,002594,比亚迪
2023-06-12,261.81,268.45,260.79,265.91,10289121.0,2682484320.0,0.009673959735762764,False,002594,比亚迪
2023-06-13,265.9,267.43,262.46,266.63,8151147.0,2117925896.0,0.0027040238806647614,False,002594,比亚迪
2023-06-14,268.12,270.89,266.92,268.45,12577600.0,3318766726.0,0.0068027473227524,False,002594,比亚迪
2023-06-15,268.96,280.71,268.75,277.51,24396107.0,6622887119.0,0.0331922917046645,False,002594,比亚迪
2023-06-16,279.53,281.58,275.59,276.7,15229682.0,4146755899.0,-0.00292308178036272,False,002594,比亚迪
2023-06-19,276.7,280.69,273.43,274.79,12356475.0,3342857529.0,-0.006926717208713914,False,002594,比亚迪
2023-06-20,274.58,274.78,270.39,273.81,10236616.0,2734002025.0,-0.0035727343872705656,False,002594,比亚迪
2023-06-21,272.54,278.94,271.77,273.33,10781176.0,2906861071.0,-0.001754578803018916,False,002594,比亚迪
2023-06-26,267.87,274.26,267.73,268.34,10151222.0,2681452522.0,-0.01842502323155125,False,002594,比亚迪
2023-06-27,267.45,269.32,262.41,265.44,9902865.0,2570404964.0,-0.010866006720191123,False,002594,比亚迪
2023-06-28,265.39,267.94,263.45,265.64,5726951.0,1489543301.0,0.0007531822303784539,False,002594,比亚迪
2023-06-29,265.64,266.18,260.52,261.0,8348505.0,2148587117.0,-0.017621601349819445,False,002594,比亚迪
2023-06-30,259.4,265.39,258.96,263.62,7572436.0,1952424866.0,0.00998826496162627,False,002594,比亚迪
2023-07-03,264.24,274.85,264.24,273.02,16256506.0,4313305226.0,0.03503638029051199,False,002594,比亚迪
2023-07-04,274.06,280.7,272.03,277.13,15712002.0,4271284305.0,0.01494165759852092,False,002594,比亚迪
2023-07-05,277.14,278.13,271.2,272.53,9303313.0,2493339683.0,-0.016738010386585817,False,002594,比亚迪
2023-07-06,272.53,277.64,272.33,273.66,8371185.0,2249759123.0,0.0041377601648973274,False,002594,比亚迪
2023-07-07,272.53,273.21,269.58,269.88,6219150.0,1650354364.0,-0.013909044192439525,False,002594,比亚迪
2023-07-10,272.53,275.08,268.19,269.01,6887762.0,1824432454.0,-0.003228862127158751,False,002594,比亚迪
2023-07-11,270.49,276.3,269.27,274.91,10240520.0,2744333129.0,0.021695217741826464,False,002594,比亚迪
2023-07-12,276.1,276.77,270.14,271.11,8703195.0,2328017076.0,-0.013919128791918135,False,002594,比亚迪
2023-07-13,273.04,275.08,270.5,273.38,8275301.0,2213414441.0,0.00833812614253263,False,002594,比亚迪
2023-07-14,273.35,273.35,268.96,269.89,10272203.0,2718639361.0,-0.01284830014648495,False,002594,比亚迪
2023-07-17,272.53,272.53,267.79,269.97,7892663.0,2086663751.0,0.00029637313594485737,False,002594,比亚迪
2023-07-18,270.75,273.11,265.9,270.98,9845648.0,2603934532.0,0.003734175704318272,False,002594,比亚迪
2023-07-19,270.99,271.41,268.18,270.32,5025000.0,1328126187.0,-0.0024385750122506494,False,002594,比亚迪
2023-07-20,271.0,275.08,269.47,270.44,9127051.0,2434017185.0,0.00044381981644257384,False,002594,比亚迪
2023-07-21,269.47,270.29,266.97,269.8,7528703.0,1979318622.0,-0.0023693184488216335,False,002594,比亚迪
2023-07-24,266.42,268.21,262.83,262.84,9595037.0,2491708306.0,-0.026135461743988574,False,002594,比亚迪
2023-07-25,268.12,272.52,268.09,270.07,17388284.0,4604657752.0,0.027135702626092717,False,002594,比亚迪
2023-07-26,269.23,269.23,266.0,267.52,6586488.0,1723363551.0,-0.009486854759423078,False,002594,比亚迪
2023-07-27,269.98,271.28,266.2,267.05,11265069.0,2962230532.0,-0.0017584231105574235,False,002594,比亚迪
2023-07-28,266.55,274.39,264.73,273.73,17330825.0,4584230666.0,0.024706312315235568,False,002594,比亚迪
2023-07-31,276.8,283.55,276.68,278.85,21506016.0,5874722583.0,0.018531783734547766,False,002594,比亚迪
2023-08-01,278.61,279.63,273.21,275.26,12033993.0,3239067594.0,-0.012957897284176378,False,002594,比亚迪
2023-08-02,277.52,278.85,273.07,274.75,8739351.0,2346829431.0,-0.0018545122676556526,False,002594,比亚迪
2023-08-03,274.01,275.24,272.2,274.99,6616988.0,1766952896.0,0.0008731400853038407,False,002594,比亚迪
2023-08-04,275.77,276.87,273.37,275.06,8805315.0,2358257628.0,0.0002545223175270837,False,002594,比亚迪
2023-08-07,274.68,274.68,271.87,273.72,6420380.0,1710317723.0,-0.004883569602264666,False,002594,比亚迪
2023-08-08,271.88,273.21,269.12,269.93,9171188.0,2419517105.0,-0.013943019958673216,False,002594,比亚迪
2023-08-09,268.6,270.14,266.79,269.52,7249937.0,1897124688.0,-0.0015200670273264874,False,002594,比亚迪
2023-08-10,269.63,271.54,267.31,269.32,6001610.0,1575799641.0,-0.0007423354212172191,False,002594,比亚迪
2023-08-11,269.31,269.32,265.54,265.78,8612528.0,2242256361.0,-0.013231364773718585,False,002594,比亚迪
2023-08-14,261.42,263.46,249.62,252.01,25289035.0,6237439722.0,-0.05320012963958692,False,002594,比亚迪
2023-08-15,252.01,252.33,247.99,250.7,11502129.0,2804377793.0,-0.0052117640995270045,False,002594,比亚迪
2023-08-16,249.41,251.69,248.31,250.35,7997936.0,1953463842.0,-0.0013970663882939003,False,002594,比亚迪
2023-08-17,249.5,252.55,246.46,252.21,8683555.0,2118628433.0,0.007402135039361409,False,002594,比亚迪
2023-08-18,251.75,251.75,246.05,246.34,9846650.0,2385483843.0,-0.023549378301976922,False,002594,比亚迪
2023-08-21,245.84,245.92,239.95,240.32,12787920.0,3022536162.0,-0.024741326937568333,False,002594,比亚迪
2023-08-22,243.97,244.51,236.72,240.45,11211589.0,2620973083.0,0.0005407991479017102,False,002594,比亚迪
2023-08-23,240.45,240.45,235.83,235.89,8123755.0,1882331986.0,-0.01914657305213733,False,002594,比亚迪
2023-08-24,236.83,242.97,236.83,240.82,10681059.0,2501734161.0,0.020684171792538706,False,002594,比亚迪
2023-08-25,239.16,240.23,237.33,238.46,6677526.0,1554437027.0,-0.009848185086086956,False,002594,比亚迪
2023-08-28,254.25,254.25,240.15,241.46,13352736.0,3189524811.0,0.012502246526255392,False,002594,比亚迪
2023-08-29,242.78,253.74,242.78,252.93,21322346.0,5201525920.0,0.04640894269845272,False,002594,比亚迪
2023-08-30,255.61,257.81,254.08,256.09,15218735.0,3798606951.0,0.012416174593252814,False,002594,比亚迪
2023-08-31,256.82,257.31,254.25,255.68,8873396.0,2214559039.0,-0.0016022826180369584,False,002594,比亚迪
2023-09-01,259.37,260.88,254.25,255.4,7777183.0,1949444069.0,-0.001095718979470888,False,002594,比亚迪
2023-09-04,257.94,259.37,255.15,258.81,9651160.0,2427791469.0,0.013263258158158238,False,002594,比亚迪
2023-09-05,258.55,258.55,254.96,255.3,7457050.0,1864915960.0,-0.013654877509158878,False,002594,比亚迪
2023-09-06,256.3,258.66,255.58,256.76,6592856.0,1653726027.0,0.005702472196139166,False,002594,比亚迪
2023-09-07,256.73,256.73,254.36,254.66,6091302.0,1517662852.0,-0.00821247429828791,False,002594,比亚迪
2023-09-08,253.23,253.23,248.8,250.2,6763440.0,1651599178.0,-0.017668724112478783,False,002594,比亚迪
2023-09-11,249.84,254.76,248.3,253.23,7651344.0,1876707032.0,0.012037568630927621,False,002594,比亚迪
2023-09-12,254.97,259.75,253.33,258.34,11953240.0,3004363229.0,0.019978380140131115,False,002594,比亚迪
2023-09-13,258.35,260.69,256.71,257.89,9147897.0,2305291960.0,-0.001743409387212509,False,002594,比亚迪
2023-09-14,253.02,253.17,248.1,249.77,15258025.0,3722930909.0,-0.03199264301415231,False,002594,比亚迪
2023-09-15,250.15,253.06,247.59,250.44,8225595.0,2010812284.0,0.002678876474605035,False,002594,比亚迪
2023-09-18,250.66,257.53,250.44,253.61,9640522.0,2395846503.0,0.012578283085189436,False,002594,比亚迪
2023-09-19,252.2,254.54,249.94,253.4,6239693.0,1533948927.0,-0.0008283860752604885,False,002594,比亚迪
2023-09-20,251.17,252.49,250.15,250.15,5449710.0,1332673933.0,-0.012908529952824639,False,002594,比亚迪
2023-09-21,249.12,250.01,244.56,245.72,9296462.0,2232606210.0,-0.0178680616384874,False,002594,比亚迪
2023-09-22,245.55,251.85,244.51,251.22,9676396.0,2356419361.0,0.02213637296338024,False,002594,比亚迪
2023-09-25,253.05,253.2,250.51,251.99,6478680.0,1592828380.0,0.003060354925261038,False,002594,比亚迪
2023-09-26,251.17,251.17,244.3,244.51,11846263.0,2846103700.0,-0.03013319631031408,False,002594,比亚迪
2023-09-27,245.13,248.32,243.78,243.82,7573367.0,1808518866.0,-0.0028259597370536758,False,002594,比亚迪
2023-09-28,244.82,245.53,242.0,242.66,8525768.0,2022931184.0,-0.0047689615132731865,False,002594,比亚迪
2023-10-09,242.66,244.52,235.45,243.97,9179071.0,2162900147.0,0.005383980290731232,False,002594,比亚迪
2023-10-10,243.96,246.07,242.97,243.9,6393661.0,1524841111.0,-0.0002869616925834253,False,002594,比亚迪
2023-10-11,248.06,248.61,244.0,244.6,7668373.0,1838352974.0,0.002865918031197343,False,002594,比亚迪
2023-10-12,246.46,251.69,245.02,250.61,13934094.0,3391600251.0,0.024273722642591852,False,002594,比亚迪
2023-10-13,247.99,248.89,245.84,246.42,6644523.0,1598611952.0,-0.016860548699141553,False,002594,比亚迪
2023-10-16,246.46,247.15,242.46,243.49,6602221.0,1573224653.0,-0.011961523278988287,False,002594,比亚迪
2023-10-17,243.5,246.04,242.46,244.0,4916359.0,1169236112.0,0.002092351375667973,False,002594,比亚迪
2023-10-18,251.79,257.32,250.15,255.35,30786284.0,7646061771.0,0.04546692780045103,False,002594,比亚迪
2023-10-19,253.17,254.22,246.4,246.66,14775328.0,3595894522.0,-0.03462428295581091,False,002594,比亚迪
2023-10-20,246.05,247.89,244.21,245.23,8565861.0,2050294971.0,-0.005814324457053551,False,002594,比亚迪
2023-10-23,246.05,246.05,242.15,244.66,7353683.0,1747793907.0,-0.0023270540620182073,False,002594,比亚迪
2023-10-24,245.33,246.56,240.58,241.48,11077892.0,2614866694.0,-0.013082837690544923,False,002594,比亚迪
2023-10-25,243.97,246.06,242.17,243.38,8367573.0,1993861828.0,0.007837353980428662,False,002594,比亚迪
2023-10-26,242.01,244.82,241.64,244.62,7319935.0,1738279510.0,0.005081978150563138,False,002594,比亚迪
2023-10-27,244.0,249.63,243.5,248.05,10320556.0,2490630305.0,0.01392435268784088,False,002594,比亚迪
2023-10-30,245.54,251.16,244.71,250.76,11729547.0,2849732929.0,0.010865967658709867,False,002594,比亚迪
2023-10-31,249.63,250.14,243.48,244.55,12720475.0,3044814889.0,-0.025076519420401514,False,002594,比亚迪
2023-11-01,244.0,244.0,241.35,242.15,9339042.0,2206820551.0,-0.009862418136128072,False,002594,比亚迪
2023-11-02,243.85,243.87,240.72,240.72,8541416.0,2015702321.0,-0.005922936527448419,False,002594,比亚迪
2023-11-03,241.44,245.18,240.8,244.66,9067942.0,2154652391.0,0.01623505929698057,False,002594,比亚迪
2023-11-06,246.57,249.56,246.05,249.02,14354786.0,3472633480.0,0.017663722905496122,False,002594,比亚迪
2023-11-07,249.12,250.46,246.57,247.04,9451293.0,2287202177.0,-0.007982947687855244,False,002594,比亚迪
2023-11-08,246.42,246.93,245.21,246.05,8012814.0,1921682141.0,-0.004015499524424065,False,002594,比亚迪
2023-11-09,246.05,246.82,244.34,245.33,7318274.0,1750698708.0,-0.002930524300045989,False,002594,比亚迪
2023-11-10,245.02,245.02,241.6,242.93,8190190.0,1940054003.0,-0.009830907013949165,False,002594,比亚迪
2023-11-13,243.87,244.18,241.02,243.09,6973846.0,1649215951.0,0.0006584091427514364,False,002594,比亚迪
2023-11-14,243.28,244.2,242.56,243.62,5521655.0,1310694854.0,0.0021778891310693022,False,002594,比亚迪
2023-11-15,245.94,246.05,244.3,244.65,7869167.0,1881360641.0,0.004218983463319792,False,002594,比亚迪
2023-11-16,245.84,245.84,243.2,244.3,6169007.0,1471253077.0,-0.0014316394714377388,False,002594,比亚迪
2023-11-17,242.97,244.6,241.95,242.73,5946229.0,1408060178.0,-0.0064472637758369485,False,002594,比亚迪
2023-11-20,241.74,242.46,240.49,240.92,7677094.0,1804923944.0,-0.007484786312337665,False,002594,比亚迪
2023-11-21,241.63,242.64,239.55,240.1,8238634.0,1937039109.0,-0.0034094249483127555,False,002594,比亚迪
2023-11-22,239.38,239.38,235.67,235.79,10557108.0,2440478827.0,-0.018113924844251218,False,002594,比亚迪
2023-11-23,236.31,237.11,232.84,234.6,10576394.0,2425947586.0,-0.005059642163581158,False,002594,比亚迪
2023-11-24,234.56,234.56,220.83,222.31,28065948.0,6162803841.0,-0.05380913200547481,False,002594,比亚迪
2023-11-27,217.34,217.34,210.16,214.16,21548087.0,4487132027.0,-0.037349405001803115,False,002594,比亚迪
2023-11-28,214.18,217.11,212.23,215.2,12221143.0,2562912238.0,0.004844429075532207,False,002594,比亚迪
2023-11-29,215.17,215.19,206.46,207.07,21924630.0,4464902232.0,-0.038510927935695966,False,002594,比亚迪
2023-11-30,206.68,207.84,203.45,204.17,18724215.0,3745049006.0,-0.014103920203825202,False,002594,比亚迪
2023-12-01,205.53,205.88,197.67,202.01,19418985.0,3799477664.0,-0.010635779021738068,False,002594,比亚迪
2023-12-04,202.01,204.31,198.48,201.34,11761315.0,2317283540.0,-0.0033221798250928354,False,002594,比亚迪
2023-12-05,201.96,205.0,200.54,201.29,15237247.0,3021632365.0,-0.0002483669883368632,False,002594,比亚迪
2023-12-06,201.3,206.31,200.94,206.26,17634737.0,3523669818.0,0.024390854574982444,False,002594,比亚迪
2023-12-07,206.26,206.27,202.27,204.48,10316924.0,2051259486.0,-0.00866733769875291,False,002594,比亚迪
2023-12-08,204.04,205.41,203.32,203.55,7770019.0,1547061882.0,-0.004558496240182077,False,002594,比亚迪
2023-12-11,201.71,204.61,199.54,204.21,10108635.0,1989856428.0,0.003237201178981794,False,002594,比亚迪
2023-12-12,203.17,203.74,201.06,201.28,7979721.0,1572793711.0,-0.014451902615894085,False,002594,比亚迪
2023-12-13,200.75,200.75,196.55,196.63,11753492.0,2270646821.0,-0.02337318334061018,False,002594,比亚迪
2023-12-14,197.86,201.12,195.93,196.0,9249670.0,1787086925.0,-0.00320913094094835,False,002594,比亚迪
2023-12-15,197.94,199.29,195.89,198.15,10184134.0,1966549057.0,0.01090966040592678,False,002594,比亚迪
2023-12-18,195.87,197.35,193.05,193.82,10051147.0,1906643036.0,-0.022094426330040058,False,002594,比亚迪
2023-12-19,193.28,193.43,190.85,192.74,7936972.0,1487629709.0,-0.005587762883262514,False,002594,比亚迪
2023-12-20,193.07,194.1,189.53,189.54,8492482.0,1585187697.0,-0.016742046381092602,False,002594,比亚迪
2023-12-21,187.95,194.77,187.46,194.46,13314943.0,2494208947.0,0.025626402339462322,False,002594,比亚迪
2023-12-22,194.68,200.3,192.78,197.09,11799766.0,2267509852.0,0.013433990822891928,False,002594,比亚迪
2023-12-25,197.86,199.09,195.0,197.02,5376986.0,1032287275.0,-0.00035523077686990944,False,002594,比亚迪
2023-12-26,197.0,197.0,194.79,196.58,4138033.0,790091023.0,-0.002235773289049761,False,002594,比亚迪
2023-12-27,197.86,198.38,195.5,196.27,6136402.0,1174486108.0,-0.0015782108404956894,False,002594,比亚迪
2023-12-28,195.84,203.67,195.46,203.04,13877780.0,2722971140.0,0.03391174166808985,False,002594,比亚迪
2023-12-29,203.98,204.83,202.12,202.99,8036729.0,1591969846.0,-0.00024628722140098466,False,002594,比亚迪
2024-01-02,204.64,204.65,197.22,197.45,11392832.0,2212162400.0,-0.027671329012018086,False,002594,比亚迪
2024-01-03,197.35,198.75,195.5,198.04,8448596.0,1624093056.0,0.002983642760563843,False,002594,比亚迪
2024-01-04,199.24,199.55,195.91,197.88,8987036.0,1731882120.0,-0.0008082441337143891,False,002594,比亚迪
2024-01-05,197.32,202.48,195.95,197.53,11240188.0,2187835615.0,-0.0017703148195986546,False,002594,比亚迪
2024-01-08,197.66,198.54,193.92,194.17,8107839.0,1543893919.0,-0.01715640753354688,False,002594,比亚迪
2024-01-09,195.81,200.94,194.99,197.72,11218651.0,2167747852.0,0.018117824432396235,False,002594,比亚迪
2024-01-10,196.53,198.17,194.38,195.08,7141623.0,1364589162.0,-0.013442157596906593,False,002594,比亚迪
2024-01-11,194.99,203.71,193.57,201.74,15986174.0,3120354836.0,0.03357000878483748,False,002594,比亚迪
2024-01-12,201.74,203.24,200.21,200.8,8702264.0,1711086656.0,-0.004670351809115184,False,002594,比亚迪
2024-01-15,199.63,201.96,197.27,199.51,7021993.0,1364639692.0,-0.006445027430604451,False,002594,比亚迪
2024-01-16,198.79,201.5,197.93,200.22,8380860.0,1633959523.0,0.0035524016043679218,False,002594,比亚迪
2024-01-17,199.09,199.45,191.51,191.51,16079471.0,3050944390.0,-0.044476735412869416,False,002594,比亚迪
2024-01-18,190.33,195.81,189.57,195.28,11459165.0,2150839668.0,0.019494399506236427,False,002594,比亚迪
2024-01-19,194.26,197.82,193.45,194.11,8090516.0,1540978199.0,-0.006009417401704624,False,002594,比亚迪
2024-01-22,193.63,196.12,189.21,190.01,13223973.0,2487370789.0,-0.02134830632855949,False,002594,比亚迪
2024-01-23,189.66,193.72,188.94,192.58,11072562.0,2072060504.0,0.01343494945769749,False,002594,比亚迪
2024-01-24,194.05,194.63,188.72,193.45,9664121.0,1805379382.0,0.004507429334383961,False,002594,比亚迪
2024-01-25,193.64,195.71,190.34,194.68,13076908.0,2470818453.0,0.006338103818731664,False,002594,比亚迪
2024-01-26,193.76,193.76,190.17,190.54,11585464.0,2160578276.0,-0.021495038686620286,False,002594,比亚迪
2024-01-29,190.58,190.69,182.8,182.94,14604252.0,2647388166.0,-0.04070391605041485,False,002594,比亚迪
2024-01-30,177.44,179.9,174.59,176.3,19076118.0,3296016841.0,-0.03697114082439377,False,002594,比亚迪
2024-01-31,175.4,179.7,174.61,175.03,12536841.0,2155163736.0,-0.007229701601080438,False,002594,比亚迪
2024-02-01,174.28,177.36,172.6,175.2,11665074.0,1996429637.0,0.0009707906995467473,False,002594,比亚迪
2024-02-02,175.27,176.21,167.12,171.21,14799171.0,2485326236.0,-0.02303730528556454,False,002594,比亚迪
2024-02-05,169.16,176.11,166.87,172.23,18621620.0,3122618403.0,0.005939919630928649,False,002594,比亚迪
2024-02-06,170.18,180.55,169.67,180.3,17618975.0,3054635573.0,0.045791337361616544,False,002594,比亚迪
2024-02-07,181.72,187.61,180.54,184.08,16009370.0,2880398922.0,0.02074831551783879,False,002594,比亚迪
2024-02-08,186.06,187.97,185.25,185.73,11924566.0,2168509150.0,0.008923560472139833,False,002594,比亚迪
2024-02-19,188.51,190.02,186.42,188.12,11968707.0,2192419553.0,0.012786050877596867,False,002594,比亚迪
2024-02-20,188.12,188.31,181.46,183.53,11335736.0,2023820072.0,-0.024701915206466522,False,002594,比亚迪
2024-02-21,181.56,190.28,181.11,187.61,14769298.0,2700340931.0,0.02198719818513904,False,002594,比亚迪
2024-02-22,187.51,188.27,185.83,187.6,8090613.0,1476863326.0,-5.330348339540259e-05,False,002594,比亚迪
2024-02-23,187.6,188.63,185.39,187.28,9117490.0,1660682308.0,-0.0017072133894689278,False,002594,比亚迪
2024-02-26,190.69,194.92,190.22,190.69,15546076.0,2912982360.0,0.01804424966388023,False,002594,比亚迪
2024-02-27,192.17,198.82,191.92,198.58,20634265.0,3958101887.0,0.0405429687589126,False,002594,比亚迪
2024-02-28,200.94,201.47,192.74,192.74,16829153.0,3223632043.0,-0.029849911182306694,False,002594,比亚迪
2024-02-29,191.72,196.44,190.88,196.02,12236289.0,2323915657.0,0.016874564417892514,False,002594,比亚迪
2024-03-01,195.71,197.84,193.53,197.02,12215828.0,2336111334.0,0.005088551586499222,False,002594,比亚迪
2024-03-04,194.79,196.53,192.84,194.04,12686510.0,2401200046.0,-0.015240923050517347,False,002594,比亚迪
2024-03-05,192.22,196.48,190.17,195.63,14962443.0,2826124074.0,0.00816079669620493,False,002594,比亚迪
2024-03-06,194.79,197.84,193.76,196.48,10010040.0,1914828109.0,0.0043355248855569085,False,002594,比亚迪
2024-03-07,196.9,198.85,193.56,193.65,10132688.0,1935953172.0,-0.014508238998016388,False,002594,比亚迪
2024-03-08,193.04,194.94,191.97,192.83,6714968.0,1263993368.0,-0.004243434229247452,False,002594,比亚迪
2024-03-11,192.74,204.94,192.74,203.75,27808046.0,5440726383.0,0.05508478038945827,False,002594,比亚迪
2024-03-12,206.06,211.87,202.75,210.27,24502892.0,4958824423.0,0.031498667059371016,False,002594,比亚迪
2024-03-13,212.13,215.7,211.02,211.56,17781291.0,3691839469.0,0.006116227017436054,False,002594,比亚迪
2024-03-14,213.67,220.79,213.67,217.42,21135219.0,4497086170.0,0.027322320578075182,False,002594,比亚迪
2024-03-15,215.29,216.71,211.37,214.75,14662802.0,3057950744.0,-0.012356405911489489,False,002594,比亚迪
2024-03-18,217.19,223.75,216.94,223.52,19698182.0,4250885884.0,0.040026334644286996,False,002594,比亚迪
2024-03-19,223.52,225.39,219.79,222.26,14697268.0,3194716173.0,-0.005653027751151291,False,002594,比亚迪
2024-03-20,222.48,226.34,222.48,223.98,9680523.0,2118610339.0,0.007708894397047058,False,002594,比亚迪
2024-03-21,224.44,225.34,222.47,224.47,8866709.0,1938901108.0,0.0021853058089066394,False,002594,比亚迪
2024-03-22,224.47,224.49,220.62,222.42,10467161.0,2266796544.0,-0.009174581572758161,False,002594,比亚迪
2024-03-25,221.82,223.28,218.21,219.6,9910940.0,2133902462.0,-0.01275977675532033,False,002594,比亚迪
2024-03-26,221.44,225.53,220.69,225.13,13134627.0,2864082717.0,0.024870303497506966,False,002594,比亚迪
2024-03-27,225.14,225.24,215.3,217.32,18884898.0,4058093220.0,-0.03530709144956012,False,002594,比亚迪
2024-03-28,215.14,217.18,211.2,213.63,15943531.0,3327175192.0,-0.017125375021179272,False,002594,比亚迪
2024-03-29,213.68,213.77,206.24,208.18,14138108.0,2873380486.0,-0.025842456574820677,False,002594,比亚迪
2024-04-01,208.18,218.35,208.18,217.35,14290927.0,2995671851.0,0.04310586734747872,False,002594,比亚迪
2024-04-02,217.35,222.77,217.14,217.69,10758479.0,2301699126.0,0.001563074978043808,False,002594,比亚迪
2024-04-03,215.8,216.43,212.78,213.4,8363379.0,1747159207.0,-0.019903693545191916,False,002594,比亚迪
2024-04-08,212.22,220.42,211.59,217.34,12822718.0,2722271578.0,0.018294608767052585,False,002594,比亚迪
2024-04-09,217.09,220.41,216.67,217.42,8420846.0,1791256313.0,0.00036801914114879125,False,002594,比亚迪
2024-04-10,219.7,219.9,215.29,217.18,7241085.0,1537375543.0,-0.0011044639870998636,False,002594,比亚迪
2024-04-11,214.27,220.87,213.04,218.35,10085395.0,2130444828.0,0.005372777142815409,False,002594,比亚迪
2024-04-12,217.34,222.66,214.82,215.91,11491789.0,2453371047.0,-0.011237625743747376,False,002594,比亚迪
2024-04-15,215.29,220.93,214.36,219.0,11333192.0,2418635357.0,0.014210075628678327,False,002594,比亚迪
2024-04-16,217.75,220.78,216.02,216.96,9832304.0,2090984650.0,-0.009358725064470056,False,002594,比亚迪
2024-04-17,216.32,218.55,214.88,218.37,9692162.0,2046775945.0,0.006477867046245412,False,002594,比亚迪
2024-04-18,217.34,221.95,214.68,218.98,13399756.0,2863779538.0,0.0027895296470025247,False,002594,比亚迪
2024-04-19,217.54,218.23,212.28,215.42,11177043.0,2342512356.0,-0.016390790522654707,False,002594,比亚迪
2024-04-22,215.29,216.86,213.34,213.81,6469478.0,1353615963.0,-0.007501840740735,False,002594,比亚迪
2024-04-23,213.8,213.81,209.13,210.21,8729994.0,1793533843.0,-0.01698073913133678,False,002594,比亚迪
2024-04-24,212.1,214.06,209.65,212.65,7497892.0,1546983916.0,0.01154059064909041,False,002594,比亚迪
2024-04-25,212.63,216.84,211.83,214.2,9468384.0,1980120669.0,0.007262536314005727,False,002594,比亚迪
2024-04-26,215.29,225.3,215.29,224.9,25345378.0,5502292294.0,0.048745700951621646,False,002594,比亚迪
2024-04-29,226.65,231.08,224.24,226.96,19167593.0,4256800048.0,0.009117931535325986,False,002594,比亚迪
2024-04-30,229.13,230.03,224.01,224.01,11555966.0,2542063035.0,-0.013083096784875965,False,002594,比亚迪
2024-05-06,230.67,234.14,229.13,232.0,18677887.0,4226418539.0,0.035046677950589945,False,002594,比亚迪
2024-05-07,232.0,237.84,229.68,235.67,14419048.0,3301364340.0,0.015695149733693858,False,002594,比亚迪
2024-05-08,234.3,234.65,231.69,231.93,9113178.0,2070673827.0,-0.015996919399510617,False,002594,比亚迪
2024-05-09,232.0,234.15,231.85,233.9,7900735.0,1796491173.0,0.008458071589640227,False,002594,比亚迪
2024-05-10,232.72,235.3,231.69,233.54,8061330.0,1833828036.0,-0.0015403049425646111,False,002594,比亚迪
2024-05-13,230.87,233.09,228.19,231.39,8248116.0,1857506899.0,-0.009248770033551346,False,002594,比亚迪
2024-05-14,231.4,233.3,229.76,230.58,6261853.0,1414943425.0,-0.003506724809209855,False,002594,比亚迪
2024-05-15,230.16,231.69,223.8,224.66,9973351.0,2204936673.0,-0.02600972559138443,False,002594,比亚迪
2024-05-16,224.67,225.5,222.07,223.81,8715722.0,1901165662.0,-0.0037906705813851665,False,002594,比亚迪
2024-05-17,224.92,225.88,223.14,225.12,7148666.0,1564639158.0,0.00583611573404087,False,002594,比亚迪
2024-05-20,223.98,229.64,223.98,228.49,7595857.0,1688534368.0,0.01485885233437397,False,002594,比亚迪
2024-05-21,227.57,227.58,222.9,224.29,8408043.0,1838619341.0,-0.018552588315718734,False,002594,比亚迪
2024-05-22,223.69,225.03,220.58,222.39,8839817.0,1916325810.0,-0.008507260047996304,False,002594,比亚迪
2024-05-23,221.29,221.29,218.89,220.37,6228723.0,1336506237.0,-0.009124645475072886,False,002594,比亚迪
2024-05-24,219.37,219.39,214.06,214.57,10287552.0,2166851356.0,-0.02667192640467545,False,002594,比亚迪
2024-05-27,215.29,216.11,211.81,213.6,7604551.0,1580461907.0,-0.004530918370949946,False,002594,比亚迪
2024-05-28,214.06,214.17,211.78,212.6,6094646.0,1265112511.0,-0.004692641178192175,False,002594,比亚迪
2024-05-29,216.32,231.69,216.31,230.36,30264777.0,6633165251.0,0.08023083673062424,False,002594,比亚迪
2024-05-30,230.07,235.16,229.54,233.6,22379181.0,5070762671.0,0.013966948315600329,False,002594,比亚迪
2024-05-31,234.56,237.44,232.71,234.79,18542984.0,4264400522.0,0.005081246655094145,False,002594,比亚迪
2024-06-03,234.78,246.54,231.68,243.07,27014589.0,6370453739.0,0.034657970092004976,False,002594,比亚迪
2024-06-04,242.87,245.84,241.89,244.15,15742916.0,3744672010.0,0.004433322806498203,False,002594,比亚迪
2024-06-05,244.49,252.51,244.49,246.86,19443395.0,4732184009.0,0.011038583808113352,False,002594,比亚迪
2024-06-06,247.28,249.94,243.48,244.51,17586542.0,4227834836.0,-0.00956516644172884,False,002594,比亚迪
2024-06-07,245.05,247.47,237.98,241.43,18259398.0,4304211409.0,-0.01267663186999098,False,002594,比亚迪
2024-06-11,240.54,252.2,240.23,250.79,22159693.0,5386278076.0,0.0380363595514837,False,002594,比亚迪
2024-06-12,247.72,253.79,247.72,249.02,18733197.0,4573251957.0,-0.0070827210312799935,False,002594,比亚迪
2024-06-13,255.07,264.79,254.36,259.36,29251928.0,7423395270.0,0.040683843463099605,False,002594,比亚迪
2024-06-14,257.82,260.33,252.74,259.43,20260976.0,5066109117.0,0.0002698587113274118,False,002594,比亚迪
2024-06-17,258.35,266.42,257.19,263.69,20864880.0,5371512600.0,0.01628725406056951,False,002594,比亚迪
2024-06-18,262.04,263.78,259.37,262.08,12878911.0,3282495367.0,-0.006124370094558487,False,002594,比亚迪
2024-06-19,262.45,264.5,259.79,260.4,9910811.0,2529117364.0,-0.0064308903302904025,False,002594,比亚迪
2024-06-20,259.25,260.16,255.58,257.84,11619994.0,2921098948.0,-0.009879672827231739,False,002594,比亚迪
2024-06-21,258.34,260.78,254.05,256.99,11633012.0,2916085594.0,-0.0033020638748324374,False,002594,比亚迪
2024-06-24,256.3,260.38,254.02,256.24,10842302.0,2719528810.0,-0.0029226683314470953,False,002594,比亚迪
2024-06-25,258.35,265.26,256.67,260.41,19574643.0,4998561939.0,0.016142806753913334,False,002594,比亚迪
2024-06-26,258.35,260.71,255.66,259.09,11191676.0,2814435214.0,-0.00508182036857607,False,002594,比亚迪
2024-06-27,257.34,258.72,254.68,255.79,8291084.0,2074271452.0,-0.012818696347089204,False,002594,比亚迪
2024-06-28,254.25,258.48,253.1,256.56,9298207.0,2324520984.0,0.0030057600457486866,False,002594,比亚迪
2024-07-01,256.56,258.2,248.61,253.02,12927332.0,3179627870.0,-0.013894018398375976,False,002594,比亚迪
2024-07-02,253.09,253.94,249.17,250.12,10262737.0,2515326295.0,-0.01152773428742637,False,002594,比亚迪
2024-07-03,250.11,251.56,246.05,249.22,9657403.0,2340645421.0,-0.00360476218437572,False,002594,比亚迪
2024-07-04,251.17,255.98,250.66,250.79,9919634.0,2449191851.0,0.006279895040825098,False,002594,比亚迪
2024-07-05,249.3,250.66,244.9,248.13,9566478.0,2308221433.0,-0.010663133183621746,False,002594,比亚迪
2024-07-08,247.89,254.47,247.26,251.16,10537466.0,2591239967.0,0.01213738387398398,False,002594,比亚迪
2024-07-09,251.38,259.9,247.59,258.96,14076255.0,3506898661.0,0.030583423372080185,False,002594,比亚迪
2024-07-10,258.85,262.99,257.84,258.86,10928256.0,2767913672.0,-0.00038623460369672,False,002594,比亚迪
2024-07-11,261.42,262.72,258.02,259.44,10035945.0,2546645362.0,0.0022380869847703037,False,002594,比亚迪
2024-07-12,259.91,270.65,258.24,269.24,18886322.0,4891988725.0,0.037077713143449764,False,002594,比亚迪
2024-07-15,268.91,271.47,267.18,268.3,9871552.0,2590423502.0,-0.003497417710933893,False,002594,比亚迪
2024-07-16,267.18,268.81,262.81,265.52,11758768.0,3043326156.0,-0.010415590019859436,False,002594,比亚迪
2024-07-17,265.53,268.11,263.09,266.05,10519171.0,2726321475.0,0.001994093630659147,False,002594,比亚迪
2024-07-18,264.4,269.52,264.0,268.02,9532204.0,2487441704.0,0.007377343549703853,False,002594,比亚迪
2024-07-19,267.06,272.7,266.28,270.71,13621379.0,3593320512.0,0.009986532609252679,False,002594,比亚迪
2024-07-22,270.75,276.91,270.75,272.3,10074955.0,2688874276.0,0.005856262478378987,False,002594,比亚迪
2024-07-23,271.67,272.1,259.37,259.61,16741049.0,4318283785.0,-0.047723894790453344,False,002594,比亚迪
2024-07-24,259.61,261.58,254.75,256.29,11864005.0,2976544505.0,-0.01287088905762356,False,002594,比亚迪
2024-07-25,256.27,260.95,253.74,256.7,10110420.0,2533958369.0,0.0015984720454576982,False,002594,比亚迪
2024-07-26,259.34,264.12,257.48,261.37,12484165.0,3180235007.0,0.018028940085669135,False,002594,比亚迪
2024-07-29,262.49,262.56,255.9,258.52,7885932.0,1960649994.0,-0.010963967568069154,False,002594,比亚迪
2024-07-30,256.95,257.17,250.75,253.13,11039339.0,2686057414.0,-0.021069869642560968,False,002594,比亚迪
2024-07-31,251.78,257.4,251.74,256.39,8749003.0,2153504528.0,0.012796531973738137,False,002594,比亚迪
2024-08-01,257.38,258.14,249.07,253.43,10363488.0,2519341335.0,-0.011612071948968631,False,002594,比亚迪
2024-08-02,251.14,251.42,243.47,243.66,14567117.0,3453944603.0,-0.03931383985064187,False,002594,比亚迪
2024-08-05,239.57,245.62,238.71,239.92,10526835.0,2457359662.0,-0.01546827648550785,False,002594,比亚迪
2024-08-06,242.85,243.49,234.52,237.6,12910151.0,2955783827.0,-0.009716946952263755,False,002594,比亚迪
2024-08-07,237.7,239.73,235.03,237.61,8202186.0,1882919963.0,4.208665643192698e-05,False,002594,比亚迪
2024-08-08,236.41,236.41,231.95,235.01,8535741.0,1925911439.0,-0.0110026077146348,False,002594,比亚迪
2024-08-09,236.68,244.8,236.66,240.38,11985218.0,2790790707.0,0.022592938094355912,False,002594,比亚迪
2024-08-12,240.78,242.32,238.18,239.11,5377901.0,1242071532.0,-0.005297307430132383,False,002594,比亚迪
2024-08-13,239.07,239.1,234.54,237.38,6043650.0,1378452593.0,-0.0072614644661513255,False,002594,比亚迪
2024-08-14,237.24,237.24,233.71,235.17,5632985.0,1276584732.0,-0.00935357575961871,False,002594,比亚迪
2024-08-15,235.14,241.29,233.38,240.24,8854538.0,2039684342.0,0.021329766806334347,False,002594,比亚迪
2024-08-16,240.88,247.33,239.21,244.0,10221858.0,2406276094.0,0.015529801618127056,False,002594,比亚迪
2024-08-19,244.14,248.01,243.89,244.32,7018242.0,1662452527.0,0.0013106161771203756,False,002594,比亚迪
2024-08-20,244.92,246.3,242.25,245.42,6248422.0,1475807676.0,0.004492187078079359,False,002594,比亚迪
2024-08-21,243.53,252.32,240.77,250.11,11104338.0,2658947674.0,0.018929792542230053,False,002594,比亚迪
2024-08-22,250.11,251.95,248.68,249.61,6248845.0,1506260848.0,-0.0020011212953396965,False,002594,比亚迪
2024-08-23,248.87,250.42,247.15,248.39,4978602.0,1193437030.0,-0.004899608195282554,False,002594,比亚迪
2024-08-26,248.55,252.19,246.7,248.46,5651342.0,1354660288.0,0.0002817751855214936,False,002594,比亚迪
2024-08-27,246.49,250.4,245.44,249.9,5092646.0,1219258016.0,0.005778971055375816,False,002594,比亚迪
2024-08-28,249.35,249.36,241.6,245.8,8904070.0,2098577190.0,-0.016542640708972257,False,002594,比亚迪
2024-08-29,242.15,245.44,240.04,243.73,7938487.0,1858678051.0,-0.008457141902419803,False,002594,比亚迪
2024-08-30,246.98,261.31,246.23,258.85,19302792.0,4764660206.0,0.0601876881183959,False,002594,比亚迪
2024-09-02,257.4,259.89,250.11,250.21,10113482.0,2468600915.0,-0.03394817808822032,False,002594,比亚迪
2024-09-03,249.49,256.8,249.49,256.42,10181990.0,2497421913.0,0.024516159864864658,False,002594,比亚迪
2024-09-04,254.78,261.42,254.72,259.78,10060596.0,2506778351.0,0.0130183938545831,False,002594,比亚迪
2024-09-05,259.45,265.26,259.04,262.41,10012555.0,2542189363.0,0.010073047120735538,False,002594,比亚迪
2024-09-06,262.42,264.74,260.92,261.11,7814152.0,1982245013.0,-0.004966391626090868,False,002594,比亚迪
2024-09-09,258.91,263.56,257.98,259.43,7085126.0,1774845244.0,-0.006454857775088966,False,002594,比亚迪
2024-09-10,259.45,262.36,258.02,259.09,6124829.0,1533462724.0,-0.0013114250124535648,False,002594,比亚迪
2024-09-11,259.45,270.45,258.87,267.86,15536148.0,4001603969.0,0.033288964272736074,False,002594,比亚迪
2024-09-12,268.48,269.83,266.72,266.73,7725108.0,1995755899.0,-0.004227545157818771,False,002594,比亚迪
2024-09-13,266.92,267.75,264.48,264.63,5699161.0,1458587906.0,-0.007904286862372155,False,002594,比亚迪
2024-09-18,264.66,269.13,263.71,268.2,6681981.0,1715595538.0,0.013400346908792778,False,002594,比亚迪
2024-09-19,268.8,269.19,262.88,265.01,9104323.0,2326365319.0,-0.011965409724278616,False,002594,比亚迪
2024-09-20,265.03,268.58,262.44,265.78,8989793.0,2292829765.0,0.002901337780061931,False,002594,比亚迪
2024-09-23,265.63,266.67,258.2,259.45,10758273.0,2712153560.0,-0.024104893089613028,False,002594,比亚迪
2024-09-24,262.56,265.16,256.09,263.9,15649454.0,3949080823.0,0.017006237695529672,False,002594,比亚迪
2024-09-25,267.75,279.85,267.4,272.74,20571034.0,5442651982.0,0.03294871692040969,False,002594,比亚迪
2024-09-26,273.98,279.9,272.01,279.8,14906641.0,3960197854.0,0.02555610180169299,False,002594,比亚迪
2024-09-27,283.32,303.03,281.76,294.73,30992240.0,8683447958.0,0.0519846207702493,False,002594,比亚迪
2024-09-30,300.96,319.73,300.96,318.93,38880459.0,11640545413.0,0.07891195996699332,False,002594,比亚迪
2024-10-08,350.82,350.82,318.93,339.76,44343939.0,14484952068.0,0.06326784303639217,False,002594,比亚迪
2024-10-09,326.91,332.83,311.86,317.25,32591858.0,10166970123.0,-0.06854937941051861,False,002594,比亚迪
2024-10-10,321.72,334.17,321.7,327.83,25016687.0,7918647496.0,0.03280507474664004,False,002594,比亚迪
2024-10-11,325.89,325.89,307.2,311.39,18641849.0,5671879377.0,-0.05144903549476713,False,002594,比亚迪
2024-10-14,312.37,321.7,311.55,318.61,17236482.0,5268100405.0,0.022921638456529576,False,002594,比亚迪
2024-10-15,317.05,320.04,309.27,309.27,12214902.0,3695577335.0,-0.02975310252649647,False,002594,比亚迪
2024-10-16,304.08,307.17,297.85,300.75,15032187.0,4362898827.0,-0.027935326921614715,False,002594,比亚迪
2024-10-17,303.57,309.11,300.05,300.36,10245654.0,3005198740.0,-0.0012975996231050077,False,002594,比亚迪
2024-10-18,300.39,317.78,298.97,311.65,19109242.0,5674148205.0,0.03689900802317628,False,002594,比亚迪
2024-10-21,314.45,320.27,312.28,318.04,15781602.0,4819617233.0,0.020296397778423354,False,002594,比亚迪
2024-10-22,316.53,321.84,314.45,316.27,10373266.0,3174859559.0,-0.005580881884467918,False,002594,比亚迪
2024-10-23,316.27,323.59,314.12,320.56,12669500.0,3911383612.0,0.013473187179074414,False,002594,比亚迪
2024-10-24,320.56,321.69,314.02,315.16,9688514.0,2959755261.0,-0.016989019950401738,False,002594,比亚迪
2024-10-25,315.49,323.59,315.49,319.79,13982037.0,4306245201.0,0.014584083989999375,False,002594,比亚迪
2024-10-28,320.68,320.68,313.16,316.63,10932439.0,3323177977.0,-0.009930630618812943,False,002594,比亚迪
2024-10-29,320.68,322.01,315.29,316.95,11854561.0,3635542203.0,0.0010101329815013348,False,002594,比亚迪
2024-10-30,314.45,319.14,312.9,317.1,10844820.0,3301164357.0,0.000473148814126439,False,002594,比亚迪
2024-10-31,313.43,314.44,304.08,304.27,24085199.0,7127704551.0,-0.04130171642218813,False,002594,比亚迪
2024-11-01,304.28,306.78,301.07,301.29,14304086.0,4174457395.0,-0.009842209048756163,False,002594,比亚迪
2024-11-04,307.19,320.6,306.79,318.59,21731889.0,6600399617.0,0.05583175359047563,False,002594,比亚迪
2024-11-05,315.55,320.1,311.86,319.13,16781998.0,5124245709.0,0.0016935336168303796,False,002594,比亚迪
2024-11-06,319.64,321.46,309.27,311.72,18486120.0,5611830834.0,-0.0234931943053031,False,002594,比亚迪
2024-11-07,306.18,313.29,305.11,313.19,15067592.0,4484370172.0,0.004704686151358732,False,002594,比亚迪
2024-11-08,318.73,319.15,308.23,309.16,16671572.0,5022195686.0,-0.012951092888048566,False,002594,比亚迪
2024-11-11,306.15,310.79,303.66,310.6,18085930.0,5349190917.0,0.004646968475916476,False,002594,比亚迪
2024-11-12,311.5,321.72,310.63,312.18,24655746.0,7520312654.0,0.005074033815680493,False,002594,比亚迪
2024-11-13,309.27,312.72,306.46,311.93,14511579.0,4326957544.0,-0.0008011408673836324,False,002594,比亚迪
2024-11-14,311.34,311.65,305.11,305.89,12458290.0,3690676831.0,-0.019553243462075782,False,002594,比亚迪
2024-11-15,305.93,306.97,298.91,300.96,15323594.0,4471450174.0,-0.016248194648087667,False,002594,比亚迪
2024-11-18,300.97,304.02,297.5,299.59,11620595.0,3364288894.0,-0.0045624923038244175,False,002594,比亚迪
2024-11-19,299.59,302.5,292.68,298.88,13194669.0,3785016710.0,-0.0023727182084180435,False,002594,比亚迪
2024-11-20,298.9,301.38,296.29,299.37,10601693.0,3049973686.0,0.001638111523853099,False,002594,比亚迪
2024-11-21,299.38,299.4,294.74,296.81,9553294.0,2727230001.0,-0.008588063116320582,False,002594,比亚迪
2024-11-22,296.29,296.67,288.51,289.02,12514178.0,3529973029.0,-0.026596313577826006,False,002594,比亚迪
2024-11-25,293.7,300.3,291.51,293.7,17453315.0,4981714332.0,0.016062948334389895,False,002594,比亚迪
2024-11-26,290.59,296.81,288.39,291.63,9520645.0,2686423189.0,-0.007072962703487076,False,002594,比亚迪
2024-11-27,289.84,291.62,287.47,291.62,11000281.0,3068303752.0,-3.429061294798396e-05,False,002594,比亚迪
2024-11-28,291.83,292.2,283.32,284.96,15858922.0,4365779157.0,-0.02310276534678778,False,002594,比亚迪
2024-11-29,283.32,288.39,282.33,285.22,12800460.0,3516186179.0,0.0009119927672696647,False,002594,比亚迪
2024-12-02,287.07,294.74,284.44,293.08,15135721.0,4255616768.0,0.02718479698314206,False,002594,比亚迪
2024-12-03,295.57,296.69,291.19,293.34,9144971.0,2585320048.0,0.0008867365268459553,False,002594,比亚迪
2024-12-04,291.98,294.04,289.34,290.56,8501286.0,2389151937.0,-0.009522250405680594,False,002594,比亚迪
2024-12-05,287.67,289.01,284.68,285.67,9026771.0,2486214937.0,-0.0169727969399008,False,002594,比亚迪
2024-12-06,286.09,292.64,284.37,290.88,12469840.0,3469413045.0,0.01807351251608638,False,002594,比亚迪
2024-12-09,289.79,294.73,288.18,291.09,9215268.0,2590143544.0,0.0007216867162035982,False,002594,比亚迪
2024-12-10,304.08,305.11,292.66,293.23,17592915.0,5057037511.0,0.007324786308939229,False,002594,比亚迪
2024-12-11,292.69,294.6,289.96,291.38,9335988.0,2623997226.0,-0.006329026788407083,False,002594,比亚迪
2024-12-12,290.69,294.4,288.92,294.4,10013395.0,2816818035.0,0.010311129628871304,False,002594,比亚迪
2024-12-13,291.97,292.27,286.87,286.96,11235863.0,3130392699.0,-0.025596553630694043,False,002594,比亚迪
2024-12-16,286.97,288.7,283.92,285.34,7149026.0,1967314539.0,-0.005661381537358829,False,002594,比亚迪
2024-12-17,285.31,296.46,284.34,293.49,17568207.0,4960329886.0,0.02816211545077886,False,002594,比亚迪
2024-12-18,293.96,297.73,293.31,295.41,8410638.0,2397657885.0,0.006520654790373404,False,002594,比亚迪
2024-12-19,292.46,297.79,290.59,296.19,8672852.0,2465377214.0,0.00263691836364746,False,002594,比亚迪
2024-12-20,295.78,297.59,290.79,290.79,9670711.0,2730666917.0,-0.01839978311884165,False,002594,比亚迪
2024-12-23,291.1,294.0,289.42,291.31,8151596.0,2291275853.0,0.001786635074120526,False,002594,比亚迪
2024-12-24,290.47,299.42,289.68,299.32,14228738.0,4072070488.0,0.027125242965410783,False,002594,比亚迪
2024-12-25,299.65,302.37,296.5,296.73,8339103.0,2405517152.0,-0.008690600792298624,False,002594,比亚迪
2024-12-26,296.73,297.64,294.74,295.63,6760455.0,1928774414.0,-0.003713961997451353,False,002594,比亚迪
2024-12-27,297.64,298.42,293.7,297.1,7868319.0,2249658028.0,0.004960110046154331,False,002594,比亚迪
2024-12-30,298.06,300.44,294.04,295.76,8294681.0,2371257354.0,-0.004520467840185635,False,002594,比亚迪
2024-12-31,295.77,297.33,292.66,293.35,7761976.0,2201903440.0,-0.008181879256507494,False,002594,比亚迪
2025-01-02,293.7,293.78,279.61,281.35,16878404.0,4624073918.0,-0.04176698949258087,False,002594,比亚迪
2025-01-03,281.76,284.97,278.38,280.96,9936476.0,2693072230.0,-0.0013871354325362645,False,002594,比亚迪
2025-01-06,282.22,284.24,279.2,281.54,8244683.0,2236590144.0,0.002062222953067574,False,002594,比亚迪
2025-01-07,281.54,288.23,277.61,284.39,9572218.0,2627167273.0,0.010072002167055175,False,002594,比亚迪
2025-01-08,283.31,284.35,275.86,279.36,10908247.0,2933447142.0,-0.017845262915637185,False,002594,比亚迪
2025-01-09,279.17,281.97,276.74,279.57,6561288.0,1766873664.0,0.0007514358144363136,False,002594,比亚迪
2025-01-10,279.17,280.61,274.79,276.08,8054821.0,2147363100.0,-0.01256202967592584,False,002594,比亚迪
2025-01-13,272.94,278.62,272.12,276.06,6721375.0,1787448697.0,-7.244539431566637e-05,False,002594,比亚迪
2025-01-14,276.41,287.63,276.07,286.75,12578973.0,3438827617.0,0.03799252261404776,False,002594,比亚迪
2025-01-15,286.64,287.79,284.88,285.07,6233583.0,1718769123.0,-0.00587599186393084,False,002594,比亚迪
2025-01-16,285.09,287.81,280.76,283.07,7257175.0,1984685718.0,-0.007040547264914101,False,002594,比亚迪
2025-01-17,283.86,289.76,282.78,287.06,8614153.0,2376770800.0,0.013997036262599192,False,002594,比亚迪
2025-01-20,289.55,297.26,289.46,295.18,13579709.0,3863727458.0,0.02789408661039557,False,002594,比亚迪
2025-01-21,295.77,298.3,293.7,296.86,7644144.0,2184132797.0,0.00567530744298918,False,002594,比亚迪
2025-01-22,295.77,297.12,290.38,293.18,8105689.0,2287303620.0,-0.012473892334733932,False,002594,比亚迪
2025-01-23,295.75,295.77,287.47,287.59,9617392.0,2690601164.0,-0.019250900134105485,False,002594,比亚迪
2025-01-24,286.96,291.1,286.43,289.63,6814367.0,1898979251.0,0.007068391578808975,False,002594,比亚迪
2025-01-27,289.64,290.71,284.88,284.88,6340768.0,1755529340.0,-0.016536207337066282,False,002594,比亚迪
2025-02-05,293.42,297.59,292.25,293.49,14535090.0,4128876836.0,0.029775528167924885,False,002594,比亚迪
2025-02-06,293.5,322.84,293.13,322.84,38145868.0,11416508784.0,0.09531327731872433,False,002594,比亚迪
2025-02-07,332.1,342.48,325.87,339.26,48707526.0,15691989048.0,0.049609930611405284,False,002594,比亚迪
2025-02-10,339.27,344.55,333.74,342.61,27271140.0,8908518537.0,0.009825998954550292,False,002594,比亚迪
2025-02-11,352.13,353.17,338.33,342.37,28036356.0,9315885530.0,-0.0007007504155479916,False,002594,比亚迪
2025-02-12,339.88,360.06,334.85,358.09,27935722.0,9451048634.0,0.04489232784732367,False,002594,比亚迪
2025-02-13,354.1,359.44,352.33,354.2,19983985.0,6859997621.0,-0.010922626105169557,False,002594,比亚迪
2025-02-14,354.43,373.19,354.43,369.51,24364461.0,8574633633.0,0.042316078272769474,False,002594,比亚迪
2025-02-17,369.51,372.36,357.52,361.68,23201509.0,8111345839.0,-0.021417960635152836,False,002594,比亚迪
2025-02-18,364.68,377.22,362.03,369.69,25179738.0,8977762526.0,0.02190497363179182,False,002594,比亚迪
2025-02-19,366.88,373.61,366.35,372.05,16191782.0,5784129670.0,0.006363437225128795,False,002594,比亚迪
2025-02-20,377.22,381.56,371.74,376.49,15693717.0,5695876655.0,0.011863232618976953,False,002594,比亚迪
2025-02-21,379.84,401.11,379.04,397.48,23929245.0,9089497618.0,0.05425313190091541,False,002594,比亚迪
2025-02-24,399.55,403.35,387.6,390.51,19940747.0,7586289374.0,-0.017691041216683957,False,002594,比亚迪
2025-02-25,383.99,394.37,382.75,386.57,16110252.0,6008878409.0,-0.010140612969387347,False,002594,比亚迪
2025-02-26,386.57,390.01,378.8,386.17,13852896.0,5125594765.0,-0.0010352771584921357,False,002594,比亚迪
2025-02-27,396.44,398.51,385.04,389.7,16844614.0,6350435990.0,0.009099525326064393,False,002594,比亚迪
2025-02-28,385.13,388.94,372.58,375.5,23930429.0,8762214822.0,-0.037118741140474025,False,002594,比亚迪
2025-03-03,382.95,383.99,371.32,373.83,15207822.0,5524500397.0,-0.004457322581303576,False,002594,比亚迪
2025-03-04,352.88,361.16,350.81,357.88,26345330.0,9062924960.0,-0.04360341394349067,False,002594,比亚迪
2025-03-05,360.12,368.62,360.12,367.34,13906886.0,4885879812.0,0.026090115020993596,False,002594,比亚迪
2025-03-06,373.8,375.86,370.5,372.5,11460099.0,4120637645.0,0.013949188119225298,False,002594,比亚迪
2025-03-07,372.47,374.65,368.67,369.87,8758413.0,3131517605.0,-0.007085445271043137,False,002594,比亚迪
2025-03-10,369.35,370.9,362.19,364.27,9917660.0,3484351089.0,-0.015256241636752687,False,002594,比亚迪
2025-03-11,358.04,365.07,357.92,363.63,9536997.0,3314689326.0,-0.0017584837612880909,False,002594,比亚迪
2025-03-12,367.85,373.49,364.27,364.27,12951056.0,4593312533.0,0.0017584837612880685,False,002594,比亚迪
2025-03-13,365.17,370.87,364.4,367.9,10221085.0,3624758941.0,0.009915811198910322,False,002594,比亚迪
2025-03-14,370.5,391.44,369.06,390.15,22469718.0,8292987454.0,0.05872011845204152,False,002594,比亚迪
2025-03-17,396.77,397.48,390.17,394.63,13306887.0,5060211613.0,0.011417336491691094,False,002594,比亚迪
2025-03-18,403.24,404.74,394.38,399.11,17333878.0,6672881109.0,0.011288451063169074,False,002594,比亚迪
2025-03-19,399.07,414.08,397.0,412.08,18835150.0,7404859765.0,0.031980437139699426,False,002594,比亚迪
2025-03-20,415.12,418.65,410.96,415.11,15941284.0,6372989565.0,0.007326040092072881,False,002594,比亚迪
2025-03-21,407.87,408.18,383.99,386.06,28210676.0,10685254371.0,-0.07255074754967357,False,002594,比亚迪
2025-03-24,391.25,392.81,381.77,389.55,14789405.0,5522974120.0,0.008999428977138095,False,002594,比亚迪
2025-03-25,392.27,393.95,382.93,383.56,12308536.0,4595791802.0,-0.015496164491386733,False,002594,比亚迪
2025-03-26,383.56,393.33,381.91,390.23,12020484.0,4503762855.0,0.017240246597544605,False,002594,比亚迪
2025-03-27,390.32,406.07,390.31,401.11,14439437.0,5554865371.0,0.027499395020742994,False,002594,比亚迪
2025-03-28,401.11,405.57,395.92,396.96,11493982.0,4428715749.0,-0.010400183960277209,False,002594,比亚迪
2025-03-31,394.37,397.77,388.14,389.07,11578391.0,4370400299.0,-0.020076243927731104,False,002594,比亚迪
2025-04-01,392.05,392.16,378.13,379.32,15407199.0,5663384880.0,-0.02537910000023311,False,002594,比亚迪
2025-04-02,378.8,379.49,372.45,374.13,11710041.0,4226638863.0,-0.013776845414761246,False,002594,比亚迪
2025-04-03,368.94,375.2,367.65,371.03,10102322.0,3618676870.0,-0.008320408728836149,False,002594,比亚迪
2025-04-07,345.94,350.47,333.92,333.92,27349840.0,8911483834.0,-0.10538147854303873,False,002594,比亚迪
2025-04-08,333.92,348.58,330.02,339.89,27464351.0,8924529993.0,0.017720592522620603,False,002594,比亚迪
2025-04-09,331.89,340.4,325.52,336.87,21193856.0,6822376377.0,-0.00892493659895442,False,002594,比亚迪
2025-04-10,347.15,360.18,346.63,349.12,21089578.0,7165511481.0,0.03571860339214892,False,002594,比亚迪
2025-04-11,349.74,371.07,349.12,368.4,18994493.0,6621821827.0,0.05375360173644576,False,002594,比亚迪
2025-04-14,376.93,377.45,369.04,372.57,14206917.0,5115484103.0,0.011255635246899187,False,002594,比亚迪
2025-04-15,378.38,378.8,370.84,373.58,11651557.0,4195947009.0,0.0027072321031059916,False,002594,比亚迪
2025-04-16,370.1,370.5,361.26,365.46,13182793.0,4618462218.0,-0.021975337654708722,False,002594,比亚迪
2025-04-17,363.17,366.81,359.78,362.9,8528864.0,2985985219.0,-0.007029519857423638,False,002594,比亚迪
2025-04-18,361.05,361.05,357.0,359.08,7386013.0,2553879767.0,-0.010582109330536972,False,002594,比亚迪
2025-04-21,359.08,363.1,358.29,361.94,7495341.0,2609226235.0,0.007933247343567346,False,002594,比亚迪
2025-04-22,361.94,370.42,359.89,368.25,11212206.0,3956085869.0,0.017283603110684706,False,002594,比亚迪
2025-04-23,391.25,392.29,381.11,386.05,24792689.0,9216822110.0,0.047204839412085156,False,002594,比亚迪
2025-04-24,386.56,388.76,377.09,379.84,15089211.0,5557113199.0,-0.01621678333352164,False,002594,比亚迪
2025-04-25,383.99,389.49,382.02,384.85,13386942.0,4975314905.0,0.013103536559023361,False,002594,比亚迪
2025-04-28,381.01,381.01,370.04,373.61,17978320.0,6459136360.0,-0.029641175388568787,False,002594,比亚迪
2025-04-29,372.68,374.26,366.35,368.42,11898307.0,4237606410.0,-0.013988880867686631,False,002594,比亚迪
2025-04-30,368.32,368.35,362.51,366.44,13047947.0,4599074535.0,-0.005388794577063291,False,002594,比亚迪
2025-05-06,373.61,376.0,369.38,373.57,14829353.0,5326196143.0,0.019270606197612016,False,002594,比亚迪
2025-05-07,378.8,379.5,371.68,372.78,10883990.0,3937980382.0,-0.002116970040962443,False,002594,比亚迪
2025-05-08,370.0,375.66,369.15,372.86,8338169.0,2994908337.0,0.00021458076365818215,False,002594,比亚迪
2025-05-09,374.39,379.84,372.88,376.95,14372616.0,5218995471.0,0.010909538590395404,False,002594,比亚迪
2025-05-12,378.8,384.28,374.21,384.28,16137017.0,5890708994.0,0.01925890088382675,False,002594,比亚迪
2025-05-13,390.21,390.82,379.87,380.36,13177107.0,4874657844.0,-0.0102532808702942,False,002594,比亚迪
2025-05-14,380.36,387.21,377.1,387.21,13569307.0,5012059707.0,0.017849008843962393,False,002594,比亚迪
2025-05-15,387.1,399.55,383.24,391.04,20880137.0,7894571015.0,0.009842675027969811,False,002594,比亚迪
2025-05-16,389.21,405.77,387.7,403.88,22932794.0,8858484484.0,0.03230794759294433,False,002594,比亚迪
2025-05-19,402.67,402.67,391.25,397.28,16137281.0,6159126224.0,-0.016476482376263826,False,002594,比亚迪
2025-05-20,398.0,409.73,395.92,409.73,17209991.0,6705400029.0,0.03085708442267119,False,002594,比亚迪
2025-05-21,408.83,419.27,405.79,415.12,19947886.0,7967115092.0,0.013069228876956647,False,002594,比亚迪
2025-05-22,415.1,420.89,413.05,413.88,14636280.0,5868800084.0,-0.0029915583227343896,False,002594,比亚迪
2025-05-23,414.08,432.74,413.18,420.31,23557418.0,9627525188.0,0.015416457520429189,False,002594,比亚迪
2025-05-26,417.0,418.24,394.37,395.4,30955063.0,12014228946.0,-0.061094623520662625,False,002594,比亚迪
2025-05-27,390.09,395.4,382.83,386.49,23027544.0,8594833865.0,-0.022791916264973427,False,002594,比亚迪
2025-05-28,386.49,387.05,375.76,376.6,17775388.0,6513230209.0,-0.025922378248491015,False,002594,比亚迪
2025-05-29,373.18,379.84,368.5,374.78,19206113.0,6942900395.0,-0.004844429075532443,False,002594,比亚迪
2025-05-30,370.52,372.36,364.58,365.62,19055991.0,6733498591.0,-0.024744644468580542,False,002594,比亚迪
2025-06-03,364.53,371.52,362.19,369.46,18189270.0,6453885813.0,0.010447937451552185,False,002594,比亚迪
2025-06-04,373.09,378.09,371.69,374.15,14690410.0,5311224037.0,0.012614306395876254,False,002594,比亚迪
2025-06-05,376.09,376.45,369.49,374.39,10861275.0,3908084318.0,0.0006412483186575619,False,002594,比亚迪
2025-06-06,374.65,376.08,371.02,373.57,8969768.0,3228098168.0,-0.002192631500405254,False,002594,比亚迪
2025-06-09,369.58,369.88,358.16,361.3,25509134.0,8932441523.0,-0.033396765191025364,False,002594,比亚迪
2025-06-10,362.82,368.42,361.39,366.48,17178588.0,6042960183.0,0.014235311424892207,False,002594,比亚迪
2025-06-11,367.39,379.82,367.39,375.68,20310674.0,7326544794.0,0.024793767621190312,False,002594,比亚迪
2025-06-12,373.5,373.5,366.36,366.59,14404696.0,5117764844.0,-0.024493659852967364,False,002594,比亚迪
2025-06-13,362.71,363.14,354.4,359.08,21023987.0,7256548254.0,-0.02069885245822186,False,002594,比亚迪
2025-06-16,359.07,360.16,353.68,357.45,10228405.0,3508947839.0,-0.0045497126756268306,False,002594,比亚迪
2025-06-17,357.0,359.5,355.34,356.74,7004530.0,2408912944.0,-0.001988267082703492,False,002594,比亚迪
2025-06-18,355.78,362.4,354.9,360.07,10289697.0,3565398002.0,0.009291231862572066,False,002594,比亚迪
2025-06-19,357.04,358.34,353.22,353.37,10038121.0,3437688887.0,-0.01878279035392653,False,002594,比亚迪
2025-06-20,352.88,355.94,352.65,353.11,7353816.0,2507526430.0,-0.0007360435164140743,False,002594,比亚迪
2025-06-23,349.58,352.55,346.21,350.99,9459334.0,3185477391.0,-0.006021890090861478,False,002594,比亚迪
2025-06-24,354.13,359.29,354.13,356.36,14471259.0,4979495319.0,0.01518372282091593,False,002594,比亚迪
2025-06-25,359.07,362.95,355.99,362.47,12573827.0,4352301720.0,0.01700025639691313,False,002594,比亚迪
2025-06-26,357.33,357.33,349.56,350.2,20493214.0,6967640374.0,-0.03443729239760487,False,002594,比亚迪
2025-06-27,346.63,349.45,346.05,346.88,13861749.0,4633461708.0,-0.009525521040524803,False,002594,比亚迪
2025-06-30,346.88,346.88,341.01,344.46,14400344.0,4768270278.0,-0.0070009254036262555,False,002594,比亚迪
2025-07-01,342.79,345.95,341.22,343.87,8851804.0,2931303337.0,-0.001714294435782915,False,002594,比亚迪
2025-07-02,344.55,346.48,341.37,343.16,9327011.0,3083342650.0,-0.002066868267052874,False,002594,比亚迪
2025-07-03,343.49,347.92,343.17,347.21,12349781.0,4123732531.0,0.01173297350998325,False,002594,比亚迪
2025-07-04,345.12,347.65,342.24,343.51,10410355.0,3454495463.0,-0.010713560894578486,False,002594,比亚迪
2025-07-07,341.65,342.98,340.86,341.01,8820772.0,2901015557.0,-0.007304420953440593,False,002594,比亚迪
2025-07-08,339.36,342.25,338.03,339.24,11691814.0,3825413668.0,-0.005203980873229519,False,002594,比亚迪
2025-07-09,339.26,340.62,338.1,338.12,12163311.0,3969384130.0,-0.0033069594327723648,False,002594,比亚迪
2025-07-10,338.13,338.42,330.9,333.37,21002206.0,6741345468.0,-0.014147877796255972,False,002594,比亚迪
2025-07-11,331.99,339.21,331.08,336.16,16826983.0,5456832018.0,0.00833425283221929,False,002594,比亚迪
2025-07-14,336.16,336.16,329.57,330.53,17230914.0,5502331854.0,-0.016889810366192956,False,002594,比亚迪
2025-07-15,330.23,337.29,330.02,335.26,16279094.0,5252631322.0,0.014208923472634437,False,002594,比亚迪
2025-07-16,335.27,338.23,335.27,335.96,11075835.0,3594544238.0,0.0020857550542944564,False,002594,比亚迪
2025-07-17,337.29,341.15,336.35,340.42,15689135.0,5138610961.0,0.013188044122400662,False,002594,比亚迪
2025-07-18,341.57,341.96,337.55,341.55,13686649.0,4482466755.0,0.003313931798031354,False,002594,比亚迪
2025-07-21,340.39,346.75,339.63,346.75,15394503.0,5102459146.0,0.015109978017082682,False,002594,比亚迪
2025-07-22,347.66,354.94,345.81,354.61,21416417.0,7227731007.0,0.02241453483715392,False,002594,比亚迪
2025-07-23,355.02,355.97,349.74,350.85,15890735.0,5395840274.0,-0.010659812333797055,False,002594,比亚迪
2025-07-24,350.86,359.64,350.39,355.68,18906327.0,6489370096.0,0.01367266851758858,False,002594,比亚迪
2025-07-25,353.89,354.31,347.66,350.71,15704076.0,5307866611.0,-0.01407177907650997,False,002594,比亚迪
2025-07-28,350.71,351.92,348.21,349.74,11705670.0,3947000994.0,-0.0027696498538630127,False,002594,比亚迪
2025-07-29,352.9,354.44,345.84,351.04,38735984.0,4322742015.0,0.0037101558013520847,False,002594,比亚迪
2025-07-30,340.42,350.22,337.49,342.47,52483427.0,5743878668.0,-0.02471611446179806,False,002594,比亚迪
2025-07-31,340.89,340.89,330.81,331.57,59949943.0,6344900791.0,-0.032345113902946046,False,002594,比亚迪
2025-08-01,330.65,334.72,328.79,333.33,36233692.0,3816659558.0,0.005294041541905696,False,002594,比亚迪
2025-08-04,327.66,331.25,323.15,330.43,41293694.0,4293903590.0,-0.008738153707709561,False,002594,比亚迪
2025-08-05,330.43,331.47,326.97,330.37,33834986.0,3539636640.0,-0.00018159806345308894,False,002594,比亚迪
2025-08-06,330.37,330.81,327.34,328.76,30561960.0,3184784993.0,-0.004885237212565207,False,002594,比亚迪
2025-08-07,328.51,335.31,328.16,331.85,42876298.0,4526612773.0,0.009355058311634877,False,002594,比亚迪
2025-08-08,330.81,330.9,327.38,327.44,32661461.0,3405317252.0,-0.013378227407786436,False,002594,比亚迪
2025-08-11,327.28,332.89,325.23,332.45,35669790.0,3741329572.0,0.015184640664316431,False,002594,比亚迪
2025-08-12,332.07,335.31,329.86,332.92,31219504.0,3302639096.0,0.0014127480294305196,False,002594,比亚迪
2025-08-13,334.87,339.16,333.46,336.58,45983014.0,4908744877.0,0.010933641407032804,False,002594,比亚迪
2025-08-14,338.28,338.69,333.3,335.13,41954793.0,4478119017.0,-0.004317346034060482,False,002594,比亚迪
2025-08-15,333.49,335.98,331.82,334.18,36135346.0,3831047052.0,-0.002838746284869294,False,002594,比亚迪
2025-08-18,332.89,344.96,332.89,341.43,61925173.0,6680761816.0,0.021462909995910762,False,002594,比亚迪
2025-08-19,342.37,343.16,337.68,339.1,38973519.0,4205349329.0,-0.0068476308303152015,False,002594,比亚迪
2025-08-20,337.68,341.08,333.99,341.05,38505345.0,4130459252.0,0.005734044969135327,False,002594,比亚迪
2025-08-21,339.63,342.88,337.11,337.43,44946378.0,4843670255.0,-0.01067101270744208,False,002594,比亚迪
2025-08-22,337.46,349.62,337.46,348.64,76312005.0,8351469726.0,0.03268178980302341,False,002594,比亚迪
2025-08-25,350.69,354.41,347.54,351.63,61162758.0,6803182883.0,0.008539615206888876,False,002594,比亚迪
2025-08-26,352.08,361.34,348.8,358.38,69291585.0,7850511029.0,0.01901438956907109,False,002594,比亚迪
2025-08-27,359.04,359.35,348.64,348.7,68974693.0,7761766931.0,-0.027381922290664183,False,002594,比亚迪
2025-08-28,344.64,347.16,337.46,344.42,76252199.0,8278465956.0,-0.012350110804852042,False,002594,比亚迪
2025-08-29,343.03,367.32,340.64,359.35,114490194.0,12973326091.0,0.042435001037698324,False,002594,比亚迪
2025-09-01,341.84,351.23,341.84,345.62,132986738.0,14546890247.0,-0.03895693828860598,False,002594,比亚迪
2025-09-02,342.75,350.03,342.15,346.63,77322410.0,8495472755.0,0.0029180230167341857,False,002594,比亚迪
2025-09-03,348.14,348.86,337.14,337.77,73522327.0,7975948716.0,-0.025892738159431123,False,002594,比亚迪
2025-09-04,335.82,337.39,326.75,327.66,81574074.0,8588835881.0,-0.030388705091031424,False,002594,比亚迪
2025-09-05,327.22,338.69,324.85,337.93,78752385.0,8307907948.0,0.030862288050896556,False,002594,比亚迪
2025-09-08,334.43,337.52,332.42,334.75,55592345.0,5910440232.0,-0.00945478887173209,False,002594,比亚迪
2025-09-09,333.96,337.74,331.66,332.35,38163622.0,4049249507.0,-0.0071953540836910135,False,002594,比亚迪
2025-09-10,332.45,335.38,330.87,331.44,32236895.0,3401353898.0,-0.002741832718444578,False,002594,比亚迪
2025-09-11,331.6,335.85,330.46,335.82,53778149.0,5683446689.0,0.01312850436217672,False,002594,比亚迪
2025-09-12,335.85,338.94,333.65,333.68,45591018.0,4859782579.0,-0.006392852242633353,False,002594,比亚迪
2025-09-15,333.96,349.24,333.96,342.47,97480407.0,10620465041.0,0.026001612736377477,False,002594,比亚迪
2025-09-16,343.41,343.41,337.8,339.63,53316021.0,5753437964.0,-0.00832727286693962,False,002594,比亚迪
2025-09-17,340.89,352.86,340.89,349.68,98123971.0,10827682692.0,0.029161660796931364,False,002594,比亚迪
2025-09-18,349.68,355.38,342.03,345.65,93401380.0,10362193293.0,-0.011591748163785132,False,002594,比亚迪
2025-09-19,345.93,349.08,343.41,343.7,47297748.0,5188176204.0,-0.005657518535485813,False,002594,比亚迪
2025-09-22,343.0,343.13,337.58,340.23,49155923.0,5293961578.0,-0.010147324360439289,False,002594,比亚迪
2025-09-23,338.53,339.28,329.68,332.7,65096262.0,6888232046.0,-0.02238067647091784,False,002594,比亚迪
2025-09-24,330.81,333.42,327.66,333.05,54816227.0,5758922305.0,0.0010514458347575155,False,002594,比亚迪
2025-09-25,331.88,342.78,330.4,338.69,69348204.0,7421942405.0,0.016792605875591178,False,002594,比亚迪
2025-09-26,338.53,350.44,337.11,338.02,75661207.0,8250492997.0,-0.0019801694046976516,False,002594,比亚迪
2025-09-29,337.11,343.85,335.19,342.18,61398368.0,6621874267.0,0.012231849066420672,False,002594,比亚迪
2025-09-30,340.86,346.5,339.51,344.07,56775550.0,6200518750.0,0.005508210648038351,False,002594,比亚迪
2025-10-09,342.37,354.38,340.48,348.45,100872197.0,11196004667.0,0.012649622839987006,False,002594,比亚迪
2025-10-10,348.3,348.3,338.94,339.6,59010253.0,6420415513.0,-0.025726293447335447,False,002594,比亚迪
2025-10-13,330.81,333.9,327.97,332.98,74442980.0,7841774365.0,-0.019686026320486116,False,002594,比亚迪
2025-10-14,336.1,344.55,332.76,333.93,76778627.0,8244228529.0,0.0028489620565379124,False,002594,比亚迪
2025-10-15,335.38,338.72,332.38,337.43,47579133.0,5063179652.0,0.010426691220042052,False,002594,比亚迪
2025-10-16,337.11,344.36,335.57,336.98,52309638.0,5628738804.0,-0.001334499983047015,False,002594,比亚迪
2025-10-17,335.85,335.94,328.48,329.01,62572494.0,6576614911.0,-0.023935435970012076,False,002594,比亚迪
2025-10-20,331.5,332.79,327.91,329.3,35561452.0,3721699722.0,0.0008810439420914706,False,002594,比亚迪
2025-10-21,329.83,331.03,328.42,330.05,29907419.0,3133789475.0,0.002274968752461264,False,002594,比亚迪
2025-10-22,327.97,328.67,325.67,326.97,35787419.0,3715302136.0,-0.009375734565449788,False,002594,比亚迪
2025-10-23,325.45,326.81,321.36,326.68,37860342.0,3889661811.0,-0.0008873250792551025,False,002594,比亚迪
2025-10-24,327.6,328.82,326.43,326.9,30554268.0,3173964302.0,0.0006732152400898732,False,002594,比亚迪
2025-10-27,327.66,330.72,327.28,327.69,34598784.0,3607756848.0,0.002413725793396482,False,002594,比亚迪
2025-10-28,327.72,328.67,326.08,326.78,26541583.0,2755526047.0,-0.0027808779208840827,False,002594,比亚迪
2025-10-29,326.81,331.38,324.51,329.3,39734040.0,4128608369.0,0.007682027779641192,False,002594,比亚迪
2025-10-30,327.66,330.37,326.08,326.43,35898945.0,3733925603.0,-0.00875365875128827,False,002594,比亚迪
2025-10-31,318.21,319.22,315.06,317.55,63705259.0,6418551106.0,-0.027580244382046523,False,002594,比亚迪
2025-11-03,317.55,318.18,310.33,313.8,55167021.0,5472679665.0,-0.01187944595005168,False,002594,比亚迪
2025-11-04,311.91,313.61,307.84,308.13,43501704.0,4274197474.0,-0.018234068453109636,False,002594,比亚迪
2025-11-05,304.53,304.53,298.45,301.82,58721510.0,5617215879.0,-0.020690958655418302,False,002594,比亚迪
2025-11-06,301.13,307.97,300.56,307.24,40200367.0,3897723836.0,0.01779838794007687,False,002594,比亚迪
2025-11-07,305.61,309.23,305.07,306.24,32256073.0,3145817991.0,-0.0032600928658917364,False,002594,比亚迪
2025-11-10,306.71,316.16,306.71,313.13,55487690.0,5513238813.0,0.022249331510923925,False,002594,比亚迪
2025-11-11,313.48,314.36,309.2,310.99,31985788.0,3161124110.0,-0.006857682454077028,False,002594,比亚迪
2025-11-12,311.28,311.87,307.31,308.03,26064335.0,2555847684.0,-0.009563576493784245,False,002594,比亚迪
2025-11-13,305.64,316.63,305.64,314.52,57999022.0,5759429264.0,0.020850486295663304,False,002594,比亚迪
2025-11-14,311.91,316.63,309.8,309.92,34298466.0,3396134916.0,-0.01473346746462947,False,002594,比亚迪
2025-11-17,308.13,310.61,306.39,309.01,20724759.0,2029207779.0,-0.0029405608250465554,False,002594,比亚迪
2025-11-18,307.31,308.28,302.52,304.0,30475645.0,2949162765.0,-0.016345937427417568,False,002594,比亚迪
2025-11-19,303.71,304.53,299.34,299.84,34829235.0,3327809284.0,-0.013778702356164397,False,002594,比亚迪
2025-11-20,299.84,300.88,294.58,294.92,39181087.0,3692348085.0,-0.016544865928607447,False,002594,比亚迪
2025-11-21,291.4,297.38,288.91,292.06,45171313.0,4182916493.0,-0.009744872509124501,False,002594,比亚迪
2025-11-24,293.32,297.45,290.48,295.93,32730213.0,3064736739.0,0.013163679257909995,False,002594,比亚迪
2025-11-25,296.15,300.5,295.21,295.87,27748887.0,2620855758.0,-0.0002027712071834626,False,002594,比亚迪
2025-11-26,298.52,300.69,297.57,299.59,30657697.0,2914626393.0,0.012494704585843798,False,002594,比亚迪
2025-11-27,298.04,299.81,296.85,297.07,20227996.0,1915349541.0,-0.008447071981086103,False,002594,比亚迪
2025-11-28,298.04,300.03,296.78,299.84,21935062.0,2080615710.0,0.009281197782247702,False,002594,比亚迪
2025-12-01,300.53,303.4,299.74,301.73,23371272.0,2237016414.0,0.006283578697825226,False,002594,比亚迪
2025-12-02,303.78,308.13,303.24,304.41,35921746.0,3483571735.0,0.00884289921121889,False,002594,比亚迪
2025-12-03,304.47,304.5,298.96,299.46,23157284.0,2207429346.0,-0.016394624249528474,False,002594,比亚迪
2025-12-04,299.05,300.22,296.78,300.06,16614164.0,1576759405.0,0.002001601949294491,False,002594,比亚迪
2025-12-05,300.22,303.15,298.39,302.39,21161847.0,2021250209.0,0.007735120316657521,False,002594,比亚迪
2025-12-08,303.12,306.08,303.12,304.12,24780498.0,2397261754.0,0.005704785384711089,False,002594,比亚迪
2025-12-09,303.12,304.53,301.51,302.55,16322702.0,1568057388.0,-0.005175807291905379,False,002594,比亚迪
2025-12-10,301.19,304.5,298.99,303.94,19840224.0,1902988180.0,0.004583760437128518,False,002594,比亚迪
2025-12-11,305.54,305.98,301.98,303.18,25090767.0,2422448208.0,-0.0025036249735868894,False,002594,比亚迪
2025-12-12,303.08,307.81,301.35,305.61,55462088.0,5390456375.0,0.007983090738212413,False,002594,比亚迪
2025-12-15,304.19,306.11,300.97,300.97,29330099.0,2824248327.0,-0.015299187262457943,False,002594,比亚迪
2025-12-16,300.88,301.51,296.59,296.94,25876771.0,2450336536.0,-0.013480493815777058,False,002594,比亚迪
2025-12-17,297.73,301.51,295.15,299.97,27282500.0,2584139145.0,0.010152371464018128,False,002594,比亚迪
2025-12-18,297.38,298.04,294.58,294.67,25279734.0,2376126962.0,-0.017826383533122044,False,002594,比亚迪
2025-12-19,296.15,300.15,295.3,296.88,27206794.0,2573037718.0,0.0074719306295963905,False,002594,比亚迪
2025-12-22,298.36,300.44,296.94,297.32,20623482.0,1952361858.0,0.0014809831047505526,False,002594,比亚迪
2025-12-23,297.73,300.88,297.73,298.71,23661741.0,2247679864.0,0.004664203211009804,False,002594,比亚迪
2025-12-24,298.67,298.67,296.31,297.48,19280995.0,1819358259.0,-0.004126207233003008,False,002594,比亚迪
2025-12-25,297.51,300.03,296.53,298.8,18220163.0,1725723851.0,0.00442745742356273,False,002594,比亚迪
2025-12-26,300.19,319.63,300.09,315.09,102095895.0,10178557962.0,0.053083859044131335,False,002594,比亚迪
2025-12-29,316.63,319.15,313.8,315.72,51916696.0,5209488142.0,0.001997432537408163,False,002594,比亚迪
2025-12-30,312.73,315.53,311.09,314.27,31875638.0,3174697986.0,-0.004603255799149578,False,002594,比亚迪
2025-12-31,314.99,315.69,306.8,307.87,40285887.0,3955310311.0,-0.020574873089514133,False,002594,比亚迪
2026-01-05,310.02,313.42,308.44,309.1,38262521.0,3762797878.0,0.0039872331865326545,False,002594,比亚迪
2026-01-06,309.45,316.63,309.13,315.03,52178486.0,5185026166.0,0.019003023247940887,False,002594,比亚迪
2026-01-07,314.93,314.93,305.79,307.5,56084881.0,5502570731.0,-0.024192785139439017,False,002594,比亚迪
2026-01-08,306.24,306.24,303.49,305.23,30065475.0,2908439429.0,-0.007409496467811788,False,002594,比亚迪
2026-01-09,305.76,308.6,305.29,305.64,35034058.0,3412630185.0,0.0013423480006050795,False,002594,比亚迪
2026-01-12,305.64,308.76,303.4,307.09,42525719.0,4125432529.0,0.004732925454069827,False,002594,比亚迪
2026-01-13,311.91,313.8,305.23,306.2,49872272.0,4905229942.0,-0.0029023810098524473,False,002594,比亚迪
2026-01-14,305.01,307.94,300.91,302.77,51474973.0,4975154616.0,-0.011265041865797057,False,002594,比亚迪
2026-01-15,302.71,304.47,301.19,301.41,29563546.0,2835803090.0,-0.004501977215453662,False,002594,比亚迪
2026-01-16,304.66,306.99,301.19,302.01,38458802.0,3705328916.0,0.0019886652671089232,False,002594,比亚迪
2026-01-19,305.01,306.55,301.73,303.05,33492715.0,3227653862.0,0.003437678987852532,False,002594,比亚迪
2026-01-20,303.15,303.27,298.3,298.48,38914947.0,3699337566.0,-0.015194879484391645,False,002594,比亚迪
2026-01-21,296.18,299.11,296.15,296.47,30833393.0,2910327666.0,-0.006756896032656714,False,002594,比亚迪
2026-01-22,298.42,299.71,295.81,296.53,29101425.0,2741536605.0,0.00020236087758756653,False,002594,比亚迪
2026-01-23,296.91,297.29,294.61,295.05,38330272.0,3598066421.0,-0.005003560254655506,False,002594,比亚迪
2026-01-26,295.05,295.08,291.43,291.84,37545961.0,3485372554.0,-0.01093912661721137,False,002594,比亚迪
2026-01-27,291.96,292.97,289.22,289.25,36298092.0,3340756010.0,-0.008914340812180475,False,002594,比亚迪
2026-01-28,289.22,294.58,283.58,294.07,71556618.0,6553150013.0,0.016526468162818123,False,002594,比亚迪
2026-01-29,291.93,292.75,288.62,290.83,37182481.0,3423462525.0,-0.011078930211864492,False,002594,比亚迪
2026-01-30,290.7,290.7,285.76,286.36,32917560.0,3001871204.0,-0.015489143496755205,False,002594,比亚迪
2026-02-02,277.25,280.68,274.0,274.26,64697385.0,5676850727.0,-0.04317319895627632,False,002594,比亚迪
2026-02-03,274.73,275.36,270.57,275.27,37782685.0,3275997179.0,0.0036758726084584028,False,002594,比亚迪
2026-02-04,274.07,281.44,272.37,280.84,37650471.0,3322530225.0,0.020032677968881665,False,002594,比亚迪
2026-02-05,278.83,287.43,278.29,283.9,35424031.0,3184480193.0,0.01083695132987742,False,002594,比亚迪
2026-02-06,281.63,285.63,280.4,282.98,24708779.0,2217096985.0,-0.0032458397111190837,False,002594,比亚迪
2026-02-09,285.13,285.6,283.02,283.74,20817951.0,1875980039.0,0.002682102116033118,False,002594,比亚迪
2026-02-10,283.55,288.5,283.05,286.1,26760481.0,2434219975.0,0.008283074172225168,False,002594,比亚迪
2026-02-11,286.32,292.85,286.32,290.73,39694959.0,3662117779.0,0.016053601358503818,False,002594,比亚迪
2026-02-12,290.77,290.95,286.95,287.21,23031332.0,2106032227.0,-0.01218134590516054,False,002594,比亚迪
2026-02-13,283.71,286.99,283.17,284.4,21733887.0,1963579417.0,-0.00983195758032218,False,002594,比亚迪
2026-02-24,289.79,289.82,285.47,286.29,20644458.0,1879888761.0,0.0066235851681865675,False,002594,比亚迪
2026-02-25,286.36,292.34,286.36,288.12,32478010.0,2985714580.0,0.006371776923890007,False,002594,比亚迪
2026-02-26,287.96,287.96,282.32,283.08,29101894.0,2619922211.0,-0.017647516813578228,False,002594,比亚迪
2026-02-27,281.66,283.36,280.72,281.41,21934083.0,1962319079.0,-0.005916862556004494,False,002594,比亚迪
2026-03-02,277.25,306.39,276.37,304.94,143513688.0,13507227574.0,0.08030235529218147,False,002594,比亚迪
2026-03-03,303.68,305.57,296.12,299.97,86574145.0,8272503576.0,-0.016432566287893236,False,002594,比亚迪
2026-03-04,299.93,304.97,295.21,302.42,70096892.0,6674964518.0,0.00813431002865529,False,002594,比亚迪
2026-03-05,304.97,305.04,295.81,297.63,55243997.0,5235746090.0,-0.015965675354602336,False,002594,比亚迪
2026-03-06,302.45,302.45,293.79,294.96,50354037.0,4743654925.0,-0.009011350404031821,False,002594,比亚迪
2026-03-09,294.96,308.76,293.0,307.24,109340899.0,10562485735.0,0.040789447204592225,False,002594,比亚迪
2026-03-10,306.17,307.15,302.71,304.34,50746243.0,4907397251.0,-0.009483703638512881,False,002594,比亚迪
2026-03-11,304.82,316.13,301.41,312.6,90374375.0,8925093668.0,0.026778920495407962,False,002594,比亚迪
2026-03-12,312.63,317.23,310.96,312.22,50252357.0,4995016177.0,-0.0012163504588556357,False,002594,比亚迪
2026-03-13,311.91,317.55,309.7,314.02,51976482.0,5199004697.0,0.00574861061885486,False,002594,比亚迪
2026-03-16,314.02,330.81,311.24,329.61,108781426.0,11184164655.0,0.04845345923352382,False,002594,比亚迪
2026-03-17,329.64,336.04,323.59,324.1,84138860.0,8793237613.0,-0.016858027233397545,False,002594,比亚迪
2026-03-18,323.94,323.94,315.21,320.38,61799648.0,6257459330.0,-0.01154431887416438,False,002594,比亚迪
2026-03-19,318.18,327.28,316.54,322.33,53105939.0,5450382395.0,0.006068074196741999,False,002594,比亚迪
2026-03-20,321.36,329.08,319.97,324.6,62878324.0,6495105104.0,0.007017789610411463,False,002594,比亚迪
2026-03-23,327.25,352.3,325.08,339.1,178244551.0,19284919429.0,0.04370139405110217,False,002594,比亚迪
2026-03-24,341.52,341.52,330.59,335.98,92144617.0,9784806491.0,-0.009243414749524734,False,002594,比亚迪
2026-03-25,336.23,339.19,331.69,335.85,66266489.0,7061311678.0,-0.00038700266919467293,False,002594,比亚迪
2026-03-26,335.91,339.25,323.56,324.95,82812067.0,8655663075.0,-0.032993307372515775,False,002594,比亚迪
2026-03-27,327.63,333.61,323.72,331.75,65845464.0,6893710026.0,0.020710348871959123,False,002594,比亚迪
2026-03-30,326.12,340.26,325.3,334.12,72755723.0,7713482118.0,0.007118536675388748,False,002594,比亚迪
2026-03-31,337.11,341.81,331.12,331.6,58865901.0,6283345063.0,-0.007570786626565578,False,002594,比亚迪
2026-04-01,333.65,335.54,322.52,323.41,71519811.0,7383168512.0,-0.025008555136698977,False,002594,比亚迪
2026-04-02,322.9,326.02,316.63,320.26,60434947.0,6153958208.0,-0.009787702230110296,False,002594,比亚迪
2026-04-03,320.73,322.3,311.91,311.94,49174516.0,4921224066.0,-0.026322304270651298,False,002594,比亚迪
2026-04-07,313.48,314.33,307.02,308.69,37969746.0,3731963030.0,-0.010473324550204777,False,002594,比亚迪
2026-04-08,310.33,319.09,309.1,318.9,56281840.0,5621410290.0,0.032540036942537154,False,002594,比亚迪
2026-04-09,315.72,315.72,311.31,312.0,37906293.0,3764528220.0,-0.021874386206529466,False,002594,比亚迪
2026-04-10,313.13,321.99,312.0,320.32,60573135.0,6130392652.0,0.026317308317373358,False,002594,比亚迪
2026-04-13,320.0,330.78,317.61,328.45,66313598.0,6887089022.0,0.025064123211626068,False,002594,比亚迪
2026-04-14,324.51,328.26,322.93,327.09,54334283.0,5614541232.0,-0.00414925695208189,False,002594,比亚迪
2026-04-15,327.09,330.08,322.93,324.6,42871917.0,4431952620.0,-0.007641707305909127,False,002594,比亚迪
2026-04-16,325.39,333.87,325.39,332.51,64366146.0,6763624067.0,0.02407627975113852,False,002594,比亚迪
2026-04-17,330.78,332.26,324.89,326.97,44204763.0,4595671718.0,-0.016801511262299274,False,002594,比亚迪
2026-04-20,326.97,327.5,323.31,324.22,38367696.0,3957213043.0,-0.008446125855902813,False,002594,比亚迪
2026-04-21,324.22,325.11,319.25,319.88,43225769.0,4398233495.0,-0.013476372249738086,False,002594,比亚迪
2026-04-22,318.55,322.56,316.95,320.16,34373337.0,3485648244.0,0.0008749453717341935,False,002594,比亚迪
2026-04-23,320.0,320.07,311.94,314.99,49216375.0,4915554212.0,-0.016279978545452184,False,002594,比亚迪
2026-04-24,314.77,314.77,310.96,313.36,33773878.0,3348015919.0,-0.0051882029323952125,False,002594,比亚迪
2026-04-27,315.06,327.66,314.68,322.43,60167020.0,6169037082.0,0.02853336905499954,False,002594,比亚迪
2026-04-28,320.89,325.45,319.28,319.72,36155004.0,3687912785.0,-0.008440445654757071,False,002594,比亚迪
2026-04-29,319.69,332.83,318.21,332.07,105655781.0,11021927729.0,0.037900177307824,False,002594,比亚迪
2026-04-30,329.36,332.23,322.52,324.45,60097853.0,6206126903.0,-0.023214348998464897,False,002594,比亚迪
2026-05-06,320.41,321.01,315.69,317.42,67048711.0,6746578445.0,-0.021905622987764908,False,002594,比亚迪
2026-05-07,318.36,319.03,315.09,316.51,46884596.0,4708289851.0,-0.0028709814176921655,False,002594,比亚迪
2026-05-08,316.54,318.21,314.43,315.12,38215750.0,3823821998.0,-0.004401317999070003,False,002594,比亚迪
2026-05-11,315.12,317.36,311.91,316.44,48281004.0,4812920715.0,0.00418013149054523,False,002594,比亚迪
2026-05-12,314.96,315.37,312.22,312.63,35344129.0,3514548836.0,-0.012113267480749815,False,002594,比亚迪
2026-05-13,312.63,312.69,308.16,310.65,45619352.0,4481395884.0,-0.006353506162743005,False,002594,比亚迪
2026-05-14,311.91,315.06,310.17,311.06,33917988.0,3361151176.0,0.0013189431067112945,False,002594,比亚迪
2026-05-15,308.76,308.85,303.27,303.4,46621723.0,4507893858.0,-0.024933752701982278,False,002594,比亚迪
2026-05-18,300.38,302.27,297.1,297.76,35461317.0,3359745463.0,-0.01876427402049126,False,002594,比亚迪
2026-05-19,297.76,302.71,295.52,302.45,29618439.0,2822346576.0,0.01562818165898266,False,002594,比亚迪
2026-05-20,300.25,300.85,293.95,294.14,41500993.0,3900216299.0,-0.02786013008075558,False,002594,比亚迪
2026-05-21,294.29,303.08,294.29,294.61,37394974.0,3540792199.0,0.0015966033115631755,False,002594,比亚迪
2026-05-22,294.74,296.75,291.77,295.37,26859177.0,2510615944.0,0.002576359945704073,False,002594,比亚迪
2020-01-02,107.42,109.06,105.91,107.73,20611589.0,2213454651.0,,False,300750,宁德时代
2020-01-03,107.73,110.41,106.18,109.77,18084178.0,1956828809.0,0.01875917079312397,False,300750,宁德时代
2020-01-06,111.52,114.72,108.01,109.3,26500200.0,2958351780.0,-0.004290872516732291,False,300750,宁德时代
2020-01-07,109.22,109.86,107.62,108.71,13507544.0,1461154189.0,-0.005412608966583904,False,300750,宁德时代
2020-01-08,109.22,111.72,107.31,109.82,19224068.0,2098374347.0,0.010158875634817635,False,300750,宁德时代
2020-01-09,112.22,115.73,110.23,115.23,20164351.0,2287090666.0,0.048087469175196615,False,300750,宁德时代
2020-01-10,114.42,114.42,111.9,113.53,14428007.0,1628569248.0,-0.014863011849480863,False,300750,宁德时代
2020-01-13,116.23,118.71,114.42,117.13,21597445.0,2516539925.0,0.031217309905340926,False,300750,宁德时代
2020-01-14,119.74,120.99,115.41,115.93,21768473.0,2585867747.0,-0.010297868399473133,False,300750,宁德时代
2020-01-15,115.93,117.81,112.43,115.53,17758720.0,2031327383.0,-0.003456324187382863,False,300750,宁德时代
2020-01-16,116.23,116.73,114.07,116.63,12934158.0,1492301747.0,0.009476294208031324,False,300750,宁德时代
2020-01-17,116.59,117.79,114.22,115.31,14662407.0,1694771901.0,-0.01138237691993357,False,300750,宁德时代
2020-01-20,115.22,125.33,113.12,123.44,24892200.0,2992287057.0,0.0681310542718804,False,300750,宁德时代
2020-01-21,122.75,123.24,120.7,121.89,14267108.0,1734790907.0,-0.012636209387160278,False,300750,宁德时代
2020-01-22,121.89,134.08,119.61,134.08,34991561.0,4493837402.0,0.09531763806602792,False,300750,宁德时代
2020-01-23,132.76,137.27,125.35,130.83,35986224.0,4755930193.0,-0.024537866210988152,False,300750,宁德时代
2020-02-03,126.81,143.76,126.75,135.63,52634602.0,7148822247.0,0.03603181945183847,False,300750,宁德时代
2020-02-04,146.06,149.19,140.28,149.19,35913583.0,5283954890.0,0.09529007142013346,False,300750,宁德时代
2020-02-05,158.48,164.11,156.61,164.11,53082382.0,8588999757.0,0.09531627329677979,False,300750,宁德时代
2020-02-06,155.31,170.22,153.29,170.22,57918993.0,9265610936.0,0.036554783357278485,False,300750,宁德时代
2020-02-07,166.33,169.66,159.26,160.51,45499480.0,7426674365.0,-0.0587354721236887,False,300750,宁德时代
2020-02-10,161.32,168.91,160.31,165.58,37540921.0,6161572537.0,0.031098215785533564,False,300750,宁德时代
2020-02-11,167.53,168.33,157.91,158.71,33994559.0,5451183357.0,-0.04237582419119265,False,300750,宁德时代
2020-02-12,153.85,162.16,152.33,159.96,32586206.0,5174595056.0,0.00784514645915036,False,300750,宁德时代
2020-02-13,156.3,159.69,153.99,156.65,31360960.0,4914616428.0,-0.020909766580416843,False,300750,宁德时代
2020-02-14,159.21,160.21,149.15,150.19,43961853.0,6739413555.0,-0.042112858180711435,False,300750,宁德时代
2020-02-17,149.29,156.47,149.17,154.4,34447133.0,5309578996.0,0.027645478373186507,False,300750,宁德时代
2020-02-18,154.4,159.31,153.15,156.93,28230513.0,4400767114.0,0.016253208459953566,False,300750,宁德时代
2020-02-19,165.32,165.42,153.19,153.5,41816783.0,6598898914.0,-0.022099279023377577,False,300750,宁德时代
2020-02-20,156.81,165.32,153.3,160.31,51844020.0,8254242623.0,0.043408873674330446,False,300750,宁德时代
2020-02-21,158.11,162.82,155.52,160.21,33805137.0,5376640660.0,-0.0006239860429591943,False,300750,宁德时代
2020-02-24,157.31,160.16,152.78,154.71,36523081.0,5670550935.0,-0.03493305792764569,False,300750,宁德时代
2020-02-25,150.03,165.82,149.13,162.17,51602630.0,8116792625.0,0.047092771000305546,False,300750,宁德时代
2020-02-26,159.01,161.17,151.0,153.16,33827986.0,5273485009.0,-0.057162041122189165,False,300750,宁德时代
2020-02-27,155.4,156.97,149.09,149.77,33200245.0,5062343300.0,-0.02238234260478948,False,300750,宁德时代
2020-02-28,140.26,145.28,135.78,135.94,50844719.0,7090643686.0,-0.09688717208581218,False,300750,宁德时代
2020-03-02,139.07,142.23,135.21,140.26,31815002.0,4426474527.0,0.031284231190272155,False,300750,宁德时代
2020-03-03,146.29,149.98,144.18,146.07,29691061.0,4366384639.0,0.04058811575395492,False,300750,宁德时代
2020-03-04,144.27,146.17,140.05,143.98,20594614.0,2945905656.0,-0.014411557821562358,False,300750,宁德时代
2020-03-05,146.83,148.12,142.28,145.51,22463328.0,3254884224.0,0.010570411731030521,False,300750,宁德时代
2020-03-06,142.29,147.59,141.78,143.8,15980869.0,2309879439.0,-0.011821367485240824,False,300750,宁德时代
2020-03-09,139.26,141.18,133.26,133.71,29425285.0,4022533012.0,-0.07275016966037219,False,300750,宁德时代
2020-03-10,133.87,141.97,133.27,140.81,29274470.0,4026499804.0,0.05173818830264605,False,300750,宁德时代
2020-03-11,143.28,148.87,139.07,141.06,33923207.0,4857506589.0,0.0017738678508129808,False,300750,宁德时代
2020-03-12,136.47,137.04,131.58,134.46,33385759.0,4454589855.0,-0.047918574739142517,False,300750,宁德时代
2020-03-13,126.35,134.06,126.26,132.36,27455284.0,3557983787.0,-0.015741273987479227,False,300750,宁德时代
2020-03-16,128.25,129.13,119.12,119.29,49048485.0,5992811656.0,-0.10396797975955699,False,300750,宁德时代
2020-03-17,121.24,123.17,111.47,118.18,39220328.0,4571660104.0,-0.009348617376325906,False,300750,宁德时代
2020-03-18,119.13,123.74,116.23,117.58,31338376.0,3757216350.0,-0.0050899329434197695,False,300750,宁德时代
2020-03-19,119.23,119.73,111.91,115.27,33156307.0,3803916537.0,-0.01984175036118765,False,300750,宁德时代
2020-03-20,118.23,119.93,113.44,116.09,22514220.0,2615607082.0,0.007088549737023326,False,300750,宁德时代
2020-03-23,111.02,111.79,105.22,107.69,30761809.0,3324031004.0,-0.07510902300915497,False,300750,宁德时代
2020-03-24,110.82,113.1,107.21,111.79,29116996.0,3222263479.0,0.03736538194144482,False,300750,宁德时代
2020-03-25,116.43,122.42,116.23,121.24,38592846.0,4603104636.0,0.08114994090736793,False,300750,宁德时代
2020-03-26,119.24,122.59,118.53,119.86,19437090.0,2344662560.0,-0.011447657159563134,False,300750,宁德时代
2020-03-27,122.45,123.57,117.59,118.94,17499077.0,2101160340.0,-0.00770523075159157,False,300750,宁德时代
2020-03-30,116.23,120.88,110.92,119.54,26165539.0,3010412507.0,0.005031879117660685,False,300750,宁德时代
2020-03-31,120.51,123.37,118.09,120.63,19485192.0,2350421158.0,0.009076966181184202,False,300750,宁德时代
2020-04-01,123.34,125.81,119.31,120.64,29895088.0,3664714147.0,8.289468235370758e-05,False,300750,宁德时代
2020-04-02,117.73,123.84,116.94,123.84,20958836.0,2523168230.0,0.026179505581771078,False,300750,宁德时代
2020-04-03,124.89,125.25,120.04,121.24,18220415.0,2225897354.0,-0.021218357651814696,False,300750,宁德时代
2020-04-07,123.84,126.34,123.26,124.94,18372889.0,2284706365.0,0.03006156987582142,False,300750,宁德时代
2020-04-08,124.14,125.74,122.84,123.24,11946973.0,1479285370.0,-0.013699948336956713,False,300750,宁德时代
2020-04-09,124.22,124.72,120.05,120.45,16052778.0,1944405073.0,-0.022898944667586688,False,300750,宁德时代
2020-04-10,121.39,123.31,118.16,118.69,14569554.0,1748457124.0,-0.014719676992466625,False,300750,宁德时代
2020-04-13,115.13,117.22,113.3,114.92,12458136.0,1432291942.0,-0.03227881795732501,False,300750,宁德时代
2020-04-14,118.23,126.41,117.73,126.41,38893873.0,4803638074.0,0.0952943583963774,False,300750,宁德时代
2020-04-15,130.05,132.15,127.48,128.25,32564492.0,4226641423.0,0.014450891543412737,False,300750,宁德时代
2020-04-16,128.52,133.97,127.07,133.21,21638110.0,2835377037.0,0.03794534631249265,False,300750,宁德时代
2020-04-17,136.35,140.86,135.37,137.22,29252182.0,4024198915.0,0.029658646899373357,False,300750,宁德时代
2020-04-20,136.67,137.02,132.14,134.77,18700233.0,2507578390.0,-0.018015855481676855,False,300750,宁德时代
2020-04-21,132.25,133.12,127.25,130.78,19391746.0,2519303195.0,-0.030053099647938005,False,300750,宁德时代
2020-04-22,127.58,132.56,127.55,131.11,14686885.0,1904011483.0,0.0025201433781806286,False,300750,宁德时代
2020-04-23,133.16,133.16,128.85,130.15,12537857.0,1635621702.0,-0.007349034070736081,False,300750,宁德时代
2020-04-24,130.26,136.27,130.26,131.95,16991648.0,2263542699.0,0.013735431508758618,False,300750,宁德时代
2020-04-27,133.28,136.27,132.34,134.17,14365453.0,1933994989.0,0.01668458965304719,False,300750,宁德时代
2020-04-28,137.27,140.38,131.88,138.57,22691656.0,3115997363.0,0.03226796050824351,False,300750,宁德时代
2020-04-29,136.4,140.47,136.28,138.99,11954408.0,1659513004.0,0.003026374986043124,False,300750,宁德时代
2020-04-30,144.28,148.8,144.28,144.66,23338521.0,3409837973.0,0.03998417332446798,False,300750,宁德时代
2020-05-06,139.27,147.09,139.02,146.08,19146391.0,2769607852.0,0.009768255425523757,False,300750,宁德时代
2020-05-07,146.59,147.49,141.28,143.48,16078680.0,2302059541.0,-0.017958764182576675,False,300750,宁德时代
2020-05-08,143.28,145.51,141.17,144.36,14133880.0,2024998125.0,0.006114527110506186,False,300750,宁德时代
2020-05-11,144.48,146.27,135.33,137.89,28536431.0,3959234289.0,-0.045853913920938204,False,300750,宁德时代
2020-05-12,139.33,140.15,136.0,139.27,16027660.0,2208624439.0,0.00995822921135086,False,300750,宁德时代
2020-05-13,137.6,139.92,137.15,138.53,12154242.0,1678255895.0,-0.005327586395213029,False,300750,宁德时代
2020-05-14,138.12,138.52,135.77,135.87,11433488.0,1560698259.0,-0.019388362433555444,False,300750,宁德时代
2020-05-15,140.21,147.98,139.23,145.77,32212118.0,4605864489.0,0.07033149084968919,False,300750,宁德时代
2020-05-18,145.28,145.28,139.96,142.09,16088936.0,2287442334.0,-0.025569377435937388,False,300750,宁德时代
2020-05-19,143.48,146.09,142.8,143.54,10425183.0,1499320586.0,0.010153082351941777,False,300750,宁德时代
2020-05-20,150.29,155.71,149.3,149.59,32969279.0,5027432242.0,0.04128447638444372,False,300750,宁德时代
2020-05-21,152.11,153.85,146.87,147.75,15487607.0,2328717776.0,-0.012376562100162053,False,300750,宁德时代
2020-05-22,146.91,147.15,141.28,143.09,14817295.0,2127136883.0,-0.03204785336756395,False,300750,宁德时代
2020-05-25,142.96,144.69,140.83,144.58,10378205.0,1482241104.0,0.010359184653507566,False,300750,宁德时代
2020-05-26,146.06,150.71,145.49,150.32,17486531.0,2596292602.0,0.03893336753305865,False,300750,宁德时代
2020-05-27,150.25,155.3,150.19,151.8,18104917.0,2763780108.0,0.009797509856319733,False,300750,宁德时代
2020-05-28,150.28,151.2,143.78,148.13,17424709.0,2553996974.0,-0.024473598367568888,False,300750,宁德时代
2020-05-29,147.29,148.12,144.78,145.82,14142791.0,2060033605.0,-0.01571728221567657,False,300750,宁德时代
2020-06-01,147.76,153.33,146.65,151.25,15176562.0,2284037537.0,0.03656111253266669,False,300750,宁德时代
2020-06-02,154.3,155.19,147.27,149.75,13703028.0,2055312033.0,-0.009966859915392147,False,300750,宁德时代
2020-06-03,150.29,151.42,148.1,148.79,11363532.0,1693882301.0,-0.0064313211559528195,False,300750,宁德时代
2020-06-04,150.32,154.66,149.11,150.52,13757396.0,2082248432.0,0.011560049885630587,False,300750,宁德时代
2020-06-05,150.07,151.87,147.77,151.72,9862700.0,1475831341.0,0.007940751095461558,False,300750,宁德时代
2020-06-08,154.27,155.08,150.98,151.92,10560379.0,1605995419.0,0.0013173496833321307,False,300750,宁德时代
2020-06-09,155.03,156.51,153.63,154.49,15069925.0,2325730460.0,0.016775302819928097,False,300750,宁德时代
2020-06-10,160.45,160.45,154.03,157.22,19821016.0,3097487315.0,0.01751672904165195,False,300750,宁德时代
2020-06-11,160.55,170.67,158.68,164.55,36817709.0,6056179350.0,0.045568377023738504,False,300750,宁德时代
2020-06-12,160.73,163.06,159.43,159.85,25244551.0,4038133987.0,-0.028978599883498584,False,300750,宁德时代
2020-06-15,156.77,161.82,156.05,158.24,15945246.0,2526289033.0,-0.01012300763144834,False,300750,宁德时代
2020-06-16,161.56,163.84,158.56,160.55,13129741.0,2107390563.0,0.014492552661121033,False,300750,宁德时代
2020-06-17,159.59,161.05,156.55,158.34,12529134.0,1973464262.0,-0.013860800792235324,False,300750,宁德时代
2020-06-18,158.34,160.12,156.54,159.5,9656214.0,1526258396.0,0.007299302481611535,False,300750,宁德时代
2020-06-19,160.53,169.38,159.7,166.47,25019327.0,4137793352.0,0.0427711907810204,False,300750,宁德时代
2020-06-22,166.32,171.89,165.07,165.57,19041226.0,3191062037.0,-0.005421046886399947,False,300750,宁德时代
2020-06-23,166.57,169.71,164.08,169.47,15947506.0,2662217151.0,0.02328185388576075,False,300750,宁德时代
2020-06-24,171.11,174.18,169.88,172.09,14660407.0,2515400581.0,0.015341675771539259,False,300750,宁德时代
2020-06-29,171.09,173.1,169.59,171.63,11604049.0,1980641413.0,-0.0026765988282726194,False,300750,宁德时代
2020-06-30,173.6,180.09,173.6,174.96,16251433.0,2849476588.0,0.019216379419965447,False,300750,宁德时代
2020-07-01,179.12,182.53,168.46,169.98,28657478.0,4991087873.0,-0.02887659329803232,False,300750,宁德时代
2020-07-02,172.59,172.77,165.08,167.78,27047963.0,4535545522.0,-0.013027185652331602,False,300750,宁德时代
2020-07-03,170.59,171.33,167.61,168.18,24026447.0,4054240061.0,0.0023812369866033378,False,300750,宁德时代
2020-07-06,168.78,180.62,168.17,178.41,30715268.0,5324573165.0,0.059049437981860076,False,300750,宁德时代
2020-07-07,188.65,196.25,188.15,196.25,25360423.0,4915716572.0,0.0953050842759059,False,300750,宁德时代
2020-07-08,198.67,199.51,190.64,198.25,28889036.0,5645451324.0,0.01013950385243955,False,300750,宁德时代
2020-07-09,197.68,207.48,196.68,205.73,27903552.0,5622121401.0,0.037035768971181854,False,300750,宁德时代
2020-07-10,203.68,207.87,201.29,204.6,16829333.0,3436550912.0,-0.005507775968613175,False,300750,宁德时代
2020-07-13,212.33,225.06,212.33,224.88,30326879.0,6609862260.0,0.09451007308075034,False,300750,宁德时代
2020-07-14,214.74,221.46,209.58,216.7,33329626.0,7129824248.0,-0.037053018055963095,False,300750,宁德时代
2020-07-15,219.76,221.33,202.81,207.74,27435061.0,5785551114.0,-0.042226610742647906,False,300750,宁德时代
2020-07-16,208.72,213.61,197.08,197.45,27254968.0,5596500616.0,-0.050801910067006975,False,300750,宁德时代
2020-07-17,197.69,201.87,188.73,196.38,30378591.0,5903627257.0,-0.005433829991514193,False,300750,宁德时代
2020-07-20,204.79,211.84,199.78,206.01,28999908.0,5919664190.0,0.04787315355955054,False,300750,宁德时代
2020-07-21,210.71,210.71,203.7,207.71,18656592.0,3855792321.0,0.00821816478732237,False,300750,宁德时代
2020-07-22,205.71,211.92,203.73,208.61,19165779.0,3992449599.0,0.004323603968177911,False,300750,宁德时代
2020-07-23,207.71,216.25,206.71,214.24,25589954.0,5395410865.0,0.02663040188666735,False,300750,宁德时代
2020-07-24,209.72,210.62,196.53,199.37,34398314.0,6943402672.0,-0.07193448708812687,False,300750,宁德时代
2020-07-27,198.68,201.67,190.65,191.96,25155581.0,4870628816.0,-0.03787537786469068,False,300750,宁德时代
2020-07-28,196.73,201.19,196.18,198.2,20148990.0,3988264848.0,0.03198960490584269,False,300750,宁德时代
2020-07-29,198.2,205.71,195.94,204.88,18998583.0,3844683434.0,0.033147819995382216,False,300750,宁德时代
2020-07-30,205.71,207.69,203.1,206.06,14353072.0,2944644013.0,0.005742946625652179,False,300750,宁德时代
2020-07-31,206.71,216.04,206.21,212.9,20704980.0,4378422256.0,0.032655183382511915,False,300750,宁德时代
2020-08-03,214.62,216.54,210.77,216.34,15106133.0,3216865098.0,0.016028672302709785,False,300750,宁德时代
2020-08-04,215.04,223.75,211.05,211.42,19958062.0,4309494880.0,-0.02300456786162661,False,300750,宁德时代
2020-08-05,211.47,213.53,207.26,211.08,12730060.0,2664523683.0,-0.0016094678030497743,False,300750,宁德时代
2020-08-06,217.63,218.63,208.72,212.23,14565688.0,3082282260.0,0.005433383710082632,False,300750,宁德时代
2020-08-07,209.72,215.04,202.81,204.99,18055246.0,3733669852.0,-0.03470939478675306,False,300750,宁德时代
2020-08-10,204.9,206.01,198.76,201.37,13078744.0,2629646475.0,-0.01781718557048266,False,300750,宁德时代
2020-08-11,201.44,205.31,198.81,199.1,12233213.0,2468198213.0,-0.011336800820163485,False,300750,宁德时代
2020-08-12,200.59,200.95,188.85,196.41,25272741.0,4855191799.0,-0.013602899949040941,False,300750,宁德时代
2020-08-13,201.49,202.68,195.14,196.67,13061210.0,2581164117.0,0.001322886119452887,False,300750,宁德时代
2020-08-14,198.38,201.14,196.67,201.06,11970002.0,2373752131.0,0.022076173736711537,False,300750,宁德时代
2020-08-17,200.69,201.06,194.87,197.3,19707410.0,3866925435.0,-0.01887795794870436,False,300750,宁德时代
2020-08-18,200.29,205.71,196.56,199.97,22122398.0,4415130041.0,0.013441942268341845,False,300750,宁德时代
2020-08-19,198.48,198.48,190.66,190.85,18714680.0,3610137183.0,-0.04667957610567287,False,300750,宁德时代
2020-08-20,187.65,191.66,185.64,189.07,13020138.0,2444311254.0,-0.009370462331401255,False,300750,宁德时代
2020-08-21,192.02,194.61,190.66,192.89,14655272.0,2815939720.0,0.0200027613763113,False,300750,宁德时代
2020-08-24,194.87,208.72,192.9,202.71,25806984.0,5156579058.0,0.04965630799604424,False,300750,宁德时代
2020-08-25,202.71,206.71,199.65,200.61,14549072.0,2935647680.0,-0.010413661498196048,False,300750,宁德时代
2020-08-26,199.7,200.67,193.61,195.07,15240258.0,2985718224.0,-0.028004256227155726,False,300750,宁德时代
2020-08-27,203.2,209.22,199.69,205.66,28397772.0,5799779573.0,0.0528658512942034,False,300750,宁德时代
2020-08-28,207.03,210.22,204.38,209.02,16967122.0,3510925235.0,0.01620562136531324,False,300750,宁德时代
2020-08-31,210.38,211.49,205.72,207.06,13514481.0,2797718777.0,-0.009421334828390596,False,300750,宁德时代
2020-09-01,207.21,215.74,205.72,214.99,19716189.0,4175644975.0,0.03758290908008956,False,300750,宁德时代
2020-09-02,214.1,214.87,208.72,212.04,14608611.0,3084140608.0,-0.01381657929845124,False,300750,宁德时代
2020-09-03,210.72,211.73,206.6,210.62,12452889.0,2600401902.0,-0.006719374167154116,False,300750,宁德时代
2020-09-04,202.92,206.37,201.27,204.96,14773663.0,2993649066.0,-0.027240723804026985,False,300750,宁德时代
2020-09-07,203.6,205.56,180.62,187.04,44789699.0,8540774210.0,-0.09149234042466593,False,300750,宁德时代
2020-09-08,185.64,188.65,180.13,187.54,22073272.0,4063178479.0,0.002669658267720738,False,300750,宁德时代
2020-09-09,179.62,188.15,178.6,184.96,18934368.0,3444737255.0,-0.013852570507466341,False,300750,宁德时代
2020-09-10,185.64,190.15,185.14,185.6,14826421.0,2775741169.0,0.0034542348680873824,False,300750,宁德时代
2020-09-11,186.64,189.95,183.98,187.95,11765001.0,2188559589.0,0.012582149658086792,False,300750,宁德时代
2020-09-14,191.16,195.65,190.66,193.45,14289637.0,2755344741.0,0.02884311113633508,False,300750,宁德时代
2020-09-15,196.17,197.68,193.49,195.37,11703665.0,2283119875.0,0.009876115457022192,False,300750,宁德时代
2020-09-16,197.47,197.58,191.16,192.92,11837864.0,2289962853.0,-0.012619601402773082,False,300750,宁德时代
2020-09-17,192.9,202.65,191.66,199.08,18130771.0,3567477518.0,0.031431158789582435,False,300750,宁德时代
2020-09-18,199.6,200.69,195.9,198.71,10548691.0,2089777817.0,-0.0018602785726285268,False,300750,宁德时代
2020-09-21,202.6,208.72,197.54,198.61,16068319.0,3253235562.0,-0.0005033726070246988,False,300750,宁德时代
2020-09-22,200.69,204.9,198.61,201.19,12339378.0,2486477011.0,0.012906632390444522,False,300750,宁德时代
2020-09-23,200.29,200.51,191.76,197.68,15719429.0,3068479262.0,-0.017600173520790147,False,300750,宁德时代
2020-09-24,194.32,196.48,190.77,191.48,10668028.0,2053506544.0,-0.031866197156046445,False,300750,宁德时代
2020-09-25,194.27,195.37,191.25,192.16,6801208.0,1308079227.0,0.003544993807365103,False,300750,宁德时代
2020-09-28,194.12,197.63,192.47,193.58,8233195.0,1600223954.0,0.007362505389269257,False,300750,宁德时代
2020-09-29,196.16,206.96,196.1,205.7,20243551.0,4072131575.0,0.06072793293796886,False,300750,宁德时代
2020-09-30,206.01,211.74,204.5,209.92,15990837.0,3336273481.0,0.02030770909681277,False,300750,宁德时代
2020-10-09,220.75,229.67,220.53,225.65,23959241.0,5376329911.0,0.07225862051728599,False,300750,宁德时代
2020-10-12,228.79,235.81,228.08,235.59,18938222.0,4398493907.0,0.0431078797818828,False,300750,宁德时代
2020-10-13,235.69,239.4,229.79,236.48,10746666.0,2516817784.0,0.0037706317049439803,False,300750,宁德时代
2020-10-14,237.82,244.84,235.61,238.12,13770183.0,3291861336.0,0.006911110525352368,False,300750,宁德时代
2020-10-15,241.94,244.94,237.82,239.42,9953526.0,2390083998.0,0.005444583538034333,False,300750,宁德时代
2020-10-16,240.33,240.83,225.08,228.89,20304062.0,4680601974.0,-0.04497779301866686,False,300750,宁德时代
2020-10-19,232.13,236.91,228.79,230.2,13002499.0,3013473696.0,0.005706957483225176,False,300750,宁德时代
2020-10-20,231.43,242.43,229.73,242.43,13596634.0,3215157955.0,0.05176451262568371,False,300750,宁德时代
2020-10-21,240.89,241.46,228.47,233.13,16167925.0,3765707374.0,-0.03911677102420548,False,300750,宁德时代
2020-10-22,230.99,234.61,227.78,232.68,9055157.0,2083319771.0,-0.0019321188466997002,False,300750,宁德时代
2020-10-23,233.31,239.58,225.22,225.78,11593811.0,2675565183.0,-0.030103045209159886,False,300750,宁德时代
2020-10-26,226.75,234.44,220.09,233.95,10802773.0,2483444489.0,0.03554634347882444,False,300750,宁德时代
2020-10-27,235.81,239.52,232.8,238.03,9101539.0,2142729171.0,0.017289298835730934,False,300750,宁德时代
2020-10-28,228.44,246.32,227.44,241.09,22415826.0,5333295830.0,0.012773591613252443,False,300750,宁德时代
2020-10-29,237.84,244.86,233.12,240.83,17435230.0,4141992877.0,-0.0010790173689659034,False,300750,宁德时代
2020-10-30,241.85,257.49,239.12,248.02,22958747.0,5697363353.0,0.029418097682383737,False,300750,宁德时代
2020-11-02,247.85,266.42,245.35,261.04,18946131.0,4851443508.0,0.05116426421043891,False,300750,宁德时代
2020-11-03,260.9,260.9,248.03,256.9,18456665.0,4678655503.0,-0.015986748169227457,False,300750,宁德时代
2020-11-04,255.88,260.9,250.86,256.43,11061672.0,2823450165.0,-0.001831181233649339,False,300750,宁德时代
2020-11-05,261.9,269.43,261.86,269.43,15795924.0,4183384890.0,0.049452893468779575,False,300750,宁德时代
2020-11-06,272.32,276.18,260.9,264.41,15658385.0,4181642686.0,-0.018807687606048867,False,300750,宁德时代
2020-11-09,268.92,273.84,262.0,267.35,13228570.0,3519918485.0,0.011057732649821522,False,300750,宁德时代
2020-11-10,266.24,272.82,256.43,266.84,14417544.0,3798315741.0,-0.0019094335534260557,False,300750,宁德时代
2020-11-11,265.02,268.4,251.71,251.71,15758398.0,4067832842.0,-0.058371596652145745,False,300750,宁德时代
2020-11-12,260.9,260.9,253.45,255.13,9716864.0,2484194229.0,0.013495587984955766,False,300750,宁德时代
2020-11-13,259.01,261.67,253.87,254.08,11377678.0,2916695927.0,-0.004124041115353699,False,300750,宁德时代
2020-11-16,254.77,258.59,248.28,255.78,12312065.0,3117461905.0,0.006668521946403124,False,300750,宁德时代
2020-11-17,258.19,260.9,247.35,251.54,13674853.0,3446644846.0,-0.016715677386164467,False,300750,宁德时代
2020-11-18,250.98,252.93,237.64,241.33,19283321.0,4666571941.0,-0.041436731151487556,False,300750,宁德时代
2020-11-19,241.84,244.39,237.93,242.94,9758010.0,2347767354.0,0.006649207804602893,False,300750,宁德时代
2020-11-20,245.33,254.48,245.32,252.95,12303462.0,3074188106.0,0.04037734146582035,False,300750,宁德时代
2020-11-23,252.95,260.6,250.96,253.87,12091293.0,3074248590.0,0.0036304842370006897,False,300750,宁德时代
2020-11-24,258.89,259.99,250.87,255.58,9791966.0,2493964414.0,0.006713147205611466,False,300750,宁德时代
2020-11-25,257.49,257.77,245.24,247.07,11709894.0,2919290535.0,-0.03386377489328737,False,300750,宁德时代
2020-11-26,247.45,247.45,240.03,246.19,8629485.0,2093179754.0,-0.0035681017460655103,False,300750,宁德时代
2020-11-27,246.27,249.63,238.82,242.84,8433221.0,2042276836.0,-0.013700805278971105,False,300750,宁德时代
2020-11-30,244.84,244.84,234.83,243.64,12666236.0,3027343940.0,0.003288935706050583,False,300750,宁德时代
2020-12-01,239.62,247.5,238.82,247.02,9491971.0,2313881358.0,0.013777579041584631,False,300750,宁德时代
2020-12-02,246.85,246.85,237.42,244.53,11965310.0,2878299333.0,-0.010131304235392592,False,300750,宁德时代
2020-12-03,244.53,247.82,239.19,246.84,10688561.0,2599398532.0,0.009402352678390334,False,300750,宁德时代
2020-12-04,245.91,252.17,245.19,250.58,9233784.0,2301628558.0,0.015037877364540502,False,300750,宁德时代
2020-12-07,251.77,265.74,251.77,262.36,17112954.0,4455396830.0,0.04593937560812807,False,300750,宁德时代
2020-12-08,266.42,270.82,265.41,266.95,11636158.0,3104188970.0,0.017343768520660365,False,300750,宁德时代
2020-12-09,269.66,273.54,262.98,266.92,15363649.0,4118082968.0,-0.00011238691078929845,False,300750,宁德时代
2020-12-10,264.06,268.42,259.89,265.73,9985664.0,2632528799.0,-0.004468232347214016,False,300750,宁德时代
2020-12-11,264.22,268.44,262.6,267.48,12893673.0,3422455577.0,0.006564041497586034,False,300750,宁德时代
2020-12-14,267.49,269.66,263.0,266.92,10724116.0,2853628549.0,-0.002095809150371997,False,300750,宁德时代
2020-12-15,268.92,280.33,265.36,279.46,17781261.0,4843902027.0,0.04591018161689584,False,300750,宁德时代
2020-12-16,281.17,287.29,277.96,287.05,14288803.0,4031211463.0,0.02679724696134411,False,300750,宁德时代
2020-12-17,285.18,288.79,282.98,285.79,8812326.0,2508931373.0,-0.004399141233174805,False,300750,宁德时代
2020-12-18,286.49,293.96,284.2,290.99,9512618.0,2747669767.0,0.01803162693938825,False,300750,宁德时代
2020-12-21,297.77,326.12,294.31,326.12,19810397.0,6099782515.0,0.11397650947485066,False,300750,宁德时代
2020-12-22,321.09,331.47,312.78,314.72,16874400.0,5377597576.0,-0.03558205715396106,False,300750,宁德时代
2020-12-23,314.75,330.44,308.24,319.1,17390320.0,5538718908.0,0.013821178643448761,False,300750,宁德时代
2020-12-24,318.09,319.76,309.56,312.07,9478596.0,2959419425.0,-0.022277011665067438,False,300750,宁德时代
2020-12-25,310.07,316.29,307.07,313.87,9539934.0,2967552614.0,0.005751365823333255,False,300750,宁德时代
2020-12-28,316.29,321.1,312.07,317.87,11973062.0,3782275236.0,0.01266360672270928,False,300750,宁德时代
2020-12-29,317.88,319.9,304.43,309.06,12174791.0,3759197905.0,-0.028107061359624163,False,300750,宁德时代
2020-12-30,321.1,349.14,321.1,341.17,22881682.0,7648664798.0,0.09884545397565668,False,300750,宁德时代
2020-12-31,346.17,355.12,342.89,352.32,15200521.0,5283669712.0,0.03215896675310953,False,300750,宁德时代
2021-01-04,359.34,412.53,359.34,405.49,22480807.0,8687099007.0,0.14055635880461342,False,300750,宁德时代
2021-01-05,396.36,405.19,387.34,403.39,22745201.0,9014539649.0,-0.005192376417103037,False,300750,宁德时代
2021-01-06,409.41,417.44,392.36,408.17,18668114.0,7476239866.0,0.011779918367552546,False,300750,宁德时代
2021-01-07,402.37,416.43,398.25,414.66,17389487.0,7064219722.0,0.015775153041980034,False,300750,宁德时代
2021-01-08,420.45,426.46,398.77,405.9,21006685.0,8534719469.0,-0.021352083486506027,False,300750,宁德时代
2021-01-11,411.29,411.29,387.33,391.35,23005038.0,9098694886.0,-0.03650452359400484,False,300750,宁德时代
2021-01-12,386.83,405.8,381.31,402.55,16559671.0,6519876505.0,0.02821701249514249,False,300750,宁德时代
2021-01-13,401.38,411.92,374.27,386.33,27261967.0,10634079157.0,-0.04112738623926658,False,300750,宁德时代
2021-01-14,376.49,385.32,369.29,370.28,19606569.0,7315308913.0,-0.0424324503077127,False,300750,宁德时代
2021-01-15,369.26,385.3,366.26,381.86,19822928.0,7439894399.0,0.030794573086307956,False,300750,宁德时代
2021-01-18,378.04,393.15,377.07,385.22,14201178.0,5471186934.0,0.00876055037075806,False,300750,宁德时代
2021-01-19,385.32,387.33,365.81,367.37,16286661.0,6085692761.0,-0.047445085081065715,False,300750,宁德时代
2021-01-20,375.09,394.74,372.19,392.75,21341613.0,8254525727.0,0.06680376256071988,False,300750,宁德时代
2021-01-21,388.34,400.38,381.31,392.65,17479166.0,6831720357.0,-0.000254647314846904,False,300750,宁德时代
2021-01-22,392.85,411.7,392.85,409.41,19044156.0,7637563994.0,0.041798469097248624,False,300750,宁德时代
2021-01-25,407.7,419.78,393.69,398.32,21741425.0,8762929074.0,-0.027461396584204933,False,300750,宁德时代
2021-01-26,398.18,398.18,385.08,386.83,15104374.0,5853513770.0,-0.029270382300113224,False,300750,宁德时代
2021-01-27,393.35,394.56,373.28,391.87,14838511.0,5705898439.0,0.012944832101318401,False,300750,宁德时代
2021-01-28,381.31,384.33,369.27,371.18,18182027.0,6792412556.0,-0.05424303198497378,False,300750,宁德时代
2021-01-29,377.31,378.3,343.74,355.33,27601326.0,9896345999.0,-0.04364018499951832,False,300750,宁德时代
2021-02-01,354.22,358.13,347.39,351.54,17525081.0,6170654212.0,-0.010723432365887811,False,300750,宁德时代
2021-02-02,353.22,371.27,338.53,369.07,25086475.0,8919403723.0,0.04866282516166425,False,300750,宁德时代
2021-02-03,380.31,388.9,376.34,382.29,21107294.0,8082621708.0,0.03519315494588097,False,300750,宁德时代
2021-02-04,386.24,395.16,380.81,389.84,21630174.0,8354708667.0,0.01955691564295324,False,300750,宁德时代
2021-02-05,396.36,398.36,374.14,374.74,18411695.0,7036248026.0,-0.03950394636488424,False,300750,宁德时代
2021-02-08,376.29,406.2,374.3,405.39,24402658.0,9586610902.0,0.07861711454773793,False,300750,宁德时代
2021-02-09,412.62,416.43,402.18,411.62,16203746.0,6632109519.0,0.015251026926209848,False,300750,宁德时代
2021-02-10,415.42,418.04,407.4,414.08,16282957.0,6704613975.0,0.005958598228166889,False,300750,宁德时代
2021-02-18,423.46,423.46,388.21,398.37,23824929.0,9491493857.0,-0.03867797020213518,False,300750,宁德时代
2021-02-19,391.35,397.37,375.49,388.84,18690354.0,7159858379.0,-0.024213273717477703,False,300750,宁德时代
2021-02-22,388.84,397.17,376.19,376.29,16720351.0,6411239337.0,-0.03280782524817513,False,300750,宁德时代
2021-02-23,371.28,377.84,362.13,377.84,13604746.0,5027757786.0,0.0041107028831686146,False,300750,宁德时代
2021-02-24,376.29,379.3,340.57,348.2,30272084.0,10682015851.0,-0.08169379825377297,False,300750,宁德时代
2021-02-25,355.07,355.07,336.16,338.26,24575702.0,8445690070.0,-0.02896219678819269,False,300750,宁德时代
2021-02-26,324.11,334.15,318.89,323.34,22950635.0,7449904802.0,-0.045110429372435736,False,300750,宁德时代
2021-03-01,332.65,346.81,329.41,345.79,20539402.0,6964880536.0,0.06712725320761243,False,300750,宁德时代
2021-03-02,354.22,354.42,342.24,350.81,15281131.0,5308970365.0,0.014413111982038988,False,300750,宁德时代
2021-03-03,347.24,350.84,341.53,350.84,10464433.0,3617077586.0,8.551272006911904e-05,False,300750,宁德时代
2021-03-04,346.19,346.19,324.02,326.69,18103403.0,5984259540.0,-0.07131857006614326,False,300750,宁德时代
2021-03-05,314.09,328.01,309.39,321.1,17307341.0,5511104280.0,-0.017259107921569195,False,300750,宁德时代
2021-03-08,324.11,335.87,301.92,306.05,21295514.0,6751702326.0,-0.0480041137983894,False,300750,宁德时代
2021-03-09,301.04,311.57,290.0,301.04,27357719.0,8235734795.0,-0.016505341011897028,False,300750,宁德时代
2021-03-10,317.09,323.39,314.08,315.59,23763768.0,7542999118.0,0.047200756506462,False,300750,宁德时代
2021-03-11,317.09,334.63,312.37,332.42,20964281.0,6829108562.0,0.05195532685132024,False,300750,宁德时代
2021-03-12,338.07,346.19,332.44,342.64,18952041.0,6424536235.0,0.030281103664151373,False,300750,宁德时代
2021-03-15,341.17,341.17,308.06,313.38,23040352.0,7361113707.0,-0.08926382163085313,False,300750,宁德时代
2021-03-16,318.09,326.11,314.58,324.11,13712397.0,4384184142.0,0.03366645266972687,False,300750,宁德时代
2021-03-17,318.98,337.36,314.18,334.15,14672578.0,4829807795.0,0.030507029611089757,False,300750,宁德时代
2021-03-18,335.15,344.29,334.66,336.96,11366956.0,3840901084.0,0.008374234988531461,False,300750,宁德时代
2021-03-19,326.12,334.14,312.07,317.59,18971590.0,6051504890.0,-0.05920298621442485,False,300750,宁德时代
2021-03-22,320.1,322.11,299.92,308.86,23171883.0,7137600231.0,-0.02787314293633077,False,300750,宁德时代
2021-03-23,306.05,311.71,301.16,304.96,15116923.0,4603584946.0,-0.012707479329017744,False,300750,宁德时代
2021-03-24,306.05,306.15,285.98,289.79,25208186.0,7334176816.0,-0.0510240977308658,False,300750,宁德时代
2021-03-25,281.48,294.36,281.02,292.56,18439889.0,5281518749.0,0.009513251106154414,False,300750,宁德时代
2021-03-26,296.02,315.13,294.01,314.7,23710285.0,7292443311.0,0.0729500302292353,False,300750,宁德时代
2021-03-29,314.58,320.87,306.06,312.68,15563243.0,4871068354.0,-0.006439500718231484,False,300750,宁德时代
2021-03-30,312.69,322.09,309.06,320.08,12640386.0,4003150839.0,0.023390661196849852,False,300750,宁德时代
2021-03-31,319.99,327.29,314.08,323.28,16054553.0,5133802499.0,0.009947856221238694,False,300750,宁德时代
2021-04-01,324.92,336.65,324.42,331.13,11333813.0,3741712771.0,0.023992226745761274,False,300750,宁德时代
2021-04-02,334.1,337.34,328.01,333.55,9262891.0,3074575828.0,0.007281731639544931,False,300750,宁德时代
2021-04-06,336.16,339.17,320.19,326.92,10463817.0,3421873641.0,-0.020077286507595403,False,300750,宁德时代
2021-04-07,334.06,334.06,313.23,321.1,13393147.0,4245479570.0,-0.0179628915524607,False,300750,宁德时代
2021-04-08,315.08,322.77,312.07,320.95,7870973.0,2507089321.0,-0.000467253337681224,False,300750,宁德时代
2021-04-09,325.13,325.13,311.07,313.08,9323686.0,2918718120.0,-0.024826598821149785,False,300750,宁德时代
2021-04-12,319.36,326.16,314.18,316.1,14059546.0,4483570207.0,0.009599870284934711,False,300750,宁德时代
2021-04-13,314.38,334.15,314.18,325.88,14021091.0,4558191606.0,0.030470596220868937,False,300750,宁德时代
2021-04-14,332.4,348.69,329.81,347.19,18504345.0,6295708676.0,0.06334296508565515,False,300750,宁德时代
2021-04-15,341.13,342.68,334.32,338.16,12474137.0,4202803203.0,-0.026353024269561504,False,300750,宁德时代
2021-04-16,341.17,341.57,325.72,334.99,11536269.0,3834287111.0,-0.009418475625279175,False,300750,宁德时代
2021-04-19,336.16,365.76,332.49,365.26,20547682.0,7250923622.0,0.08650874813064023,False,300750,宁德时代
2021-04-20,359.22,370.06,354.72,360.24,14283434.0,5154523735.0,-0.013838952770579456,False,300750,宁德时代
2021-04-21,352.37,359.13,349.0,356.92,12399643.0,4373022069.0,-0.00925880896136554,False,300750,宁德时代
2021-04-22,367.26,367.86,354.85,363.61,10791346.0,3907120260.0,0.01857019764345442,False,300750,宁德时代
2021-04-23,363.61,374.29,361.25,372.78,11536538.0,4255126795.0,0.024906568628252215,False,300750,宁德时代
2021-04-26,374.89,381.31,348.4,350.2,25623665.0,9238754936.0,-0.062484013451905976,False,300750,宁德时代
2021-04-27,351.21,352.01,341.43,349.8,15180979.0,5243699574.0,-0.0011428572672497483,False,300750,宁德时代
2021-04-28,354.23,376.29,353.21,368.3,23632614.0,8597828978.0,0.0515362608665179,False,300750,宁德时代
2021-04-29,372.09,383.22,369.14,381.3,18086320.0,6806129766.0,0.03468864341249852,False,300750,宁德时代
2021-04-30,374.29,393.35,369.19,389.51,25865106.0,9896566189.0,0.02130307205866481,False,300750,宁德时代
2021-05-06,391.35,391.35,369.77,385.32,18968026.0,7198512557.0,-0.010815381032760021,False,300750,宁德时代
2021-05-07,385.32,388.89,367.39,368.55,15138529.0,5685506806.0,-0.044497770254125,False,300750,宁德时代
2021-05-10,366.06,375.28,361.24,369.48,12455280.0,4573789550.0,0.0025202240891114194,False,300750,宁德时代
2021-05-11,363.25,371.18,354.22,367.86,11412084.0,4142445890.0,-0.004394180721757712,False,300750,宁德时代
2021-05-12,368.27,370.34,356.82,362.75,13360160.0,4812795101.0,-0.013988539238354362,False,300750,宁德时代
2021-05-13,355.52,360.02,350.91,352.31,11347605.0,4017576452.0,-0.02920242192071529,False,300750,宁德时代
2021-05-14,354.74,361.74,344.35,360.24,17657660.0,6228877398.0,0.022259006149734292,False,300750,宁德时代
2021-05-17,361.24,377.18,361.23,374.47,19330918.0,7172265166.0,0.038741216946157404,False,300750,宁德时代
2021-05-18,373.28,380.51,367.72,370.37,8962010.0,3323751525.0,-0.011009186968120003,False,300750,宁德时代
2021-05-19,367.76,381.31,364.25,376.34,11746435.0,4407782456.0,0.015990484145144784,False,300750,宁德时代
2021-05-20,379.1,385.21,371.38,379.04,12843969.0,4839062724.0,0.007148750293977016,False,300750,宁德时代
2021-05-21,384.09,388.62,370.24,376.87,14056597.0,5316782153.0,-0.005741440015374561,False,300750,宁德时代
2021-05-24,381.31,389.89,377.48,389.3,16961148.0,6535959080.0,0.03244995422130919,False,300750,宁德时代
2021-05-25,390.78,397.37,387.03,396.89,14957705.0,5881748190.0,0.019308909591913122,False,300750,宁德时代
2021-05-26,396.36,401.36,385.99,386.75,12698850.0,4932244991.0,-0.025880674755147656,False,300750,宁德时代
2021-05-27,388.85,391.35,383.17,385.32,7959838.0,3073473015.0,-0.0037043315637526595,False,300750,宁德时代
2021-05-28,391.35,422.95,391.35,411.01,27715051.0,11346592533.0,0.06454338721106356,False,300750,宁德时代
2021-05-31,417.44,437.07,415.43,435.6,20006312.0,8540083589.0,0.058106845958319046,False,300750,宁德时代
2021-06-01,421.45,432.49,417.96,426.81,15875357.0,6727933260.0,-0.020385441727620145,False,300750,宁德时代
2021-06-02,430.58,435.19,420.72,425.96,11571216.0,4933369540.0,-0.001993504184002351,False,300750,宁德时代
2021-06-03,427.47,429.76,411.41,416.21,12375991.0,5164432660.0,-0.023155504566151223,False,300750,宁德时代
2021-06-04,420.45,441.02,416.59,433.7,18010150.0,7765736027.0,0.041163110260288745,False,300750,宁德时代
2021-06-07,425.31,425.45,401.38,408.91,21529447.0,8812647426.0,-0.05885796791258563,False,300750,宁德时代
2021-06-08,405.39,426.32,405.39,411.0,16631690.0,6887633928.0,0.0050981315674997465,False,300750,宁德时代
2021-06-09,410.41,417.44,404.39,410.78,9358239.0,3829137541.0,-0.0005354231187319693,False,300750,宁德时代
2021-06-10,411.5,446.19,411.5,436.13,19350231.0,8400201737.0,0.05988257266675558,False,300750,宁德时代
2021-06-11,444.53,459.42,431.54,453.54,19796063.0,8816469191.0,0.039143104487882066,False,300750,宁德时代
2021-06-15,454.56,457.47,437.0,446.54,10252153.0,4562143371.0,-0.015554486561849405,False,300750,宁德时代
2021-06-16,442.43,445.33,418.45,421.63,13969365.0,5989483516.0,-0.05740082977945672,False,300750,宁德时代
2021-06-17,425.71,439.25,425.71,436.01,10272398.0,4433456915.0,0.033537026674995536,False,300750,宁德时代
2021-06-18,438.7,456.77,438.7,451.55,15600042.0,7001105223.0,0.035020929830977945,False,300750,宁德时代
2021-06-21,453.36,457.47,441.74,454.36,12082314.0,5452180813.0,0.006203726666413178,False,300750,宁德时代
2021-06-22,451.73,455.56,441.74,451.78,8847005.0,3966367404.0,-0.005694499684091838,False,300750,宁德时代
2021-06-23,455.65,473.64,453.06,470.07,12445699.0,5774145631.0,0.03968628410529777,False,300750,宁德时代
2021-06-24,474.76,476.52,463.6,468.91,9213246.0,4302188924.0,-0.002470767407442277,False,300750,宁德时代
2021-06-25,474.63,478.65,460.58,477.87,9955534.0,4686222358.0,0.018927876597672103,False,300750,宁德时代
2021-06-28,477.86,504.72,469.93,495.6,14643927.0,7224070342.0,0.036430420780330736,False,300750,宁德时代
2021-06-29,515.42,521.39,505.96,510.26,15340180.0,7834685996.0,0.029151249979082475,False,300750,宁德时代
2021-06-30,510.77,543.87,499.72,536.65,14455682.0,7574604648.0,0.0504257131934633,False,300750,宁德时代
2021-07-01,538.65,541.86,519.8,531.33,11324700.0,5996925820.0,-0.009962815790882734,False,300750,宁德时代
2021-07-02,525.94,537.01,511.42,521.38,13871718.0,7242849769.0,-0.018904154639152723,False,300750,宁德时代
2021-07-05,517.02,530.75,510.06,521.3,14351499.0,7406241682.0,-0.00015345072343776663,False,300750,宁德时代
2021-07-06,522.04,543.09,503.87,517.25,18055540.0,9395935107.0,-0.007799375148407756,False,300750,宁德时代
2021-07-07,522.04,544.62,509.12,544.62,18145691.0,9654261557.0,0.051561987140938424,False,300750,宁德时代
2021-07-08,553.15,573.74,544.76,561.35,15879012.0,8888330055.0,0.030256293138197565,False,300750,宁德时代
2021-07-09,561.18,561.18,536.64,548.02,15660730.0,8521226652.0,-0.024032814272383598,False,300750,宁德时代
2021-07-12,558.29,579.26,558.29,568.0,15476312.0,8772503853.0,0.03580963608874654,False,300750,宁德时代
2021-07-13,562.19,581.87,554.16,565.21,13637065.0,7678988306.0,-0.00492407521520787,False,300750,宁德时代
2021-07-14,557.17,564.08,543.12,553.53,12587871.0,6965504601.0,-0.02088139228404295,False,300750,宁德时代
2021-07-15,547.13,571.11,543.17,570.22,13733347.0,7628510590.0,0.029706300053679316,False,300750,宁德时代
2021-07-16,569.22,569.22,530.2,533.08,17849493.0,9719489198.0,-0.06735074456405357,False,300750,宁德时代
2021-07-19,542.11,543.8,518.02,525.55,18012945.0,9474773727.0,-0.014226173442163032,False,300750,宁德时代
2021-07-20,517.02,541.38,517.02,530.11,13000547.0,6869197469.0,0.008639198911681417,False,300750,宁德时代
2021-07-21,532.09,558.26,528.07,557.96,18204911.0,9878628607.0,0.05120274304298988,False,300750,宁德时代
2021-07-22,558.78,565.9,547.83,559.26,10883599.0,6027459317.0,0.0023272060770861687,False,300750,宁德时代
2021-07-23,557.17,566.2,548.14,549.15,9332873.0,5157401635.0,-0.018242853066765864,False,300750,宁德时代
2021-07-26,546.13,555.09,524.55,541.89,12728980.0,6852321741.0,-0.013308599421779057,False,300750,宁德时代
2021-07-27,545.15,561.38,496.94,496.94,17846033.0,9419312665.0,-0.08659373434979392,False,300750,宁德时代
2021-07-28,497.94,535.39,497.94,527.11,21724743.0,11221667797.0,0.05893996095053744,False,300750,宁德时代
2021-07-29,548.14,559.92,531.07,558.98,18620249.0,10167714631.0,0.05870443892641267,False,300750,宁德时代
2021-07-30,567.21,584.48,542.11,552.55,20181013.0,11332846399.0,-0.01156976730494078,False,300750,宁德时代
2021-08-02,559.18,577.24,534.97,554.16,18297279.0,10131832068.0,0.002909526679558509,False,300750,宁德时代
2021-08-03,557.17,558.18,525.05,533.08,12238308.0,6535093740.0,-0.03878194700282325,False,300750,宁德时代
2021-08-04,536.09,573.22,527.05,571.23,17400431.0,9647161978.0,0.0691204239430718,False,300750,宁德时代
2021-08-05,568.22,568.22,548.67,559.18,12979233.0,7197921133.0,-0.021320505753707177,False,300750,宁德时代
2021-08-06,567.0,569.22,541.11,546.01,14371245.0,7918384464.0,-0.023834134305388822,False,300750,宁德时代
2021-08-09,534.08,534.58,504.96,518.02,18583111.0,9534234240.0,-0.052623439042757465,False,300750,宁德时代
2021-08-10,513.01,521.22,500.95,512.5,18016853.0,9152881563.0,-0.010713140540181462,False,300750,宁德时代
2021-08-11,512.0,525.05,506.86,519.27,11236434.0,5790098627.0,0.013123268093853916,False,300750,宁德时代
2021-08-12,514.01,515.0,495.93,503.96,17116184.0,8599262131.0,-0.02992707926398816,False,300750,宁德时代
2021-08-13,481.88,531.97,481.88,504.02,27725763.0,14085448989.0,0.00011904998129093283,False,300750,宁德时代
2021-08-16,495.93,505.86,471.72,478.87,22043980.0,10620462840.0,-0.05118678799550006,False,300750,宁德时代
2021-08-17,486.9,496.74,479.11,481.88,15610638.0,7586087134.0,0.006265958570432082,False,300750,宁德时代
2021-08-18,488.44,504.87,479.28,496.94,15957481.0,7861906061.0,0.030774174064129894,False,300750,宁德时代
2021-08-19,503.96,511.73,485.89,504.97,14453518.0,7215253955.0,0.016029727107381098,False,300750,宁德时代
2021-08-20,500.95,501.15,484.39,496.04,12527606.0,6160678538.0,-0.017842452935591398,False,300750,宁德时代
2021-08-23,506.98,525.27,503.97,523.94,16224431.0,8359923041.0,0.0547206053136143,False,300750,宁德时代
2021-08-24,518.42,542.21,517.14,525.05,13313712.0,7011227150.0,0.002116322203816345,False,300750,宁德时代
2021-08-25,526.05,534.28,513.2,532.32,9530347.0,4963866861.0,0.013751316118164507,False,300750,宁德时代
2021-08-26,542.09,561.13,522.93,523.04,16798255.0,8951110527.0,-0.01758686929426623,False,300750,宁德时代
2021-08-27,522.04,526.05,503.96,509.49,11958157.0,6098898953.0,-0.026247717591112486,False,300750,宁德时代
2021-08-30,509.44,527.86,500.81,507.22,15714333.0,8036791727.0,-0.004465390862543396,False,300750,宁德时代
2021-08-31,513.94,513.94,487.75,496.81,14762087.0,7288932627.0,-0.020737175281080985,False,300750,宁德时代
2021-09-01,493.93,495.93,473.35,490.62,14462675.0,7006043910.0,-0.012537761839222733,False,300750,宁德时代
2021-09-02,493.93,498.05,487.68,495.43,11464887.0,5637614466.0,0.009756174945364656,False,300750,宁德时代
2021-09-03,499.95,505.85,482.76,488.4,11282023.0,5523301032.0,-0.014291330110756065,False,300750,宁德时代
2021-09-06,494.93,520.03,484.89,518.12,14791957.0,7471544142.0,0.05907213342550568,False,300750,宁德时代
2021-09-07,517.02,528.72,512.0,516.02,9422232.0,4866454172.0,-0.004061351241707484,False,300750,宁德时代
2021-09-08,521.03,525.63,501.96,504.97,9739395.0,4960557752.0,-0.021646502850184744,False,300750,宁德时代
2021-09-09,511.49,521.01,492.72,509.19,11016209.0,5541869353.0,0.008322206271386676,False,300750,宁德时代
2021-09-10,495.37,505.75,492.6,504.07,11296936.0,5625272662.0,-0.010106080525460982,False,300750,宁德时代
2021-09-13,504.07,514.1,497.94,504.77,8968966.0,4498932655.0,0.0013877326678927474,False,300750,宁德时代
2021-09-14,509.1,543.12,504.89,531.97,23383657.0,12347086769.0,0.052484216790188526,False,300750,宁德时代
2021-09-15,532.07,534.07,513.81,527.41,10501454.0,5470153201.0,-0.00860886209427737,False,300750,宁德时代
2021-09-16,525.05,525.05,499.95,499.95,11260408.0,5712849969.0,-0.05347014125803421,False,300750,宁德时代
2021-09-17,498.95,510.99,494.06,504.97,8193837.0,4095076762.0,0.009990928148304766,False,300750,宁德时代
2021-09-22,496.54,502.96,490.01,495.24,6423920.0,3170987210.0,-0.019456528017672267,False,300750,宁德时代
2021-09-23,506.84,506.84,493.73,494.92,7971421.0,3955499104.0,-0.0006463602067157084,False,300750,宁德时代
2021-09-24,496.81,514.52,492.42,501.94,10262492.0,5155614316.0,0.014084457290290637,False,300750,宁德时代
2021-09-27,506.98,521.83,501.75,515.51,14496264.0,7441411135.0,0.0266761112748929,False,300750,宁德时代
2021-09-28,514.0,519.98,500.15,502.39,9222505.0,4682091359.0,-0.025779991413664587,False,300750,宁德时代
2021-09-29,497.94,513.8,495.93,504.48,9395464.0,4739177463.0,0.004151485299456885,False,300750,宁德时代
2021-09-30,506.98,534.58,503.97,527.79,16714235.0,8696962248.0,0.04517028152231372,False,300750,宁德时代
2021-10-08,536.09,552.22,524.95,536.09,12516925.0,6710477516.0,0.015603580104117465,False,300750,宁德时代
2021-10-11,537.09,539.7,520.09,523.04,7830888.0,4112416011.0,-0.024644114447281366,False,300750,宁德时代
2021-10-12,523.62,524.67,500.83,506.98,9590683.0,4879529812.0,-0.0311863878945549,False,300750,宁德时代
2021-10-13,506.98,524.55,505.97,524.3,7652244.0,3950317431.0,0.0335924844971415,False,300750,宁德时代
2021-10-14,527.05,536.97,527.05,534.38,7841554.0,4161069009.0,0.01904315679390989,False,300750,宁德时代
2021-10-15,534.08,581.14,530.17,571.23,22951299.0,12822713735.0,0.06668473428220124,False,300750,宁德时代
2021-10-18,583.27,597.57,572.23,597.35,18670216.0,10933506378.0,0.04471127560863471,False,300750,宁德时代
2021-10-19,606.36,617.39,587.29,592.91,15088955.0,8990013550.0,-0.007460589441511977,False,300750,宁德时代
2021-10-20,597.33,615.78,589.3,591.81,12466583.0,7444464950.0,-0.0018569793978337533,False,300750,宁德时代
2021-10-21,592.31,601.34,582.27,598.33,10142297.0,6008461971.0,0.010956803784223597,False,300750,宁德时代
2021-10-22,608.35,608.35,592.64,603.75,11021603.0,6612493209.0,0.009017763758671818,False,300750,宁德时代
2021-10-25,614.4,627.61,605.69,613.16,14052090.0,8636989622.0,0.01546570833112421,False,300750,宁德时代
2021-10-26,638.25,640.98,598.26,600.33,14827692.0,9075608785.0,-0.021146409276324718,False,300750,宁德时代
2021-10-27,600.33,617.45,595.49,617.45,13548574.0,8191755890.0,0.028118589542249647,False,300750,宁德时代
2021-10-28,627.45,637.49,605.29,609.58,17282868.0,10650216883.0,-0.012827898128552328,False,300750,宁德时代
2021-10-29,617.7,648.02,601.28,641.72,20268702.0,12687999698.0,0.05138187604759591,False,300750,宁德时代
2021-11-01,643.51,681.66,633.6,652.54,22179659.0,14502525104.0,0.016720368517033086,False,300750,宁德时代
2021-11-02,657.56,668.37,650.54,660.58,13140789.0,8630072694.0,0.012245796991354092,False,300750,宁德时代
2021-11-03,653.55,658.59,630.46,642.51,12760630.0,8165156865.0,-0.02773585614067369,False,300750,宁德时代
2021-11-04,650.54,657.56,638.54,649.38,9201009.0,5951843600.0,0.010635680684521445,False,300750,宁德时代
2021-11-05,641.5,652.32,636.47,636.57,8555085.0,5465118685.0,-0.01992367315099204,False,300750,宁德时代
2021-11-08,639.49,667.58,633.47,663.39,12269565.0,8026800882.0,0.041268664153298704,False,300750,宁德时代
2021-11-09,670.35,670.61,655.69,665.88,6674583.0,4413176640.0,0.003746421588393415,False,300750,宁德时代
2021-11-10,653.68,659.04,637.49,650.54,12739826.0,8216658652.0,-0.023306686903108494,False,300750,宁德时代
2021-11-11,653.55,667.73,652.64,658.42,7701413.0,5069135677.0,0.012040238349513495,False,300750,宁德时代
2021-11-12,659.57,664.45,636.4,643.51,11420150.0,7312301472.0,-0.022905458641238628,False,300750,宁德时代
2021-11-15,643.5,643.5,610.34,622.43,14007599.0,8684428486.0,-0.03330639471426348,False,300750,宁德时代
2021-11-16,622.43,627.57,609.38,617.38,8433513.0,5202056655.0,-0.00814645458329323,False,300750,宁德时代
2021-11-17,625.44,632.9,619.98,628.33,7561643.0,4721304802.0,0.017580788526722024,False,300750,宁德时代
2021-11-18,628.33,639.15,615.99,628.45,7527274.0,4697499805.0,0.00019096421070457495,False,300750,宁德时代
2021-11-19,633.47,641.5,622.48,641.5,8456790.0,5343617370.0,0.020552713684844515,False,300750,宁德时代
2021-11-22,647.51,683.67,644.62,683.67,15308991.0,10215261575.0,0.06366616100709835,False,300750,宁德时代
2021-11-23,682.97,682.97,668.61,674.63,9931174.0,6671378515.0,-0.013310952626526562,False,300750,宁德时代
2021-11-24,672.79,678.45,652.89,661.38,8550354.0,5653890107.0,-0.01983583123298378,False,300750,宁德时代
2021-11-25,655.56,661.08,647.82,656.56,5822028.0,3798078532.0,-0.007314477881822969,False,300750,宁德时代
2021-11-26,653.55,671.42,653.55,660.58,5850222.0,3865245641.0,0.006104153669806081,False,300750,宁德时代
2021-11-29,656.56,687.18,655.56,682.46,11465261.0,7758115212.0,0.03258568029172517,False,300750,宁德时代
2021-11-30,687.44,688.34,675.97,682.66,7188131.0,4874671005.0,0.000293014535617292,False,300750,宁德时代
2021-12-01,682.66,687.67,666.71,674.63,6984571.0,4696868393.0,-0.011832539382341765,False,300750,宁德时代
2021-12-02,674.61,691.9,671.62,690.69,9178956.0,6268320478.0,0.023526705488125684,False,300750,宁德时代
2021-12-03,691.66,694.71,673.63,689.69,8078164.0,5501798477.0,-0.0014488766498166044,False,300750,宁德时代
2021-12-06,678.75,682.86,658.57,659.85,11261215.0,7509355192.0,-0.04422968481173349,False,300750,宁德时代
2021-12-07,664.59,665.6,614.6,631.46,22139147.0,13913426092.0,-0.04397793792942415,False,300750,宁德时代
2021-12-08,637.27,647.3,628.7,641.5,11886602.0,7580712088.0,0.015774585522276768,False,300750,宁德时代
2021-12-09,641.5,642.51,625.34,636.28,13427209.0,8443913159.0,-0.008170466025531398,False,300750,宁德时代
2021-12-10,624.66,655.92,623.61,642.45,21384418.0,13738235947.0,0.009650274699330042,False,300750,宁德时代
2021-12-13,642.4,663.25,632.55,660.94,16082778.0,10409792155.0,0.028374071443964272,False,300750,宁德时代
2021-12-14,659.91,659.91,646.5,653.56,8781080.0,5704000135.0,-0.011228722010831428,False,300750,宁德时代
2021-12-15,651.97,663.59,649.48,651.54,7048016.0,4606545054.0,-0.003095550705758702,False,300750,宁德时代
2021-12-16,659.87,659.87,649.61,657.62,6150222.0,4018260859.0,0.009288465447925382,False,300750,宁德时代
2021-12-17,653.56,656.55,642.2,653.74,13649081.0,8863377800.0,-0.005917538009760167,False,300750,宁德时代
2021-12-20,651.54,651.54,610.06,612.6,15511352.0,9648533094.0,-0.06499752449635429,False,300750,宁德时代
2021-12-21,608.37,617.1,596.41,606.43,12565780.0,7553655490.0,-0.01012288899871224,False,300750,宁德时代
2021-12-22,611.18,619.42,605.36,612.63,8361840.0,5103433202.0,0.01017185939611674,False,300750,宁德时代
2021-12-23,621.4,633.27,614.48,624.5,7971819.0,4954754968.0,0.01919016476955287,False,300750,宁德时代
2021-12-24,626.44,627.7,565.2,579.06,24608084.0,14321299320.0,-0.07554523041853278,False,300750,宁德时代
2021-12-27,576.45,590.29,575.74,580.86,10183543.0,5915820121.0,0.0031036648129354996,False,300750,宁德时代
2021-12-28,580.26,589.58,572.14,587.29,9659574.0,5589310230.0,0.011008971350430219,False,300750,宁德时代
2021-12-29,587.29,588.28,572.01,577.8,9963963.0,5731323286.0,-0.016290947278330498,False,300750,宁德时代
2021-12-30,579.26,598.62,577.82,592.31,12420946.0,7323088710.0,0.024802358444409943,False,300750,宁德时代
2021-12-31,600.64,608.36,584.28,590.3,9371117.0,5540408921.0,-0.0033992642299011176,False,300750,宁德时代
2022-01-04,608.37,609.38,563.2,571.11,17456845.0,9975828428.0,-0.03304904666083652,False,300750,宁德时代
2022-01-05,568.62,569.1,542.11,549.64,16657881.0,9167983226.0,-0.03831831712223346,False,300750,宁德时代
2022-01-06,540.62,549.14,533.87,543.59,13882602.0,7480050944.0,-0.011068232235114238,False,300750,宁德时代
2022-01-07,552.15,558.18,530.07,542.01,13169468.0,7135966664.0,-0.002910834774513965,False,300750,宁德时代
2022-01-10,537.07,551.15,526.29,540.51,14862906.0,7964179735.0,-0.002771313158226984,False,300750,宁德时代
2022-01-11,543.23,552.05,538.51,538.8,8472277.0,4582697696.0,-0.0031686937595095904,False,300750,宁德时代
2022-01-12,553.16,572.19,553.06,567.25,19164163.0,10752974048.0,0.051455679123742284,False,300750,宁德时代
2022-01-13,573.24,584.28,556.91,567.21,13899742.0,7924626261.0,-7.05181320038791e-05,False,300750,宁德时代
2022-01-14,559.24,583.07,558.18,579.66,11612818.0,6663124572.0,0.021712119229525914,False,300750,宁德时代
2022-01-17,591.16,610.88,581.07,609.23,14352844.0,8591412091.0,0.049754139962402015,False,300750,宁德时代
2022-01-18,609.23,610.15,588.29,589.1,10701672.0,6345099028.0,-0.033599916192233376,False,300750,宁德时代
2022-01-19,591.81,597.33,560.69,572.22,14487439.0,8273655033.0,-0.02907241570876565,False,300750,宁德时代
2022-01-20,568.22,580.26,565.56,571.36,8065361.0,4600905693.0,-0.001504048972737776,False,300750,宁德时代
2022-01-21,565.2,581.87,554.16,571.72,9917398.0,5620817938.0,0.0006298771947761899,False,300750,宁德时代
2022-01-24,566.21,594.58,561.2,583.26,11562129.0,6686725178.0,0.019983695020118125,False,300750,宁德时代
2022-01-25,575.45,585.61,567.21,567.81,7199229.0,4119696710.0,-0.026846200342095266,False,300750,宁德时代
2022-01-26,574.04,592.91,568.72,589.8,11603676.0,6718821593.0,0.03799664066223848,False,300750,宁德时代
2022-01-27,587.29,597.32,572.23,577.24,12948188.0,7546107243.0,-0.021525371813298715,False,300750,宁德时代
2022-01-28,596.93,606.36,572.67,594.92,24331734.0,14395957437.0,0.030168818156520078,False,300750,宁德时代
2022-02-07,608.37,612.37,576.43,581.71,14528859.0,8588397059.0,-0.022454900963524427,False,300750,宁德时代
2022-02-08,581.71,581.71,523.86,542.98,20650297.0,11166726687.0,-0.06889955491779026,False,300750,宁德时代
2022-02-09,541.11,553.06,529.06,549.34,11494712.0,6212329182.0,0.011645070806915377,False,300750,宁德时代
2022-02-10,553.96,554.16,501.85,520.13,29233587.0,14959750643.0,-0.05463877731931737,False,300750,宁德时代
2022-02-11,507.98,515.59,490.91,491.91,23979847.0,11994983925.0,-0.055783007400793616,False,300750,宁德时代
2022-02-14,487.9,514.9,486.96,509.99,19628564.0,9914026667.0,0.036095344753111075,False,300750,宁德时代
2022-02-15,521.03,532.41,513.0,529.06,15150828.0,7915477348.0,0.03671072929365808,False,300750,宁德时代
2022-02-16,530.07,544.55,526.04,532.88,12706794.0,6783859295.0,0.007194411128267925,False,300750,宁德时代
2022-02-17,532.05,545.63,527.64,537.09,10747219.0,5758516461.0,0.007869420126367429,False,300750,宁德时代
2022-02-18,532.07,537.09,525.03,529.56,11384779.0,5993089912.0,-0.014119205161835367,False,300750,宁德时代
2022-02-21,528.56,528.56,507.45,512.0,15630631.0,8011219921.0,-0.03372184802994826,False,300750,宁德时代
2022-02-22,508.63,509.99,494.3,505.97,13632851.0,6788745089.0,-0.011847246047226407,False,300750,宁德时代
2022-02-23,507.98,521.08,504.45,521.03,15433230.0,7922652049.0,0.029330242677226587,False,300750,宁德时代
2022-02-24,509.99,523.62,502.96,509.69,16160023.0,8252994692.0,-0.022004923899926008,False,300750,宁德时代
2022-02-25,523.04,537.09,522.93,530.87,16967238.0,8978907317.0,0.04071447240650228,False,300750,宁德时代
2022-02-28,526.05,538.6,526.05,535.45,9965701.0,5284369459.0,0.008590344670799758,False,300750,宁德时代
2022-03-01,541.31,550.23,532.07,538.28,9749032.0,5244201448.0,0.005271356026456434,False,300750,宁德时代
2022-03-02,533.08,533.87,510.87,515.85,13412932.0,6925800188.0,-0.0425628453269557,False,300750,宁德时代
2022-03-03,519.22,520.83,508.95,515.0,8698927.0,4456406594.0,-0.001649124882648802,False,300750,宁德时代
2022-03-04,506.98,510.99,489.91,493.71,16283350.0,8081812311.0,-0.04221860038833506,False,300750,宁德时代
2022-03-07,476.86,486.9,455.79,456.67,24599264.0,11425969374.0,-0.07798727087790666,False,300750,宁德时代
2022-03-08,465.8,468.29,444.74,457.23,22754060.0,10355465375.0,0.001225517168373586,False,300750,宁德时代
2022-03-09,457.78,475.86,449.75,475.32,23457419.0,10851981839.0,0.03880171485595764,False,300750,宁德时代
2022-03-10,491.92,507.53,487.21,492.73,23961693.0,11860996850.0,0.03597309525352807,False,300750,宁德时代
2022-03-11,482.71,496.94,475.96,495.48,17102172.0,8275317081.0,0.005565633010645627,False,300750,宁德时代
2022-03-14,484.89,489.14,464.81,464.81,16291014.0,7715325213.0,-0.0638982697497857,False,300750,宁德时代
2022-03-15,462.8,483.17,452.36,465.01,21268688.0,9944131722.0,0.0004301907962495212,False,300750,宁德时代
2022-03-16,478.06,505.44,470.32,505.07,28223653.0,13816433732.0,0.08263812279826933,False,300750,宁德时代
2022-03-17,519.53,537.09,517.12,526.55,27630079.0,14545565578.0,0.04164926029587378,False,300750,宁德时代
2022-03-18,521.03,526.52,505.97,512.5,16391807.0,8401871660.0,-0.027045582814042884,False,300750,宁德时代
2022-03-21,522.04,536.29,519.63,522.04,13634076.0,7164824307.0,0.018443502286763554,False,300750,宁德时代
2022-03-22,522.04,522.04,508.98,515.01,10228257.0,5229898248.0,-0.013557895348379256,False,300750,宁德时代
2022-03-23,522.04,525.03,511.9,517.31,8410966.0,4336729378.0,0.00445599001414811,False,300750,宁德时代
2022-03-24,511.95,519.71,500.33,516.01,8480580.0,4303359299.0,-0.0025161628263584888,False,300750,宁德时代
2022-03-25,513.92,520.21,503.96,504.04,9283639.0,4724122668.0,-0.023470515137244786,False,300750,宁德时代
2022-03-28,510.87,510.87,479.95,488.91,14946512.0,7277413366.0,-0.03047720654548534,False,300750,宁德时代
2022-03-29,488.91,501.96,483.89,488.81,11235947.0,5508775199.0,-0.00020455754274990246,False,300750,宁德时代
2022-03-30,493.93,521.03,493.93,521.03,16216979.0,8276504324.0,0.06383375575625082,False,300750,宁德时代
2022-03-31,517.17,520.03,505.12,514.31,9623922.0,4899473612.0,-0.012981425173331854,False,300750,宁德时代
2022-04-01,509.99,526.55,507.11,520.93,9518241.0,4923473198.0,0.012789479224721442,False,300750,宁德时代
2022-04-06,518.54,520.03,504.97,510.16,8542810.0,4336158375.0,-0.020891273713881414,False,300750,宁德时代
2022-04-07,502.51,506.98,488.96,497.16,11958082.0,5909983778.0,-0.02581249612970541,False,300750,宁德时代
2022-04-08,494.63,506.85,490.91,496.94,9357130.0,4635752788.0,-0.00044261141452900393,False,300750,宁德时代
2022-04-11,477.13,479.87,453.87,460.8,20738205.0,9541686135.0,-0.07550518508110031,False,300750,宁德时代
2022-04-12,462.57,474.63,462.3,473.85,12498201.0,5825410117.0,0.027926706534522408,False,300750,宁德时代
2022-04-13,467.71,483.69,463.81,467.82,9523122.0,4479994703.0,-0.012807209366640348,False,300750,宁德时代
2022-04-14,476.86,477.86,455.78,461.6,13752370.0,6360122751.0,-0.013384891355673764,False,300750,宁德时代
2022-04-15,452.91,458.78,434.46,452.62,19989104.0,8854163488.0,-0.0196457938412895,False,300750,宁德时代
2022-04-18,443.73,453.75,437.0,452.77,11957617.0,5318801159.0,0.0003313489244909339,False,300750,宁德时代
2022-04-19,452.22,461.38,440.17,441.98,14382133.0,6429594318.0,-0.024119638091932256,False,300750,宁德时代
2022-04-20,440.73,444.73,407.37,408.59,31199615.0,12923538889.0,-0.07855242391414598,False,300750,宁德时代
2022-04-21,413.49,419.13,400.46,410.71,21116568.0,8609961843.0,0.00517516106807314,False,300750,宁德时代
2022-04-22,409.6,424.84,406.59,416.97,20136651.0,8387810458.0,0.015126907425690426,False,300750,宁德时代
2022-04-25,399.36,407.69,391.53,391.63,21316508.0,8439172173.0,-0.06269676025825024,False,300750,宁德时代
2022-04-26,387.62,393.53,378.48,378.48,18510510.0,7103865395.0,-0.03415428518363352,False,300750,宁德时代
2022-04-27,368.44,410.36,368.18,408.64,31612406.0,12266669602.0,0.07667134152128179,False,300750,宁德时代
2022-04-28,401.55,404.08,383.5,389.02,25917727.0,10137614863.0,-0.049203816665628466,False,300750,宁德时代
2022-04-29,395.54,411.58,376.49,410.95,33647657.0,13205553635.0,0.05484079641596306,False,300750,宁德时代
2022-05-05,366.43,386.79,354.38,377.47,60277207.0,22255526267.0,-0.08498045726202857,False,300750,宁德时代
2022-05-06,363.42,388.24,363.24,377.46,24080095.0,9064522987.0,-2.649252248724963e-05,False,300750,宁德时代
2022-05-09,375.46,378.44,365.13,369.94,16668032.0,6152776455.0,-0.02012377248359026,False,300750,宁德时代
2022-05-10,360.71,386.51,358.54,380.65,24437791.0,9143581643.0,0.028539487425818702,False,300750,宁德时代
2022-05-11,381.46,420.42,380.99,411.35,31753974.0,12827256129.0,0.07756411586271791,False,300750,宁德时代
2022-05-12,405.98,410.8,399.44,405.09,13420805.0,5425822344.0,-0.015335168973878745,False,300750,宁德时代
2022-05-13,408.59,420.09,402.08,416.42,14854635.0,6105079498.0,0.027585101685987653,False,300750,宁德时代
2022-05-16,418.62,429.47,408.6,408.6,14387809.0,5996721400.0,-0.018957683943526493,False,300750,宁德时代
2022-05-17,411.58,426.24,409.85,424.21,13889853.0,5834497816.0,0.03749193325515305,False,300750,宁德时代
2022-05-18,426.1,427.67,416.06,420.64,10712014.0,4495183512.0,-0.008451254657103674,False,300750,宁德时代
2022-05-19,416.07,423.55,410.26,420.64,12632956.0,5249401699.0,0.0,False,300750,宁德时代
2022-05-20,429.68,433.69,419.13,428.57,15826754.0,6751273074.0,0.018676724274473477,False,300750,宁德时代
2022-05-23,428.57,428.57,411.6,418.33,13791772.0,5750871727.0,-0.024183490517505703,False,300750,宁德时代
2022-05-24,415.28,415.29,403.4,403.61,15012680.0,6109883602.0,-0.0358215295590923,False,300750,宁德时代
2022-05-25,406.08,407.65,396.04,400.54,13934882.0,5567079615.0,-0.007635428502168953,False,300750,宁德时代
2022-05-26,400.05,403.4,390.4,391.54,14059810.0,5535883499.0,-0.022725955328880935,False,300750,宁德时代
2022-05-27,397.55,410.74,393.66,395.94,18780191.0,7541807254.0,0.011175003274988545,False,300750,宁德时代
2022-05-30,403.86,408.79,400.36,403.37,12529544.0,5046715321.0,0.018591570258219982,False,300750,宁德时代
2022-05-31,401.47,413.6,395.04,409.6,17799522.0,7205121141.0,0.015326818843692925,False,300750,宁德时代
2022-06-01,411.71,432.69,407.59,426.69,19178459.0,8078892456.0,0.04087668052494823,False,300750,宁德时代
2022-06-02,424.43,445.52,422.66,438.51,17447774.0,7640886792.0,0.02732486231906479,False,300750,宁德时代
2022-06-06,438.71,470.85,438.71,467.81,19037806.0,8745175350.0,0.06467961400898102,False,300750,宁德时代
2022-06-07,467.01,468.82,452.56,460.8,12759509.0,5850493850.0,-0.015098121196610555,False,300750,宁德时代
2022-06-08,457.78,461.8,427.66,461.8,40541428.0,17870045928.0,0.0021677875387134497,False,300750,宁德时代
2022-06-09,446.75,449.75,432.19,433.04,20255738.0,8867551604.0,-0.06430179443167248,False,300750,宁德时代
2022-06-10,429.65,457.58,429.65,455.78,24766336.0,11049948030.0,0.051180134465902576,False,300750,宁德时代
2022-06-13,445.75,455.96,439.98,444.76,18621582.0,8285211256.0,-0.024475426119576642,False,300750,宁德时代
2022-06-14,439.94,444.33,430.38,443.55,17481068.0,7624999753.0,-0.002724275868452545,False,300750,宁德时代
2022-06-15,453.77,479.87,447.86,467.48,37861947.0,17488407041.0,0.052546032098360354,False,300750,宁德时代
2022-06-16,467.82,475.97,456.29,462.1,24020226.0,11103375000.0,-0.011575249188735549,False,300750,宁德时代
2022-06-17,454.07,492.6,452.99,487.96,28293869.0,13595198658.0,0.054452117404316096,False,300750,宁德时代
2022-06-20,495.76,518.13,495.76,508.5,25114285.0,12753850233.0,0.04123178020807787,False,300750,宁德时代
2022-06-21,505.97,514.89,498.05,509.84,14566608.0,7338298828.0,0.0026317355174240676,False,300750,宁德时代
2022-06-22,516.01,524.29,508.88,508.98,14663173.0,7542601019.0,-0.0016882279583402195,False,300750,宁德时代
2022-06-23,517.02,539.07,513.88,539.07,17713862.0,9275986878.0,0.05743670955877366,False,300750,宁德时代
2022-06-24,550.15,565.71,531.86,565.71,19301235.0,10593589951.0,0.048236146800468886,False,300750,宁德时代
2022-06-27,566.2,567.18,547.12,551.15,16623983.0,9200423080.0,-0.026074574997616617,False,300750,宁德时代
2022-06-28,547.13,551.51,527.16,546.13,18643267.0,9996283502.0,-0.00914996176649702,False,300750,宁德时代
2022-06-29,535.08,544.62,528.05,534.62,14582986.0,7781239268.0,-0.02130082848926609,False,300750,宁德时代
2022-06-30,534.6,541.91,528.73,536.09,13076119.0,6974435836.0,0.002745843269620604,False,300750,宁德时代
2022-07-01,535.07,538.1,519.73,524.69,12292780.0,6449278118.0,-0.021494445421755864,False,300750,宁德时代
2022-07-04,512.01,527.73,512.0,524.04,12193209.0,6343210120.0,-0.001239594715956096,False,300750,宁德时代
2022-07-05,526.55,538.27,514.69,525.92,15459404.0,8098493521.0,0.0035810926304393753,False,300750,宁德时代
2022-07-06,529.17,535.57,516.59,524.04,13081352.0,6860550182.0,-0.00358109263043936,False,300750,宁德时代
2022-07-07,533.93,556.72,533.08,552.15,24601436.0,13437832045.0,0.05225173120766987,False,300750,宁德时代
2022-07-08,557.17,567.18,537.33,543.12,16577009.0,9078792373.0,-0.01648945849974816,False,300750,宁德时代
2022-07-11,536.33,537.6,518.32,520.53,13807042.0,7190790422.0,-0.04248276671170161,False,300750,宁德时代
2022-07-12,521.03,527.36,501.58,505.66,15130247.0,7699493189.0,-0.02898301660379891,False,300750,宁德时代
2022-07-13,510.29,545.36,503.73,541.11,24564472.0,12933672940.0,0.06775807867232651,False,300750,宁德时代
2022-07-14,537.6,564.2,532.33,558.19,19955644.0,10980995202.0,0.03107682086562912,False,300750,宁德时代
2022-07-15,551.65,565.66,535.09,535.09,15862819.0,8689665142.0,-0.04226444916889529,False,300750,宁德时代
2022-07-18,544.12,554.21,532.43,553.82,14371055.0,7799775032.0,0.03440476715843216,False,300750,宁德时代
2022-07-19,552.72,552.72,526.05,526.66,16308711.0,8687404439.0,-0.050284545160445004,False,300750,宁德时代
2022-07-20,532.05,537.23,524.91,528.06,7835906.0,4141353786.0,0.0026547345688367418,False,300750,宁德时代
2022-07-21,525.05,540.16,520.25,523.04,8807088.0,4636560562.0,-0.009551970637874886,False,300750,宁德时代
2022-07-22,539.82,546.12,528.1,534.08,14281747.0,7665508993.0,0.020887697497570017,False,300750,宁德时代
2022-07-25,534.08,536.04,521.03,523.79,8648858.0,4524233836.0,-0.019454799838303893,False,300750,宁德时代
2022-07-26,523.82,530.07,517.27,524.04,7969269.0,4162433402.0,0.0004771766503033022,False,300750,宁德时代
2022-07-27,523.54,524.14,513.2,517.22,9335528.0,4814402386.0,-0.013099701375175828,False,300750,宁德时代
2022-07-28,520.53,528.76,515.03,517.62,9267516.0,4813731201.0,0.0007730664062482694,False,300750,宁德时代
2022-07-29,526.0,526.05,505.08,510.59,11912482.0,6111548922.0,-0.013674462503137285,False,300750,宁德时代
2022-08-01,509.86,537.9,506.58,537.01,16299226.0,8555439340.0,0.05044979649600196,False,300750,宁德时代
2022-08-02,524.32,534.52,521.48,525.92,12143004.0,6378119035.0,-0.020867606393497874,False,300750,宁德时代
2022-08-03,526.05,535.97,500.75,505.97,17025569.0,8730930401.0,-0.03867173092362778,False,300750,宁德时代
2022-08-04,508.98,511.08,497.04,502.86,11365073.0,5688825507.0,-0.006165577653411521,False,300750,宁德时代
2022-08-05,501.96,515.91,496.94,507.63,12183074.0,6150342343.0,0.00944103440977504,False,300750,宁德时代
2022-08-08,497.94,508.16,490.91,503.46,8964693.0,4476021798.0,-0.008248570638611941,False,300750,宁德时代
2022-08-09,502.96,520.63,499.45,513.56,11307870.0,5783358776.0,0.019862602612849767,False,300750,宁德时代
2022-08-10,512.1,514.81,501.96,505.95,8049083.0,4052412586.0,-0.01492901754711384,False,300750,宁德时代
2022-08-11,506.11,515.03,495.93,512.0,9800710.0,4937131682.0,0.011886774863738837,False,300750,宁德时代
2022-08-12,512.2,514.0,499.87,503.96,7383805.0,3710909399.0,-0.015827725197078844,False,300750,宁德时代
2022-08-15,506.87,525.05,504.85,518.12,13757541.0,7097079972.0,0.027709975819626326,False,300750,宁德时代
2022-08-16,521.94,540.11,520.21,525.85,16097367.0,8515873353.0,0.014809125303982321,False,300750,宁德时代
2022-08-17,529.54,552.12,526.03,549.14,18350657.0,9888546881.0,0.04333741714166547,False,300750,宁德时代
2022-08-18,549.14,562.19,544.57,546.93,14280044.0,7867922330.0,-0.004032594624219785,False,300750,宁德时代
2022-08-19,551.15,551.84,532.09,534.08,10769608.0,5767786049.0,-0.023775183010012774,False,300750,宁德时代
2022-08-22,536.09,557.83,529.26,553.69,14305361.0,7811232130.0,0.03605932287088806,False,300750,宁德时代
2022-08-23,552.13,566.87,547.59,559.07,13156177.0,7304906011.0,0.009669725584514328,False,300750,宁德时代
2022-08-24,575.27,577.25,524.04,526.05,30068394.0,16294721095.0,-0.06087842367457606,False,300750,宁德时代
2022-08-25,527.05,528.59,507.07,516.01,18017523.0,9216432422.0,-0.019270120115559498,False,300750,宁德时代
2022-08-26,515.01,521.01,504.97,508.76,12216984.0,6216728235.0,-0.014149752555453428,False,300750,宁德时代
2022-08-29,504.96,508.76,498.26,503.96,11260993.0,5635359010.0,-0.009479492740854745,False,300750,宁德时代
2022-08-30,503.96,503.96,487.7,493.42,15616079.0,7672805177.0,-0.02113616150586669,False,300750,宁德时代
2022-08-31,483.58,491.72,476.38,484.89,17450158.0,8386004450.0,-0.017438677246735295,False,300750,宁德时代
2022-09-01,481.88,486.9,468.49,469.37,15476559.0,7331268726.0,-0.03253069109154776,False,300750,宁德时代
2022-09-02,476.74,477.86,463.59,468.09,11560877.0,5408298592.0,-0.002730784877078708,False,300750,宁德时代
2022-09-05,463.82,473.85,460.81,470.19,9110009.0,4237267563.0,0.004476283212886046,False,300750,宁德时代
2022-09-06,469.83,470.19,445.62,456.98,27524567.0,12407748956.0,-0.028497242073688162,False,300750,宁德时代
2022-09-07,453.26,478.36,451.76,475.78,21677712.0,10095265237.0,0.04031593625672199,False,300750,宁德时代
2022-09-08,470.18,472.84,450.26,451.26,21552631.0,9838886097.0,-0.05291189245075356,False,300750,宁德时代
2022-09-09,454.37,456.21,448.25,453.99,12246752.0,5523516959.0,0.006031501300677732,False,300750,宁德时代
2022-09-13,460.8,462.0,448.6,458.7,10202890.0,4632953568.0,0.010321230236081844,False,300750,宁德时代
2022-09-14,451.76,454.77,429.96,436.0,25893786.0,11348915618.0,-0.05075415825409195,False,300750,宁德时代
2022-09-15,436.0,436.7,412.81,415.97,25383594.0,10651219570.0,-0.047029101072825784,False,300750,宁德时代
2022-09-16,415.92,419.94,410.6,411.6,14963208.0,6192462420.0,-0.01056113831631402,False,300750,宁德时代
2022-09-19,411.23,423.25,410.64,415.29,13964359.0,5802232518.0,0.00892506740785879,False,300750,宁德时代
2022-09-20,419.64,431.68,416.62,422.66,16569030.0,7024157607.0,0.017591001966252854,False,300750,宁德时代
2022-09-21,418.63,425.12,414.99,421.95,8809861.0,3695152639.0,-0.0016812497300306335,False,300750,宁德时代
2022-09-22,416.93,421.64,407.59,416.61,9642094.0,3992662501.0,-0.012736291224576972,False,300750,宁德时代
2022-09-23,417.59,426.46,411.66,418.97,12018488.0,5009444373.0,0.005648785934059082,False,300750,宁德时代
2022-09-26,414.66,436.7,414.66,430.34,18835151.0,8081168715.0,0.02677627561184725,False,300750,宁德时代
2022-09-27,435.59,437.03,424.67,431.18,11561928.0,4948766643.0,0.0019500424045560843,False,300750,宁德时代
2022-09-28,429.32,431.16,415.04,419.06,10697441.0,4464647186.0,-0.028511528568899176,False,300750,宁德时代
2022-09-29,426.53,427.82,417.34,421.28,8894778.0,3723447021.0,0.005283587987037332,False,300750,宁德时代
2022-09-30,421.56,422.49,402.68,403.07,11814011.0,4808089720.0,-0.044187451614469055,False,300750,宁德时代
2022-10-10,404.19,406.7,393.36,395.0,11465353.0,4534844088.0,-0.0202244792324083,False,300750,宁德时代
2022-10-11,406.2,418.57,405.08,418.57,18444138.0,7582938838.0,0.05795837507957037,False,300750,宁德时代
2022-10-12,418.26,440.67,415.74,440.21,18514747.0,7894831670.0,0.0504077458004854,False,300750,宁德时代
2022-10-13,436.36,440.67,431.34,434.35,10443411.0,4521426256.0,-0.01340122507524814,False,300750,宁德时代
2022-10-14,440.38,444.75,430.91,439.29,13565344.0,5900627938.0,0.011309126529346085,False,300750,宁德时代
2022-10-17,435.36,435.36,423.04,431.69,10537258.0,4492096855.0,-0.01745204917656081,False,300750,宁德时代
2022-10-18,435.39,441.27,430.77,431.88,9101920.0,3937490987.0,0.00044003382022483835,False,300750,宁德时代
2022-10-19,432.36,444.41,432.02,433.69,12333044.0,5381599274.0,0.0041822212835963875,False,300750,宁德时代
2022-10-20,422.57,425.98,406.2,417.26,17120183.0,7066412983.0,-0.038620464460808135,False,300750,宁德时代
2022-10-21,410.22,419.23,409.42,415.25,8259882.0,3412503681.0,-0.0048287802083237606,False,300750,宁德时代
2022-10-24,408.83,416.25,401.18,406.22,14532727.0,5885833136.0,-0.02198586373006458,False,300750,宁德时代
2022-10-25,405.19,410.29,394.11,403.89,14039050.0,5599142147.0,-0.005752321104086582,False,300750,宁德时代
2022-10-26,407.2,410.78,400.25,403.24,14072386.0,5666134369.0,-0.0016106454735123096,False,300750,宁德时代
2022-10-27,400.17,404.26,392.12,392.42,15281736.0,6026009209.0,-0.02719922339378524,False,300750,宁德时代
2022-10-28,387.4,389.61,366.99,367.49,24071225.0,8960919233.0,-0.06563658739364073,False,300750,宁德时代
2022-10-31,361.96,382.29,358.52,374.91,16554600.0,6168694637.0,0.019989889767487303,False,300750,宁德时代
2022-11-01,378.55,391.0,370.12,388.3,19916486.0,7598072350.0,0.03509223957181961,False,300750,宁德时代
2022-11-02,387.1,398.55,382.08,393.63,14266969.0,5554821785.0,0.013633145048112312,False,300750,宁德时代
2022-11-03,392.12,396.14,383.1,386.21,14717451.0,5672637394.0,-0.019030118807022663,False,300750,宁德时代
2022-11-04,387.9,410.53,386.09,406.6,20971141.0,8386135001.0,0.051448638215534984,False,300750,宁德时代
2022-11-07,410.22,416.8,407.2,412.73,14778112.0,6063354150.0,0.014963724950460036,False,300750,宁德时代
2022-11-08,412.73,425.1,405.7,412.03,12080878.0,4982583901.0,-0.0016974639121217629,False,300750,宁德时代
2022-11-09,408.21,409.8,397.15,399.22,10941091.0,4370881067.0,-0.031583518849847975,False,300750,宁德时代
2022-11-10,395.14,396.14,386.09,387.4,12924178.0,4995761138.0,-0.030054892409841178,False,300750,宁德时代
2022-11-11,403.18,407.9,396.37,404.67,19481969.0,7814365729.0,0.043614169176802546,False,300750,宁德时代
2022-11-14,406.3,410.22,387.65,389.29,18481701.0,7242184172.0,-0.03874735299395544,False,300750,宁德时代
2022-11-15,390.27,399.64,380.06,398.34,17273987.0,6711717380.0,0.02298134480338025,False,300750,宁德时代
2022-11-16,395.15,396.33,385.37,386.16,13603663.0,5261351647.0,-0.03105412060688545,False,300750,宁德时代
2022-11-17,383.7,384.07,372.02,377.16,14217164.0,5314975792.0,-0.0235822907547609,False,300750,宁德时代
2022-11-18,380.06,389.11,373.02,382.86,16407334.0,6269734686.0,0.01499988651083399,False,300750,宁德时代
2022-11-21,377.16,387.95,376.34,384.48,8038709.0,3060476256.0,0.004222384879848261,False,300750,宁德时代
2022-11-22,382.07,384.95,375.03,377.04,9836241.0,3701483129.0,-0.01954048937268342,False,300750,宁德时代
2022-11-23,377.04,384.97,375.53,381.59,8829427.0,3343581161.0,0.011995451164553379,False,300750,宁德时代
2022-11-24,385.21,385.31,377.05,378.67,8546530.0,3229088100.0,-0.007681620388884939,False,300750,宁德时代
2022-11-25,375.09,377.04,373.02,374.23,6138945.0,2286870203.0,-0.011794531733145989,False,300750,宁德时代
2022-11-28,366.99,374.34,361.98,372.33,11114051.0,4052491292.0,-0.005090023848458329,False,300750,宁德时代
2022-11-29,374.03,383.48,369.5,379.96,11717222.0,4394005282.0,0.02028542621244226,False,300750,宁德时代
2022-11-30,381.06,387.1,374.2,387.1,14041956.0,5331830946.0,0.018617073561620817,False,300750,宁德时代
2022-12-01,399.31,404.34,397.07,397.4,20937498.0,8341109691.0,0.026260272534113997,False,300750,宁德时代
2022-12-02,399.16,401.46,393.93,394.01,8292566.0,3280784282.0,-0.008567040431207498,False,300750,宁德时代
2022-12-05,394.01,399.03,390.11,394.45,12098474.0,4739442184.0,0.001116099854589615,False,300750,宁德时代
2022-12-06,391.24,406.24,391.12,402.2,13661164.0,5426417623.0,0.019457087797453008,False,300750,宁德时代
2022-12-07,402.18,423.97,401.17,420.59,24410839.0,10135126000.0,0.04470901008867898,False,300750,宁德时代
2022-12-08,420.6,427.31,416.26,422.76,10433749.0,4388660431.0,0.0051461547139159914,False,300750,宁德时代
2022-12-09,423.87,428.02,422.79,426.91,9353940.0,3960316859.0,0.009768576038038886,False,300750,宁德时代
2022-12-12,423.39,425.84,416.39,416.61,8789953.0,3671244196.0,-0.024422685799786945,False,300750,宁德时代
2022-12-13,417.26,418.16,404.24,407.62,11270707.0,4592141158.0,-0.021815164521165095,False,300750,宁德时代
2022-12-14,412.23,414.19,401.45,404.49,9197282.0,3697346495.0,-0.0077083535441404664,False,300750,宁德时代
2022-12-15,404.3,426.48,403.18,426.11,17298775.0,7174962345.0,0.052070514585714954,False,300750,宁德时代
2022-12-16,420.79,425.1,416.13,420.28,8942249.0,3733194676.0,-0.01377637307923347,False,300750,宁德时代
2022-12-19,421.28,432.44,420.34,422.69,10105860.0,4284899628.0,0.005717894032063231,False,300750,宁德时代
2022-12-20,422.29,422.89,411.23,411.75,8120795.0,3362795549.0,-0.026222680794887942,False,300750,宁德时代
2022-12-21,412.23,414.71,406.71,409.03,5403052.0,2201256400.0,-0.006627866071648997,False,300750,宁德时代
2022-12-22,413.23,413.23,402.18,404.19,7390460.0,2976952977.0,-0.01190343855023469,False,300750,宁德时代
2022-12-23,399.06,405.02,396.24,400.65,7385760.0,2939594066.0,-0.008796836211786509,False,300750,宁德时代
2022-12-26,400.65,409.47,393.23,406.12,11512345.0,4606937090.0,0.013560454208942462,False,300750,宁德时代
2022-12-27,404.42,408.2,398.82,405.77,8139710.0,3268646819.0,-0.000862185817491228,False,300750,宁德时代
2022-12-28,400.23,400.47,382.35,396.14,18529322.0,7206541527.0,-0.024018812486412765,False,300750,宁德时代
2022-12-29,393.13,399.96,392.52,396.1,9897472.0,3909060456.0,-0.00010097950124695747,False,300750,宁德时代
2022-12-30,400.67,404.19,395.14,395.56,7405249.0,2943110662.0,-0.0013642222260809918,False,300750,宁德时代
2023-01-03,394.13,394.71,383.8,391.76,10482036.0,4056787274.0,-0.009653075007728202,False,300750,宁德时代
2023-01-04,388.6,389.11,384.13,386.1,19602262.0,7527791631.0,-0.01455300412387114,False,300750,宁德时代
2023-01-05,390.11,412.4,387.11,409.73,26043260.0,10371713858.0,0.059402002912336875,False,300750,宁德时代
2023-01-06,408.21,427.29,406.26,418.93,18392495.0,7641585134.0,0.022205435343651575,False,300750,宁德时代
2023-01-09,425.18,425.18,416.25,418.87,12840302.0,5373244036.0,-0.00014323227525082016,False,300750,宁德时代
2023-01-10,419.93,437.37,415.55,434.35,18260652.0,7781973490.0,0.036290051455001304,False,300750,宁德时代
2023-01-11,432.84,438.37,426.31,430.19,12241806.0,5252326721.0,-0.009623689144793692,False,300750,宁德时代
2023-01-12,434.35,441.17,432.02,435.86,11136798.0,4837460193.0,0.013094119306529211,False,300750,宁德时代
2023-01-13,446.42,454.98,432.34,441.89,20757496.0,9140635814.0,0.013739891458779173,False,300750,宁德时代
2023-01-16,440.89,451.95,437.48,449.06,16809099.0,7451169295.0,0.016095526777610624,False,300750,宁德时代
2023-01-17,449.36,454.33,446.02,448.04,9895801.0,4416180658.0,-0.0022739949605160427,False,300750,宁德时代
2023-01-18,450.95,453.33,445.52,450.94,7344325.0,3292955688.0,0.006451778814827257,False,300750,宁德时代
2023-01-19,447.75,453.96,444.6,449.2,7309990.0,3254123919.0,-0.0038660700940780167,False,300750,宁德时代
2023-01-20,449.2,454.66,446.68,454.46,10765650.0,4841543971.0,0.01164167807936348,False,300750,宁德时代
2023-01-30,481.98,493.23,470.01,473.21,21174307.0,10102385367.0,0.040429363650727815,False,300750,宁德时代
2023-01-31,472.44,480.1,464.96,467.73,13954034.0,6565989151.0,-0.011648058237809534,False,300750,宁德时代
2023-02-01,473.55,481.97,473.04,479.39,11502167.0,5464594494.0,0.024623256018560722,False,300750,宁德时代
2023-02-02,481.48,482.31,467.41,468.64,13455712.0,6339908128.0,-0.02267957929570734,False,300750,宁德时代
2023-02-03,466.53,468.74,453.84,458.68,12020001.0,5495174744.0,-0.021482083909319622,False,300750,宁德时代
2023-02-06,454.46,455.99,443.49,453.05,10752918.0,4811799061.0,-0.012350304502033976,False,300750,宁德时代
2023-02-07,452.94,456.27,447.08,450.54,7211237.0,3231274190.0,-0.005555631328222019,False,300750,宁德时代
2023-02-08,452.05,455.92,447.42,449.64,7329853.0,3293742444.0,-0.001999600746251353,False,300750,宁德时代
2023-02-09,449.64,458.47,443.9,455.46,8031440.0,3627030215.0,0.01286063466313545,False,300750,宁德时代
2023-02-10,455.47,458.16,447.43,448.38,8397790.0,3773477539.0,-0.015666810086478015,False,300750,宁德时代
2023-02-13,453.43,464.08,449.44,462.5,13418543.0,6143224997.0,0.031005469782226163,False,300750,宁德时代
2023-02-14,471.55,471.85,448.22,453.5,12812190.0,5816558282.0,-0.019651287397288615,False,300750,宁德时代
2023-02-15,455.57,459.49,450.44,451.04,7773387.0,3508461573.0,-0.005439242189388868,False,300750,宁德时代
2023-02-16,454.45,456.97,440.38,445.61,10091069.0,4514542232.0,-0.012111897352832645,False,300750,宁德时代
2023-02-17,444.41,444.41,422.29,422.48,21469551.0,9171648847.0,-0.05330202161429196,False,300750,宁德时代
2023-02-20,418.26,424.18,408.54,422.76,16829872.0,6992852567.0,0.0006625337424687755,False,300750,宁德时代
2023-02-21,419.75,424.79,414.24,417.27,13184596.0,5490561031.0,-0.013071147853998136,False,300750,宁德时代
2023-02-22,411.23,416.35,408.88,411.7,12363920.0,5069312344.0,-0.013438565511289451,False,300750,宁德时代
2023-02-23,412.23,417.39,409.62,415.48,9537265.0,3922375682.0,0.009139549583751683,False,300750,宁德时代
2023-02-24,413.24,414.04,406.22,407.61,9989388.0,4060495070.0,-0.01912364345526873,False,300750,宁德时代
2023-02-27,404.92,407.69,402.28,403.28,9220633.0,3705001334.0,-0.010679725129966596,False,300750,宁德时代
2023-02-28,406.19,410.52,403.69,406.1,9323092.0,3769996772.0,0.006968324917876919,False,300750,宁德时代
2023-03-01,405.29,416.43,405.22,414.02,12602005.0,5166296898.0,0.01931484714495538,False,300750,宁德时代
2023-03-02,411.73,413.24,398.36,402.98,16145270.0,6483446930.0,-0.027027348913587317,False,300750,宁德时代
2023-03-03,404.49,407.92,402.18,404.51,8203090.0,3300669921.0,0.003789525148208317,False,300750,宁德时代
2023-03-06,404.36,411.1,394.14,410.64,16626662.0,6674565924.0,0.015040460180219057,False,300750,宁德时代
2023-03-07,406.2,411.22,404.02,404.39,9918350.0,4014218859.0,-0.015337159403560287,False,300750,宁德时代
2023-03-08,402.19,405.12,397.26,399.89,8129373.0,3231604462.0,-0.011190249559939205,False,300750,宁德时代
2023-03-09,398.36,403.46,390.35,399.17,8136684.0,3228769655.0,-0.00180211797576575,False,300750,宁德时代
2023-03-10,403.88,412.16,398.05,408.0,19142596.0,7722447890.0,0.021879783091379248,False,300750,宁德时代
2023-03-13,405.22,408.87,392.12,394.13,18833197.0,7424578060.0,-0.03458637028892877,False,300750,宁德时代
2023-03-14,393.01,393.13,380.06,389.34,18484663.0,7095007800.0,-0.012227806254100894,False,300750,宁德时代
2023-03-15,395.14,397.89,385.71,390.11,12968291.0,5046344791.0,0.001975752775626357,False,300750,宁德时代
2023-03-16,386.09,392.03,385.59,387.21,10113155.0,3897781768.0,-0.007461569121552378,False,300750,宁德时代
2023-03-17,391.12,392.11,377.54,378.03,20144747.0,7641555518.0,-0.023993623965494593,False,300750,宁德时代
2023-03-20,376.58,386.69,370.0,382.02,15836974.0,6002000932.0,0.010499405707277438,False,300750,宁德时代
2023-03-21,384.28,396.33,380.76,395.92,17292373.0,6720740862.0,0.035739207386641686,False,300750,宁德时代
2023-03-22,400.91,410.88,399.18,401.37,17687241.0,7125770901.0,0.013671524510007077,False,300750,宁德时代
2023-03-23,400.17,404.11,396.58,400.55,10028867.0,3981184718.0,-0.0020450924925117706,False,300750,宁德时代
2023-03-24,400.57,404.45,392.12,395.72,11765252.0,4645723682.0,-0.01213171220610392,False,300750,宁德时代
2023-03-27,393.24,400.77,386.51,398.66,16115721.0,6311744703.0,0.007402032839597645,False,300750,宁德时代
2023-03-28,396.14,398.34,392.32,394.74,7590561.0,2976678086.0,-0.009881602968658101,False,300750,宁德时代
2023-03-29,397.36,406.48,395.17,402.36,13754611.0,5508159641.0,0.019119889940175886,False,300750,宁德时代
2023-03-30,403.17,404.19,399.51,402.29,8681922.0,3465633465.0,-0.00017398869117398022,False,300750,宁德时代
2023-03-31,406.7,417.24,406.7,408.26,19607572.0,8033742420.0,0.014731004770474544,False,300750,宁德时代
2023-04-03,408.32,409.01,398.16,400.88,16763218.0,6698371581.0,-0.018242095693968757,False,300750,宁德时代
2023-04-04,402.17,402.17,383.89,390.11,20089701.0,7782699959.0,-0.027233380014710918,False,300750,宁德时代
2023-04-06,386.09,391.67,382.22,390.13,10581589.0,4064823971.0,5.126627705407838e-05,False,300750,宁德时代
2023-04-07,388.25,396.14,386.45,392.64,10058114.0,3923098225.0,0.006413144608734196,False,300750,宁德时代
2023-04-10,396.03,404.3,390.11,404.2,17237941.0,6844475287.0,0.029016643446973984,False,300750,宁德时代
2023-04-11,402.19,412.1,400.17,402.13,14366294.0,5785418238.0,-0.005134385542962054,False,300750,宁德时代
2023-04-12,402.18,402.18,394.13,394.14,8736733.0,3443470021.0,-0.02006924329412197,False,300750,宁德时代
2023-04-13,392.12,393.49,387.1,390.37,10046445.0,3896072549.0,-0.009611168808465758,False,300750,宁德时代
2023-04-14,390.01,404.56,389.61,399.45,15923654.0,6337229777.0,0.02299359360408016,False,300750,宁德时代
2023-04-17,398.49,412.23,397.95,410.1,17663158.0,7173869979.0,0.026312431469962805,False,300750,宁德时代
2023-04-18,410.11,420.27,409.51,411.23,14060517.0,5793046444.0,0.0027516362801383205,False,300750,宁德时代
2023-04-19,416.76,417.1,408.21,412.6,11622355.0,4770263895.0,0.0033259319589995563,False,300750,宁德时代
2023-04-20,412.53,412.53,398.16,398.16,15843790.0,6335888039.0,-0.03562466608685271,False,300750,宁德时代
2023-04-21,406.7,417.18,401.17,407.19,25275978.0,10288953392.0,0.022425972427684664,False,300750,宁德时代
2023-04-24,407.3,408.21,395.02,399.04,17377384.0,6922771298.0,-0.020218244486311716,False,300750,宁德时代
2023-04-25,400.17,400.17,382.07,388.0,16898929.0,6532955962.0,-0.028056322868398268,False,300750,宁德时代
2023-04-26,388.02,415.25,382.57,408.97,39707529.0,8801110231.0,0.052636464096060556,False,300750,宁德时代
2023-04-27,408.06,423.51,404.98,420.81,33969078.0,7764148296.0,0.02853962168035564,False,300750,宁德时代
2023-04-28,426.28,432.34,413.32,420.54,27104800.0,6269727389.0,-0.0006418256594012637,False,300750,宁德时代
2023-05-04,420.81,423.54,409.06,410.83,19409080.0,4416464195.0,-0.023360096114731988,False,300750,宁德时代
2023-05-05,409.88,418.99,407.55,413.52,16740879.0,3793534213.0,0.0065263772622274,False,300750,宁德时代
2023-05-08,418.99,425.89,411.81,420.46,22753135.0,5237667345.0,0.016643469149195816,False,300750,宁德时代
2023-05-09,419.68,419.68,408.15,411.39,19653772.0,4447695098.0,-0.021807680357107326,False,300750,宁德时代
2023-05-10,411.34,426.73,402.98,423.58,28956810.0,6637247354.0,0.029200728579583054,False,300750,宁德时代
2023-05-11,423.63,442.63,421.18,437.93,34747371.0,8292776227.0,0.03331668199323886,False,300750,宁德时代
2023-05-12,440.83,445.51,433.53,433.53,22309979.0,5363787910.0,-0.010098082274345433,False,300750,宁德时代
2023-05-15,439.05,444.49,428.28,434.09,26706471.0,6408351582.0,0.0012908878950807277,False,300750,宁德时代
2023-05-16,434.29,438.97,431.32,435.38,13973953.0,3336944402.0,0.0029673270993607406,False,300750,宁德时代
2023-05-17,435.38,440.27,430.03,437.21,18246432.0,4350981987.0,0.00419441589509566,False,300750,宁德时代
2023-05-18,439.57,439.7,420.88,423.36,24123880.0,5653225269.0,-0.03219074794129481,False,300750,宁德时代
2023-05-19,422.18,426.6,418.99,418.99,19472168.0,4503095903.0,-0.010375827637707667,False,300750,宁德时代
2023-05-22,417.17,423.54,413.52,419.54,14679114.0,3373155581.0,0.0013118196817603872,False,300750,宁德时代
2023-05-23,420.59,422.1,410.15,410.65,19613196.0,4466450819.0,-0.021417602784442404,False,300750,宁德时代
2023-05-24,409.52,416.27,407.55,410.34,14785735.0,3347225922.0,-0.000755185848141666,False,300750,宁德时代
2023-05-25,409.61,414.76,405.31,408.22,13753272.0,3096261721.0,-0.005179839572162985,False,300750,宁德时代
2023-05-26,408.42,408.97,396.22,400.77,18211695.0,4001016009.0,-0.018418548096066256,False,300750,宁德时代
2023-05-29,404.78,404.82,392.76,395.42,16537161.0,3599743504.0,-0.013439205523095852,False,300750,宁德时代
2023-05-30,395.31,409.86,393.5,409.86,26467083.0,5890767209.0,0.03586714682507846,False,300750,宁德时代
2023-05-31,409.97,413.32,401.06,402.9,18869744.0,4194067555.0,-0.01712724577451148,False,300750,宁德时代
2023-06-01,405.58,415.35,403.52,406.06,15941049.0,3583431679.0,0.007812539736793625,False,300750,宁德时代
2023-06-02,409.7,418.97,408.06,416.15,23181483.0,5283702827.0,0.024544840258008772,False,300750,宁德时代
2023-06-05,411.52,411.52,394.2,400.41,33595114.0,7357059963.0,-0.038556750037934184,False,300750,宁德时代
2023-06-06,397.15,404.96,395.27,399.46,17242526.0,3782524816.0,-0.002375387117144207,False,300750,宁德时代
2023-06-07,394.18,394.4,372.45,377.64,50093939.0,10438080445.0,-0.05617227417270991,False,300750,宁德时代
2023-06-08,387.57,388.57,377.09,378.93,23857940.0,5007821210.0,0.0034101305896778217,False,300750,宁德时代
2023-06-09,379.91,388.26,379.91,386.27,24261728.0,5126984498.0,0.01918511535270208,False,300750,宁德时代
2023-06-12,386.11,389.84,380.55,386.11,18131632.0,3835654849.0,-0.00041430384600478536,False,300750,宁德时代
2023-06-13,384.4,389.71,383.79,388.2,13243699.0,2813381281.0,0.005398367774218917,False,300750,宁德时代
2023-06-14,395.58,396.45,388.02,388.75,16362927.0,3508630636.0,0.0014157927585340061,False,300750,宁德时代
2023-06-15,391.65,420.59,391.46,420.59,50495682.0,11301760757.0,0.07872202393378672,False,300750,宁德时代
2023-06-16,422.63,426.59,415.89,420.99,29639828.0,6849470340.0,0.0009505930039235055,False,300750,宁德时代
2023-06-19,424.44,424.44,411.7,415.13,18707081.0,4271126762.0,-0.0140173562418885,False,300750,宁德时代
2023-06-20,415.11,421.38,411.28,415.35,17960501.0,4094614886.0,0.0005298140958150637,False,300750,宁德时代
2023-06-21,416.82,419.9,409.7,409.72,17118438.0,3897370633.0,-0.01364753871674667,False,300750,宁德时代
2023-06-26,400.61,413.43,400.19,410.19,15910609.0,3564403987.0,0.0011464674207661053,False,300750,宁德时代
2023-06-27,408.02,412.25,402.92,407.09,13420648.0,2996519807.0,-0.007586175771058489,False,300750,宁德时代
2023-06-28,404.82,412.61,404.42,408.97,13558644.0,3044798943.0,0.004607512501292489,False,300750,宁德时代
2023-06-29,407.17,413.36,405.33,405.33,9930233.0,2228285745.0,-0.008940253579356745,False,300750,宁德时代
2023-06-30,408.04,418.97,401.41,416.78,21551522.0,4901528280.0,0.02785695450296628,False,300750,宁德时代
2023-07-03,422.54,426.18,416.35,418.77,15554352.0,3592766610.0,0.004763338549832967,False,300750,宁德时代
2023-07-04,416.26,419.08,414.76,417.62,10155673.0,2322971862.0,-0.0027499150508607448,False,300750,宁德时代
2023-07-05,417.64,419.74,410.79,414.45,8636414.0,1968738617.0,-0.007619588104380561,False,300750,宁德时代
2023-07-06,413.52,416.22,408.0,409.61,10283568.0,2323630149.0,-0.011746852547755524,False,300750,宁德时代
2023-07-07,409.52,409.61,403.69,404.87,9808377.0,2186457551.0,-0.011639459565125439,False,300750,宁德时代
2023-07-10,406.24,418.99,406.24,416.8,16093831.0,3674535625.0,0.02904046251450284,False,300750,宁德时代
2023-07-11,418.35,418.97,412.76,417.33,9158787.0,2094183189.0,0.0012707853004315154,False,300750,宁德时代
2023-07-12,416.26,417.9,412.61,413.51,8693260.0,1976029055.0,-0.009195577771410014,False,300750,宁德时代
2023-07-13,415.73,428.1,415.73,418.99,22257672.0,5166809846.0,0.013165355320704364,False,300750,宁德时代
2023-07-14,419.26,420.68,412.7,415.86,13004091.0,2971007806.0,-0.007498388130934845,False,300750,宁德时代
2023-07-17,413.54,415.35,407.33,411.06,10452522.0,2354412854.0,-0.011609475915085628,False,300750,宁德时代
2023-07-18,414.98,415.13,408.97,410.79,8575776.0,1934097474.0,-0.0006570542306106929,False,300750,宁德时代
2023-07-19,408.06,409.79,398.19,399.86,17600182.0,3880774172.0,-0.026967649168565463,False,300750,宁德时代
2023-07-20,398.95,412.96,398.95,402.69,14441648.0,3226693428.0,0.007052549323967707,False,300750,宁德时代
2023-07-21,402.32,406.2,400.34,403.67,8393526.0,1858027959.0,0.002430677321549585,False,300750,宁德时代
2023-07-24,395.58,402.38,390.1,398.91,13719339.0,2990356787.0,-0.011861884952479716,False,300750,宁德时代
2023-07-25,409.7,414.69,402.63,412.34,19286245.0,4336672444.0,0.03311242420569768,False,300750,宁德时代
2023-07-26,410.1,413.52,407.44,412.9,15456786.0,3484702635.0,0.001357181149622471,False,300750,宁德时代
2023-07-27,420.81,424.24,413.31,413.49,20859235.0,4786800628.0,0.0014278974824127662,False,300750,宁德时代
2023-07-28,413.49,420.81,409.97,419.08,18803095.0,4304001295.0,0.013428502110306976,False,300750,宁德时代
2023-07-31,426.28,436.3,424.64,433.11,29902754.0,7103701375.0,0.032929904825068794,False,300750,宁德时代
2023-08-01,432.47,435.57,427.19,429.01,15615168.0,3695389757.0,-0.00951150863018028,False,300750,宁德时代
2023-08-02,431.74,436.28,429.01,430.83,14147185.0,3350493845.0,0.004233352060984438,False,300750,宁德时代
2023-08-03,429.92,437.15,429.06,435.64,16180526.0,3859823089.0,0.011102633466848697,False,300750,宁德时代
2023-08-04,446.31,455.35,439.23,447.24,31569675.0,7737835221.0,0.02627914907168181,False,300750,宁德时代
2023-08-07,445.4,449.85,443.24,449.03,14927749.0,3665507786.0,0.003994337375820588,False,300750,宁德时代
2023-08-08,448.1,454.2,446.1,450.21,15066676.0,3733050029.0,0.0026244399210199514,False,300750,宁德时代
2023-08-09,447.23,451.2,442.93,449.96,11684661.0,2873152335.0,-0.0005554506513827649,False,300750,宁德时代
2023-08-10,451.6,457.85,444.71,449.05,14040964.0,3469375411.0,-0.0020244498076662913,False,300750,宁德时代
2023-08-11,453.51,453.51,439.94,439.94,17204064.0,4212036440.0,-0.020495886139381535,False,300750,宁德时代
2023-08-14,435.75,437.17,419.37,424.27,25693218.0,6000203547.0,-0.036268308959070246,False,300750,宁德时代
2023-08-15,424.24,427.37,417.9,421.36,14610073.0,3378905588.0,-0.006882469843373009,False,300750,宁德时代
2023-08-16,421.76,426.97,419.19,423.73,14009045.0,3263663519.0,0.005608884765564502,False,300750,宁德时代
2023-08-17,428.08,430.83,416.95,428.55,20442773.0,4767790092.0,0.011310957404193333,False,300750,宁德时代
2023-08-18,428.63,435.6,427.04,429.68,16769998.0,3977909566.0,0.0026333282523121836,False,300750,宁德时代
2023-08-21,426.26,429.68,423.0,424.38,10780439.0,2524111214.0,-0.012411465321250315,False,300750,宁德时代
2023-08-22,427.73,428.43,414.45,420.36,15188941.0,3507619500.0,-0.00951779327855778,False,300750,宁德时代
2023-08-23,420.26,422.45,413.52,414.44,11874911.0,2721026998.0,-0.014183275613844736,False,300750,宁德时代
2023-08-24,416.95,421.79,412.61,417.08,14157716.0,3254958700.0,0.006349838537841358,False,300750,宁德时代
2023-08-25,415.22,418.93,411.36,415.97,11185129.0,2549494197.0,-0.0026649076451837526,False,300750,宁德时代
2023-08-28,439.94,444.42,418.08,419.9,22311515.0,5230083380.0,0.009403445413939022,False,300750,宁德时代
2023-08-29,421.18,442.67,420.67,434.47,29174995.0,6966379986.0,0.03411030975242047,False,300750,宁德时代
2023-08-30,436.11,440.85,432.65,432.65,14591637.0,3492477898.0,-0.004197810389820159,False,300750,宁德时代
2023-08-31,431.92,434.47,430.16,430.92,9671527.0,2294576162.0,-0.0040066290267559155,False,300750,宁德时代
2023-09-01,431.01,436.31,427.37,430.65,9101132.0,2157778481.0,-0.0006267627908092267,False,300750,宁德时代
2023-09-04,433.95,434.95,425.18,432.93,14052387.0,3327817522.0,0.005280356880913414,False,300750,宁德时代
2023-09-05,431.74,436.3,430.21,431.41,11581665.0,2752197345.0,-0.00351713808663092,False,300750,宁德时代
2023-09-06,430.01,432.05,424.09,427.04,12474783.0,2921536582.0,-0.010181228373251104,False,300750,宁德时代
2023-09-07,424.45,425.82,412.63,412.63,19266090.0,4405103044.0,-0.03432637801613446,False,300750,宁德时代
2023-09-08,409.88,413.89,401.68,406.13,16499443.0,3670618815.0,-0.015878002246145433,False,300750,宁德时代
2023-09-11,406.06,407.24,400.19,403.56,17060897.0,3774798959.0,-0.006348129853755714,False,300750,宁德时代
2023-09-12,404.42,405.16,396.29,397.0,18231209.0,3994776422.0,-0.016388894852988153,False,300750,宁德时代
2023-09-13,395.31,399.22,391.72,394.58,15135693.0,3278699755.0,-0.006114372620367034,False,300750,宁德时代
2023-09-14,389.26,394.03,388.08,391.54,18294104.0,3919045406.0,-0.007734226718426754,False,300750,宁德时代
2023-09-15,386.2,389.84,376.36,378.47,33679992.0,7033151411.0,-0.03395087184993244,False,300750,宁德时代
2023-09-18,375.27,391.1,375.27,388.13,26593485.0,5645065103.0,0.025203525553966127,False,300750,宁德时代
2023-09-19,388.13,388.89,383.65,386.78,15024395.0,3183848137.0,-0.0034842791182778886,False,300750,宁德时代
2023-09-20,388.02,388.62,380.15,382.37,13087485.0,2750166643.0,-0.011467329717261221,False,300750,宁德时代
2023-09-21,382.57,384.29,376.49,376.6,16214929.0,3368171870.0,-0.015205109993839065,False,300750,宁德时代
2023-09-22,374.36,385.2,374.36,384.25,22509065.0,4696859644.0,0.020109766195653203,False,300750,宁德时代
2023-09-25,388.06,389.15,380.21,381.24,13605355.0,2864421900.0,-0.0078642843492801,False,300750,宁德时代
2023-09-26,376.49,377.73,370.71,372.54,20253782.0,4150919715.0,-0.023084683464568614,False,300750,宁德时代
2023-09-27,375.82,379.8,368.8,371.01,21848959.0,4470658973.0,-0.004115398182781128,False,300750,宁德时代
2023-09-28,371.63,376.18,369.04,369.86,15809524.0,3223265861.0,-0.0031044607653447818,False,300750,宁德时代
2023-10-09,366.16,366.67,351.59,356.14,33742826.0,6617775154.0,-0.03780064368356229,False,300750,宁德时代
2023-10-10,360.48,360.7,354.72,354.72,19865460.0,3895932692.0,-0.003995166105166879,False,300750,宁德时代
2023-10-11,360.46,361.79,353.59,354.81,20248245.0,3964353023.0,0.000253689063133689,False,300750,宁德时代
2023-10-12,355.25,360.33,353.41,356.94,24205912.0,4744179131.0,0.005985265496733995,False,300750,宁德时代
2023-10-13,353.14,354.92,345.39,347.21,28422238.0,5429864563.0,-0.02763791621312137,False,300750,宁德时代
2023-10-16,346.74,347.09,335.03,336.58,24683649.0,4603170883.0,-0.031093921929820658,False,300750,宁德时代
2023-10-17,337.94,344.85,336.23,337.81,21558300.0,4027297388.0,0.0036477449661743793,False,300750,宁德时代
2023-10-18,337.2,342.93,334.46,339.38,17651925.0,3284047971.0,0.0046368162935784074,False,300750,宁德时代
2023-10-19,335.94,338.25,332.06,332.82,17454160.0,3209465700.0,-0.01951862024948191,False,300750,宁德时代
2023-10-20,326.08,341.91,326.08,329.73,30026893.0,5478351217.0,-0.009327665546279361,False,300750,宁德时代
2023-10-23,328.45,328.45,320.25,322.91,20223321.0,3597554198.0,-0.020900491123876208,False,300750,宁德时代
2023-10-24,324.26,326.45,319.34,321.38,24379459.0,4310104361.0,-0.004749423011435437,False,300750,宁德时代
2023-10-25,324.63,326.99,320.03,320.58,21534181.0,3818928277.0,-0.0024923684158721926,False,300750,宁德时代
2023-10-26,316.97,324.81,307.52,324.39,41420567.0,7175542947.0,0.011814640427820442,False,300750,宁德时代
2023-10-27,323.99,338.62,320.65,336.5,47795283.0,8729936698.0,0.036651653459227135,False,300750,宁德时代
2023-10-30,340.66,345.9,336.65,342.51,32259492.0,6050993029.0,0.017702705271562896,False,300750,宁德时代
2023-10-31,340.07,341.06,336.28,338.11,18152535.0,3369355372.0,-0.012929568031686794,False,300750,宁德时代
2023-11-01,338.45,346.67,336.1,341.64,19727265.0,3695120176.0,0.010386264753287749,False,300750,宁德时代
2023-11-02,343.39,345.9,338.05,338.05,13762677.0,2577685559.0,-0.010563737541259563,False,300750,宁德时代
2023-11-03,338.83,343.72,336.28,341.46,14365450.0,2683301612.0,0.010036728306400585,False,300750,宁德时代
2023-11-06,343.52,359.06,343.3,359.02,34968430.0,6798069247.0,0.050147555399836605,False,300750,宁德时代
2023-11-07,357.03,357.25,346.34,348.38,26080293.0,5008846046.0,-0.030084259193608427,False,300750,宁德时代
2023-11-08,346.45,351.48,346.12,349.47,14652166.0,2809047605.0,0.003123883030479762,False,300750,宁德时代
2023-11-09,347.27,350.82,347.09,348.76,10997097.0,2104229338.0,-0.002033714520181194,False,300750,宁德时代
2023-11-10,344.3,346.07,342.57,344.35,11609956.0,2189830819.0,-0.01272542456890689,False,300750,宁德时代
2023-11-13,349.76,350.13,340.69,342.2,12519595.0,2362258976.0,-0.006263220532614194,False,300750,宁德时代
2023-11-14,342.2,343.94,333.37,334.61,23488284.0,4346598777.0,-0.0224296869203999,False,300750,宁德时代
2023-11-15,340.46,343.55,334.43,336.07,23807191.0,4423251195.0,0.0043537970604689835,False,300750,宁德时代
2023-11-16,337.89,337.91,328.09,330.0,17466200.0,3180032495.0,-0.018226817137636346,False,300750,宁德时代
2023-11-17,327.63,330.18,326.98,329.23,11084035.0,2000359414.0,-0.0023360597975477754,False,300750,宁德时代
2023-11-20,329.25,331.18,326.1,328.45,12408719.0,2235037633.0,-0.002371975324496255,False,300750,宁德时代
2023-11-21,331.55,335.19,327.92,329.02,19766221.0,3601130910.0,0.0017339198527922888,False,300750,宁德时代
2023-11-22,327.08,330.27,322.44,322.44,18688569.0,3332638164.0,-0.020201466775874113,False,300750,宁德时代
2023-11-23,320.64,323.71,318.6,323.71,15720253.0,2771265525.0,0.00393098084160282,False,300750,宁德时代
2023-11-24,322.49,324.63,317.89,318.8,16621248.0,2918741661.0,-0.015284106340942903,False,300750,宁德时代
2023-11-27,317.5,317.89,310.78,310.96,18422007.0,3161041988.0,-0.024899660372092385,False,300750,宁德时代
2023-11-28,309.74,313.28,307.63,313.19,20210730.0,3443539750.0,0.0071457485827513085,False,300750,宁德时代
2023-11-29,311.51,312.2,303.07,303.95,25188527.0,4235346582.0,-0.029946820931987413,False,300750,宁德时代
2023-11-30,300.98,307.25,299.65,304.22,23027161.0,3834512349.0,0.0008879096888655656,False,300750,宁德时代
2023-12-01,304.75,305.5,299.54,301.49,16962209.0,2816101715.0,-0.009014275762264382,False,300750,宁德时代
2023-12-04,297.85,299.56,293.73,294.48,23930401.0,3892529225.0,-0.023525759050566784,False,300750,宁德时代
2023-12-05,291.74,295.79,289.01,289.3,24807739.0,3978910664.0,-0.01774687708867627,False,300750,宁德时代
2023-12-06,289.01,303.97,288.23,296.72,36769276.0,6024339620.0,0.025324721199245923,False,300750,宁德时代
2023-12-07,295.11,303.06,294.39,299.65,26908427.0,4410841808.0,0.009826193722858761,False,300750,宁德时代
2023-12-08,300.58,303.0,297.15,298.01,24502047.0,4030383347.0,-0.005488083914835008,False,300750,宁德时代
2023-12-11,295.13,301.84,291.76,301.22,21489569.0,3497265740.0,0.010713851794343546,False,300750,宁德时代
2023-12-12,298.76,300.98,296.9,298.08,14733877.0,2415527909.0,-0.010478987930424382,False,300750,宁德时代
2023-12-13,296.12,298.01,289.12,290.29,25259399.0,4045085654.0,-0.026481483539674916,False,300750,宁德时代
2023-12-14,293.07,294.19,284.99,285.33,22751400.0,3596263196.0,-0.0172340181511996,False,300750,宁德时代
2023-12-15,286.37,289.07,281.63,282.36,20204635.0,3158101585.0,-0.010463552635132324,False,300750,宁德时代
2023-12-18,278.92,279.98,266.48,267.73,42912920.0,6398809829.0,-0.053203842534623895,False,300750,宁德时代
2023-12-19,266.53,273.22,266.46,271.43,25185181.0,3734066913.0,0.013725269250615315,False,300750,宁德时代
2023-12-20,271.8,275.44,270.19,270.43,21249368.0,3174602188.0,-0.003690994483026781,False,300750,宁德时代
2023-12-21,268.83,282.96,268.83,281.25,42131501.0,6433383993.0,0.0392306687583938,False,300750,宁德时代
2023-12-22,279.63,288.57,277.26,284.71,28032127.0,4359921762.0,0.012227164841163344,False,300750,宁德时代
2023-12-25,283.27,287.61,282.0,286.99,13005608.0,2036117775.0,0.007976253587214398,False,300750,宁德时代
2023-12-26,285.95,286.92,281.89,284.42,12767252.0,1994477782.0,-0.008995353002457285,False,300750,宁德时代
2023-12-27,286.97,287.83,280.3,281.14,17356460.0,2686313989.0,-0.011599253040930511,False,300750,宁德时代
2023-12-28,280.94,297.23,279.76,296.92,37850179.0,6079407755.0,0.05460997634572649,False,300750,宁德时代
2023-12-29,298.72,300.58,295.11,297.41,22683782.0,3707101874.0,0.0016489159592237425,False,300750,宁德时代
2024-01-02,295.51,296.08,285.31,285.7,21403268.0,3390080350.0,-0.04016934897184268,False,300750,宁德时代
2024-01-03,284.37,286.52,281.27,283.82,19757581.0,3070016674.0,-0.0066020748303359,False,300750,宁德时代
2024-01-04,283.27,283.67,272.83,275.44,27241762.0,4114835335.0,-0.029970415376123112,False,300750,宁德时代
2024-01-05,275.06,281.87,272.32,274.89,21035318.0,3195235677.0,-0.001998801385036775,False,300750,宁德时代
2024-01-08,273.62,279.43,271.58,273.25,19385405.0,2926528362.0,-0.0059838905885835365,False,300750,宁德时代
2024-01-09,273.18,275.75,265.51,270.89,23391625.0,3473507460.0,-0.008674292637339043,False,300750,宁德时代
2024-01-10,267.68,278.92,266.97,274.46,23211960.0,3500326620.0,0.013092696422178167,False,300750,宁德时代
2024-01-11,274.46,287.41,270.54,282.03,32801802.0,5037065544.0,0.02720791741708206,False,300750,宁德时代
2024-01-12,280.54,286.61,277.26,281.69,25462228.0,3943737151.0,-0.0012062727638815322,False,300750,宁德时代
2024-01-15,279.63,279.99,272.07,276.35,17272193.0,2618158008.0,-0.019138997215415572,False,300750,宁德时代
2024-01-16,276.28,286.46,274.27,285.91,28469270.0,4421625829.0,0.03400889770208185,False,300750,宁德时代
2024-01-17,285.75,285.75,276.44,277.33,21761525.0,3343384132.0,-0.03046894313125577,False,300750,宁德时代
2024-01-18,273.44,282.73,273.27,281.65,30778779.0,4688436698.0,0.015457032490624854,False,300750,宁德时代
2024-01-19,280.18,287.63,279.45,282.18,26594908.0,4136034233.0,0.0018799998442888218,False,300750,宁德时代
2024-01-22,279.63,291.38,274.44,283.56,40488810.0,6323471153.0,0.004878575801805123,False,300750,宁德时代
2024-01-23,282.36,289.28,279.07,280.38,32305895.0,5033058276.0,-0.011277915046426959,False,300750,宁德时代
2024-01-24,281.45,282.34,272.36,279.59,24870983.0,3776131708.0,-0.002821581599444093,False,300750,宁德时代
2024-01-25,276.9,282.54,272.73,282.36,29479609.0,4503492568.0,0.009858608186325899,False,300750,宁德时代
2024-01-26,277.81,281.42,273.25,273.25,27181270.0,4118576148.0,-0.03279572547062352,False,300750,宁德时代
2024-01-29,272.23,274.67,267.83,267.83,21767500.0,3235910043.0,-0.02003467617535249,False,300750,宁德时代
2024-01-30,265.06,268.59,255.77,256.4,32727425.0,4680164654.0,-0.04361372583478056,False,300750,宁德时代
2024-01-31,264.15,278.65,262.32,276.15,59522108.0,8943013793.0,0.07420547130068154,False,300750,宁德时代
2024-02-01,276.13,277.84,270.67,271.47,27968844.0,4197978843.0,-0.017092560316044836,False,300750,宁德时代
2024-02-02,269.61,271.43,261.18,265.97,30706037.0,4494266568.0,-0.020468115564702575,False,300750,宁德时代
2024-02-05,259.79,281.45,259.23,276.79,47132613.0,7035622773.0,0.039875575456833644,False,300750,宁德时代
2024-02-06,275.42,290.12,274.75,288.43,43745926.0,6828296924.0,0.041193326268979105,False,300750,宁德时代
2024-02-07,287.83,291.09,284.18,290.74,36607040.0,5800699416.0,0.007976974805917077,False,300750,宁德时代
2024-02-08,290.56,300.58,289.43,296.64,30901156.0,5016344779.0,0.020089885379311497,False,300750,宁德时代
2024-02-19,300.51,300.51,289.81,291.63,27092476.0,4355156563.0,-0.017033406876403024,False,300750,宁德时代
2024-02-20,294.9,294.9,284.31,288.43,22194791.0,3506366283.0,-0.011033453308825372,False,300750,宁德时代
2024-02-21,286.7,297.48,284.8,293.66,25782663.0,4135575624.0,0.017970213342529625,False,300750,宁德时代
2024-02-22,293.89,293.89,289.43,292.11,20955947.0,3349275887.0,-0.005292191876017031,False,300750,宁德时代
2024-02-23,295.06,295.11,289.76,292.38,21017639.0,3368773226.0,0.00092388242469522,False,300750,宁德时代
2024-02-26,290.07,291.45,281.82,284.18,36066425.0,5638931754.0,-0.028446485873540584,False,300750,宁德时代
2024-02-27,282.51,287.55,281.52,287.52,29040075.0,4531078101.0,0.01168458282531967,False,300750,宁德时代
2024-02-28,288.16,297.48,286.02,286.02,40091711.0,6423464926.0,-0.005230684590459641,False,300750,宁德时代
2024-02-29,284.37,298.34,283.56,297.86,39167504.0,6315294345.0,0.04056183901293229,False,300750,宁德时代
2024-03-01,297.9,301.6,295.84,299.76,28101336.0,4610970231.0,0.006358577027710251,False,300750,宁德时代
2024-03-04,300.58,305.79,296.52,298.58,26808577.0,4424835390.0,-0.003944250859987892,False,300750,宁德时代
2024-03-05,295.3,300.94,291.47,299.94,27549599.0,4478109344.0,0.0045445510280900485,False,300750,宁德时代
2024-03-06,296.17,304.04,294.57,298.1,18718009.0,3067856205.0,-0.006153453969508103,False,300750,宁德时代
2024-03-07,296.94,299.07,290.52,291.74,22145021.0,3568786297.0,-0.02156600602595861,False,300750,宁德时代
2024-03-08,289.89,292.93,285.37,287.83,20217023.0,3194520067.0,-0.013492966582413354,False,300750,宁德时代
2024-03-11,300.58,330.91,298.94,329.45,76335047.0,13248182793.0,0.13505456928417495,False,300750,宁德时代
2024-03-12,333.99,339.62,327.9,338.54,62164900.0,11428112945.0,0.02721765640112237,False,300750,宁德时代
2024-03-13,340.66,341.91,333.92,337.34,34795798.0,6444102062.0,-0.003550929931082795,False,300750,宁德时代
2024-03-14,336.81,342.41,333.3,334.85,30535646.0,5642924971.0,-0.007408653473809206,False,300750,宁德时代
2024-03-15,334.52,335.01,322.17,329.73,35483644.0,6371462215.0,-0.015408532607140544,False,300750,宁德时代
2024-03-18,346.19,352.97,344.21,347.87,48305173.0,9229188790.0,0.053554709015044076,False,300750,宁德时代
2024-03-19,347.01,350.31,339.93,341.11,26957576.0,5099068939.0,-0.019623840853234643,False,300750,宁德时代
2024-03-20,337.94,348.38,337.94,345.17,21031584.0,3987105282.0,0.011832043380619913,False,300750,宁德时代
2024-03-21,345.23,349.55,344.45,344.45,18756720.0,3571619014.0,-0.0020881072521432872,False,300750,宁德时代
2024-03-22,344.46,345.96,336.99,339.76,19103367.0,3563063417.0,-0.013709456034189146,False,300750,宁德时代
2024-03-25,338.05,342.84,336.07,336.65,16413365.0,3046334226.0,-0.009195671013725823,False,300750,宁德时代
2024-03-26,338.29,351.82,338.27,349.4,30247308.0,5746016496.0,0.03717358270866628,False,300750,宁德时代
2024-03-27,349.29,349.31,342.48,342.48,20645704.0,3910050276.0,-0.020004135863265406,False,300750,宁德时代
2024-03-28,342.61,349.22,339.93,343.9,20036725.0,3792149245.0,0.004137655601529833,False,300750,宁德时代
2024-03-29,346.67,355.23,344.99,346.41,16464806.0,3154024729.0,0.007272127193653686,False,300750,宁德时代
2024-04-01,353.41,364.03,352.32,360.4,27513187.0,5438688735.0,0.039591481102308534,False,300750,宁德时代
2024-04-02,360.88,367.2,357.96,363.79,24038110.0,4793028387.0,0.009362252341480986,False,300750,宁德时代
2024-04-03,362.41,362.43,354.5,360.06,23489041.0,4635543376.0,-0.010306093846187405,False,300750,宁德时代
2024-04-08,360.06,364.16,354.5,354.5,18957556.0,3729974587.0,-0.015562338257294318,False,300750,宁德时代
2024-04-09,353.41,357.96,352.88,357.05,14570001.0,2845224467.0,0.00716748202293678,False,300750,宁德时代
2024-04-10,353.61,355.23,348.91,351.11,17961495.0,3459617611.0,-0.01677626331234981,False,300750,宁德时代
2024-04-11,347.6,353.95,340.66,350.86,19295444.0,3681659228.0,-0.0007122811817304444,False,300750,宁德时代
2024-04-12,347.94,349.73,342.5,343.19,16625645.0,3153751599.0,-0.022103053840875037,False,300750,宁德时代
2024-04-15,353.14,359.13,349.51,359.13,30548250.0,5978911501.0,0.04540021027122456,False,300750,宁德时代
2024-04-16,362.52,363.06,355.08,359.15,27623120.0,5450235801.0,5.56885894222913e-05,False,300750,宁德时代
2024-04-17,355.87,358.75,351.62,357.03,21619164.0,4211033978.0,-0.005920316658352503,False,300750,宁德时代
2024-04-18,353.35,359.69,348.65,356.25,19539576.0,3808772287.0,-0.0021870802795978376,False,300750,宁德时代
2024-04-19,351.7,354.25,345.23,347.58,18491472.0,3533488436.0,-0.02463787724627257,False,300750,宁德时代
2024-04-22,351.22,355.03,347.16,347.21,15098743.0,2903026006.0,-0.001065070121839847,False,300750,宁德时代
2024-04-23,348.18,350.68,342.26,345.99,11113796.0,2113386950.0,-0.003519911308790828,False,300750,宁德时代
2024-04-24,349.76,350.49,339.56,345.39,15154279.0,2865374635.0,-0.001735659552274299,False,300750,宁德时代
2024-04-25,343.52,354.05,342.28,351.95,16418323.0,3150746112.0,0.01881490670045793,False,300750,宁德时代
2024-04-26,349.78,362.3,349.78,361.57,22488071.0,4413524313.0,0.026966540420358027,False,300750,宁德时代
2024-04-29,365.38,388.93,364.34,381.88,43863035.0,9119637969.0,0.05465076265533387,False,300750,宁德时代
2024-04-30,384.02,384.02,377.0,378.12,21433024.0,4377316692.0,-0.009894817572648816,False,300750,宁德时代
2024-05-06,393.8,395.1,384.52,386.29,27099899.0,5634660010.0,0.021376777163368655,False,300750,宁德时代
2024-05-07,384.8,387.97,382.88,386.11,13179902.0,2722386148.0,-0.0004660797598613485,False,300750,宁德时代
2024-05-08,386.33,387.83,379.07,379.3,12432997.0,2544539626.0,-0.017794854265837556,False,300750,宁德时代
2024-05-09,384.97,392.88,384.84,390.81,21921628.0,4575999960.0,0.029894059682729023,False,300750,宁德时代
2024-05-10,390.81,390.81,378.87,379.8,22801132.0,4675581900.0,-0.02857670999939686,False,300750,宁德时代
2024-05-13,366.36,376.57,364.89,372.05,22196723.0,4425713328.0,-0.02061654453491521,False,300750,宁德时代
2024-05-14,374.39,375.51,369.76,371.42,10694712.0,2131826964.0,-0.001694756078363307,False,300750,宁德时代
2024-05-15,371.42,379.48,368.6,369.33,13074116.0,2607766832.0,-0.005642944437273698,False,300750,宁德时代
2024-05-16,371.03,376.33,367.63,372.65,15378204.0,3065019509.0,0.00894908800006956,False,300750,宁德时代
2024-05-17,372.71,378.87,370.62,378.87,18496201.0,3727316446.0,0.01655349699848566,False,300750,宁德时代
2024-05-20,386.71,387.97,378.89,379.71,19917171.0,4083626153.0,0.0022146651462781287,False,300750,宁德时代
2024-05-21,380.12,381.82,374.31,376.18,12296358.0,2480343310.0,-0.009340051229808133,False,300750,宁德时代
2024-05-22,377.93,386.33,376.25,382.39,25236561.0,5153120079.0,0.016373277965039,False,300750,宁德时代
2024-05-23,381.11,383.81,379.11,381.37,17654820.0,3602986569.0,-0.0026709977123948315,False,300750,宁德时代
2024-05-24,378.49,382.34,374.74,375.1,15510693.0,3136303497.0,-0.016577375407460855,False,300750,宁德时代
2024-05-27,376.63,376.63,370.47,373.29,16361785.0,3261446783.0,-0.004837059632192126,False,300750,宁德时代
2024-05-28,372.26,374.35,368.79,369.16,12689994.0,2517505166.0,-0.011125443058273572,False,300750,宁德时代
2024-05-29,369.55,377.93,369.16,371.01,13338755.0,2663801635.0,0.004998862024699294,False,300750,宁德时代
2024-05-30,371.49,374.91,368.9,372.05,12784004.0,2548445865.0,0.002799237421195012,False,300750,宁德时代
2024-05-31,372.05,377.47,369.09,369.09,13808627.0,2760668471.0,-0.007987737103083124,False,300750,宁德时代
2024-06-03,369.09,379.99,365.43,377.93,18718068.0,3757638840.0,0.02366847654532171,False,300750,宁德时代
2024-06-04,376.98,386.78,375.13,384.41,17714939.0,3639805938.0,0.01700069804041378,False,300750,宁德时代
2024-06-05,383.91,387.92,380.75,380.96,11777390.0,2420867502.0,-0.009015308587370065,False,300750,宁德时代
2024-06-06,380.7,386.11,377.37,382.21,12412570.0,2544442658.0,0.003275813037219028,False,300750,宁德时代
2024-06-07,371.14,377.84,350.11,360.58,51686760.0,10008885041.0,-0.05825634966171741,False,300750,宁德时代
2024-06-11,352.74,358.34,344.54,352.31,42072363.0,7876263876.0,-0.02320237627047218,False,300750,宁德时代
2024-06-12,347.14,354.16,346.17,346.39,20310392.0,3788449182.0,-0.016946161932278186,False,300750,宁德时代
2024-06-13,349.01,354.62,345.5,345.61,22117637.0,4134985666.0,-0.0022543362148324027,False,300750,宁德时代
2024-06-14,347.33,348.22,333.29,345.07,37184949.0,6764196086.0,-0.0015636766955140398,False,300750,宁德时代
2024-06-17,340.7,355.54,340.25,351.24,26929318.0,5044213365.0,0.0177224554908376,False,300750,宁德时代
2024-06-18,351.15,355.48,349.04,355.22,15652909.0,2959271843.0,0.011267565347386049,False,300750,宁德时代
2024-06-19,355.72,355.91,350.27,352.76,10753975.0,2030697600.0,-0.006949376819200851,False,300750,宁德时代
2024-06-20,354.59,354.81,349.19,350.85,11562370.0,2172637229.0,-0.005429157321682278,False,300750,宁德时代
2024-06-21,351.45,352.66,340.36,345.57,18467717.0,3416688220.0,-0.015163554091773059,False,300750,宁德时代
2024-06-24,341.54,350.85,341.54,348.97,18035490.0,3363422626.0,0.009790731015752953,False,300750,宁德时代
2024-06-25,349.01,353.11,346.39,347.74,14414412.0,2696969882.0,-0.0035308845226339836,False,300750,宁德时代
2024-06-26,345.5,348.31,341.91,346.22,10481398.0,1940490559.0,-0.004380662951060208,False,300750,宁德时代
2024-06-27,346.22,346.92,341.56,345.27,12653577.0,2330478211.0,-0.0027476915000742286,False,300750,宁德时代
2024-06-28,343.03,346.17,335.64,336.0,19420506.0,3539244333.0,-0.027215559685305146,False,300750,宁德时代
2024-07-01,334.43,334.6,319.46,328.61,26995744.0,4709620521.0,-0.022239522686748555,False,300750,宁德时代
2024-07-02,324.46,330.27,321.22,328.62,14415586.0,2529552189.0,3.043074722937474e-05,False,300750,宁德时代
2024-07-03,330.34,340.61,329.05,335.01,16205321.0,2906473774.0,0.01925831410212552,False,300750,宁德时代
2024-07-04,336.67,341.52,334.45,335.19,11834646.0,2137596470.0,0.000537153101545746,False,300750,宁德时代
2024-07-05,337.81,340.59,329.41,331.5,13524707.0,2414693954.0,-0.011069725601439017,False,300750,宁德时代
2024-07-08,328.49,332.9,326.63,328.31,10806397.0,1907514420.0,-0.009669525637092833,False,300750,宁德时代
2024-07-09,327.17,330.9,323.04,328.05,16443915.0,2876833390.0,-0.0007922481979377629,False,300750,宁德时代
2024-07-10,326.63,336.11,322.97,322.97,17772919.0,3123226777.0,-0.015606596138741151,False,300750,宁德时代
2024-07-11,326.61,334.04,323.79,330.36,20811148.0,3678618340.0,0.022623529290370852,False,300750,宁德时代
2024-07-12,331.93,339.24,330.34,335.57,19550460.0,3523525354.0,0.01564760952132771,False,300750,宁德时代
2024-07-15,332.77,335.85,330.55,332.43,11469696.0,2041627402.0,-0.009401266847500145,False,300750,宁德时代
2024-07-16,331.28,336.87,330.9,334.63,15148737.0,2710034963.0,0.006596132211905683,False,300750,宁德时代
2024-07-17,332.21,340.91,328.36,337.6,18590141.0,3346445646.0,0.008836318893552589,False,300750,宁德时代
2024-07-18,335.94,352.92,335.34,351.52,31994401.0,5957621426.0,0.04040484591449796,False,300750,宁德时代
2024-07-19,347.79,354.77,347.51,353.56,20847631.0,3929663335.0,0.005786593556447257,False,300750,宁德时代
2024-07-22,356.83,362.41,349.75,353.71,17168252.0,3259890053.0,0.0004241661663832072,False,300750,宁德时代
2024-07-23,352.76,354.04,347.51,347.51,11903104.0,2233862306.0,-0.01768392678991569,False,300750,宁德时代
2024-07-24,347.14,352.91,346.0,347.74,14468136.0,2708577543.0,0.0006616325304289829,False,300750,宁德时代
2024-07-25,347.36,355.97,345.38,350.37,20595888.0,3863507112.0,0.007534664858940052,False,300750,宁德时代
2024-07-26,354.6,360.76,350.96,353.39,23347718.0,4436931315.0,0.008582523978836187,False,300750,宁德时代
2024-07-29,349.01,349.01,335.94,344.4,21362366.0,3918833598.0,-0.025768490383844288,False,300750,宁德时代
2024-07-30,341.95,345.89,341.95,345.07,12725163.0,2349179518.0,0.0019435224473817233,False,300750,宁德时代
2024-07-31,339.67,348.78,339.67,347.72,19896940.0,3690880179.0,0.007650263209906391,False,300750,宁德时代
2024-08-01,345.27,347.14,336.13,336.5,23012659.0,4180640118.0,-0.032799409126081196,False,300750,宁德时代
2024-08-02,334.07,335.94,329.86,330.51,15493685.0,2753866402.0,-0.017961233064699225,False,300750,宁德时代
2024-08-05,326.63,336.3,326.61,330.34,19347659.0,3451887572.0,-0.0005144889271389961,False,300750,宁德时代
2024-08-06,332.97,334.8,324.2,326.52,15768703.0,2771240102.0,-0.011631224509788969,False,300750,宁德时代
2024-08-07,326.52,328.9,324.13,324.13,12753959.0,2230380711.0,-0.007346532695988799,False,300750,宁德时代
2024-08-08,322.9,324.0,317.5,321.76,14658996.0,2520197340.0,-0.007338743862824471,False,300750,宁德时代
2024-08-09,324.0,326.37,317.28,317.28,15412989.0,2646422840.0,-0.014021261252856151,False,300750,宁德时代
2024-08-12,318.34,319.37,311.31,315.41,17415581.0,2934605438.0,-0.005911284974714823,False,300750,宁德时代
2024-08-13,315.21,326.53,314.25,324.33,19389256.0,3336604796.0,0.02788813617601866,False,300750,宁德时代
2024-08-14,322.86,325.58,320.49,321.4,9966285.0,1720375362.0,-0.009075062669377533,False,300750,宁德时代
2024-08-15,321.01,325.86,319.69,323.62,14481202.0,2511442939.0,0.0068835346682497665,False,300750,宁德时代
2024-08-16,323.62,328.48,322.65,324.03,11150641.0,1941327489.0,0.0012661161268303753,False,300750,宁德时代
2024-08-19,323.53,332.1,323.16,327.73,14035843.0,2473581501.0,0.011353994562872826,False,300750,宁德时代
2024-08-20,326.61,328.48,324.11,326.37,8436955.0,1475662466.0,-0.004158391560264299,False,300750,宁德时代
2024-08-21,324.74,327.37,321.01,324.76,11147405.0,1940113038.0,-0.004945259106855292,False,300750,宁德时代
2024-08-22,326.57,335.88,325.3,333.7,19901136.0,3536569764.0,0.027155937763082644,False,300750,宁德时代
2024-08-23,330.34,340.64,330.34,339.3,18415176.0,3332172741.0,0.016642286032856286,False,300750,宁德时代
2024-08-26,339.49,344.45,337.81,343.26,14838749.0,2717728514.0,0.011603505718307918,False,300750,宁德时代
2024-08-27,340.64,344.32,338.74,342.47,9976992.0,1827225122.0,-0.002304114883424927,False,300750,宁德时代
2024-08-28,341.17,342.83,338.33,341.2,10639015.0,1940292275.0,-0.0037152470075434013,False,300750,宁德时代
2024-08-29,334.39,341.52,334.39,337.43,15670242.0,2839993927.0,-0.011110734224237723,False,300750,宁德时代
2024-08-30,337.43,347.06,337.43,344.04,25429171.0,4689604094.0,0.019399848289992503,False,300750,宁德时代
2024-09-02,344.23,346.37,337.81,338.16,12985176.0,2371406002.0,-0.017238773424744298,False,300750,宁德时代
2024-09-03,336.5,348.45,335.98,346.49,18196886.0,3362146073.0,0.02433480192610477,False,300750,宁德时代
2024-09-04,345.87,352.74,344.99,349.29,16564524.0,3101382415.0,0.008048564532395145,False,300750,宁德时代
2024-09-05,349.29,353.76,346.77,348.63,12318215.0,2302962597.0,-0.001891334814142337,False,300750,宁德时代
2024-09-06,347.36,351.8,346.02,347.05,7525486.0,1404159125.0,-0.004542326117299252,False,300750,宁德时代
2024-09-09,345.48,352.1,342.42,345.55,13475355.0,2494206446.0,-0.004331511248189366,False,300750,宁德时代
2024-09-10,346.21,346.21,337.9,338.11,15424413.0,2809100737.0,-0.021766064212744747,False,300750,宁德时代
2024-09-11,340.42,350.46,338.11,348.18,21197083.0,3938430663.0,0.029348301105913296,False,300750,宁德时代
2024-09-12,350.87,358.64,348.46,353.39,20709986.0,3931885573.0,0.014852675506847955,False,300750,宁德时代
2024-09-13,352.51,352.51,342.47,342.47,17287288.0,3202147524.0,-0.031388200312352614,False,300750,宁德时代
2024-09-18,342.66,349.81,342.08,347.89,11377895.0,2116044596.0,0.015702275227792436,False,300750,宁德时代
2024-09-19,349.01,351.28,342.66,348.82,15769409.0,2940618897.0,0.002669691987662577,False,300750,宁德时代
2024-09-20,348.82,350.69,342.81,346.39,15502703.0,2874252972.0,-0.006990721929218661,False,300750,宁德时代
2024-09-23,348.37,353.54,346.21,351.24,15792549.0,2968348168.0,0.013904442580491108,False,300750,宁德时代
2024-09-24,358.26,369.85,352.53,368.64,35451735.0,6891613102.0,0.04835080757567683,False,300750,宁德时代
2024-09-25,387.06,387.08,378.1,379.05,42010119.0,8606648806.0,0.02784756443484127,False,300750,宁德时代
2024-09-26,380.17,386.95,371.27,383.55,35489346.0,7190132217.0,0.011801867902992376,False,300750,宁德时代
2024-09-27,395.66,432.39,395.05,423.3,70181326.0,15567947397.0,0.09861115712157267,False,300750,宁德时代
2024-09-30,434.89,475.92,432.99,470.11,91361145.0,22246725636.0,0.10488556234673187,False,300750,宁德时代
2024-10-08,552.44,562.7,499.54,558.04,137646479.0,39285155658.0,0.17146393452629727,False,300750,宁德时代
2024-10-09,522.39,522.56,475.92,475.92,108691594.0,29017394645.0,-0.1591808715202569,False,300750,宁德时代
2024-10-10,475.92,496.43,466.88,481.52,60833833.0,15786972611.0,0.01169799435986511,False,300750,宁德时代
2024-10-11,476.85,476.85,444.06,451.26,47640230.0,11668275358.0,-0.06490409717314866,False,300750,宁德时代
2024-10-14,466.57,471.81,457.14,466.06,46759863.0,11671765786.0,0.03227071113582558,False,300750,宁德时代
2024-10-15,466.23,468.15,450.03,450.2,32765334.0,8057930637.0,-0.034622452729560306,False,300750,宁德时代
2024-10-16,445.72,445.72,435.47,436.44,33585954.0,7918107276.0,-0.03104101968573392,False,300750,宁德时代
2024-10-17,436.72,445.83,430.86,432.06,26164672.0,6135626737.0,-0.0100864412980675,False,300750,宁德时代
2024-10-18,429.26,483.16,428.51,466.38,68013787.0,16734812130.0,0.07643628498135291,False,300750,宁德时代
2024-10-21,483.38,489.97,469.85,472.86,58455809.0,14972853360.0,0.013798609123429843,False,300750,宁德时代
2024-10-22,474.05,475.1,461.47,467.61,27876033.0,6986426719.0,-0.011164746424543936,False,300750,宁德时代
2024-10-23,462.5,475.8,460.72,465.28,32154122.0,8076690148.0,-0.00499524026396959,False,300750,宁德时代
2024-10-24,466.16,469.38,457.25,459.42,21465790.0,5297733386.0,-0.012674550552012715,False,300750,宁德时代
2024-10-25,470.95,494.58,459.68,483.16,57898551.0,14887536978.0,0.0503830373839905,False,300750,宁德时代
2024-10-28,478.03,482.65,472.18,478.23,27601935.0,7053002720.0,-0.010256073423412731,False,300750,宁德时代
2024-10-29,478.23,480.97,468.9,469.91,26994808.0,6853075171.0,-0.017550601307691493,False,300750,宁德时代
2024-10-30,466.58,470.88,456.32,462.91,27134374.0,6734690047.0,-0.015008536264089102,False,300750,宁德时代
2024-10-31,460.97,467.52,455.39,459.08,25500279.0,6286268643.0,-0.008308163929416827,False,300750,宁德时代
2024-11-01,460.11,466.25,457.59,459.49,25915829.0,6418140473.0,0.0008926919608248393,False,300750,宁德时代
2024-11-04,455.39,474.61,455.39,468.82,24247222.0,6074686403.0,0.020101720695549295,False,300750,宁德时代
2024-11-05,467.67,490.51,464.96,487.84,48482094.0,12547431635.0,0.039768583771103025,False,300750,宁德时代
2024-11-06,483.36,502.98,473.12,478.72,45239310.0,11840068810.0,-0.01887160789388682,False,300750,宁德时代
2024-11-07,481.52,490.47,473.83,490.47,33571027.0,8698717049.0,0.024248239709373186,False,300750,宁德时代
2024-11-08,503.28,507.64,479.84,480.58,40294127.0,10612727375.0,-0.020370407267332115,False,300750,宁德时代
2024-11-11,470.97,502.03,468.47,499.25,49153907.0,12844920272.0,0.03811326450782575,False,300750,宁德时代
2024-11-12,519.36,532.28,505.74,509.55,74403008.0,20764206510.0,0.020421010978778055,False,300750,宁德时代
2024-11-13,502.05,537.88,497.88,526.31,55773688.0,15410247018.0,0.032362409474539174,False,300750,宁德时代
2024-11-14,528.17,531.89,512.61,513.24,42657210.0,11940874424.0,-0.02514682072242413,False,300750,宁德时代
2024-11-15,502.98,513.24,495.62,495.62,35198317.0,9488134618.0,-0.03493406796097552,False,300750,宁德时代
2024-11-18,495.62,505.68,487.11,490.7,30650010.0,8135717136.0,-0.00997656096998442,False,300750,宁德时代
2024-11-19,489.02,507.64,481.52,501.52,34812887.0,9211079121.0,0.02181054386985533,False,300750,宁德时代
2024-11-20,498.22,503.72,493.83,499.34,22708778.0,6060616029.0,-0.004356260510937102,False,300750,宁德时代
2024-11-21,495.81,506.58,492.08,500.66,20550827.0,5510533650.0,0.00264000153331377,False,300750,宁德时代
2024-11-22,500.05,502.05,483.16,483.57,22555101.0,5937579845.0,-0.03473114591114018,False,300750,宁德时代
2024-11-25,490.96,497.49,487.45,492.9,26239071.0,6923644963.0,0.019110231634382642,False,300750,宁德时代
2024-11-26,488.18,492.66,477.15,479.13,27360405.0,7076484876.0,-0.02833435437500428,False,300750,宁德时代
2024-11-27,475.36,486.93,469.33,485.06,27400665.0,7033615362.0,0.012300635289744894,False,300750,宁德时代
2024-11-28,483.75,484.37,473.12,475.36,22355598.0,5728197560.0,-0.02020018291177502,False,300750,宁德时代
2024-11-29,468.88,500.16,468.88,487.56,31366272.0,8192074188.0,0.025340948073338157,False,300750,宁德时代
2024-12-02,482.71,491.87,480.04,489.34,20647547.0,5387882834.0,0.003644184604111614,False,300750,宁德时代
2024-12-03,487.11,490.83,483.38,488.68,17310789.0,4514867562.0,-0.0013496658558880797,False,300750,宁德时代
2024-12-04,485.25,488.98,480.58,483.33,16181395.0,4186965339.0,-0.011008228364854237,False,300750,宁德时代
2024-12-05,481.5,483.29,475.93,477.78,16021580.0,4109014222.0,-0.011549274673596444,False,300750,宁德时代
2024-12-06,477.78,503.72,475.92,497.47,33038136.0,8719647874.0,0.04038487777549246,False,300750,宁德时代
2024-12-09,498.29,503.28,493.48,500.27,22456090.0,6005103479.0,0.0056126994017575245,False,300750,宁德时代
2024-12-10,524.96,525.37,502.66,504.98,32904436.0,9035442040.0,0.009370871856047824,False,300750,宁德时代
2024-12-11,511.3,521.64,497.42,498.5,19400821.0,5262014872.0,-0.0129152351288132,False,300750,宁德时代
2024-12-12,496.26,513.95,494.95,510.84,22329514.0,6055502392.0,0.02445284022616819,False,300750,宁德时代
2024-12-13,503.69,507.64,496.45,498.37,28316441.0,7596460115.0,-0.02471365658283844,False,300750,宁德时代
2024-12-16,496.86,502.98,492.81,498.69,16257508.0,4333963457.0,0.0006418871702549133,False,300750,宁德时代
2024-12-17,498.31,518.84,497.45,511.0,28214610.0,7746201691.0,0.024384929988226747,False,300750,宁德时代
2024-12-18,511.96,512.74,504.49,506.54,15085329.0,4110472403.0,-0.008766296286701341,False,300750,宁德时代
2024-12-19,502.53,508.3,497.6,503.52,15346018.0,4137668599.0,-0.005979860600906394,False,300750,宁德时代
2024-12-20,503.52,505.4,485.85,490.31,27740098.0,7313368051.0,-0.02658558919078147,False,300750,宁德时代
2024-12-23,490.31,501.82,490.31,491.78,20639383.0,5482614221.0,0.002993617892075028,False,300750,宁德时代
2024-12-24,490.85,500.65,490.85,500.61,19615352.0,5229920632.0,0.01779589280953098,False,300750,宁德时代
2024-12-25,501.88,505.61,496.93,500.12,11413810.0,3058526680.0,-0.0009792852001221793,False,300750,宁德时代
2024-12-26,498.69,498.69,487.11,487.58,22443762.0,5898437344.0,-0.025393690088147368,False,300750,宁德时代
2024-12-27,486.31,491.63,475.92,488.98,24351918.0,6338085457.0,0.0028672093043001254,False,300750,宁德时代
2024-12-30,486.89,499.25,486.2,497.53,22631352.0,6013633017.0,0.017334267445170755,False,300750,宁德时代
2024-12-31,494.75,504.84,494.75,496.45,24933952.0,6694555731.0,-0.002173082808519214,False,300750,宁德时代
2025-01-02,496.91,497.01,479.65,482.97,23354576.0,6090661831.0,-0.027528233557290435,False,300750,宁德时代
2025-01-03,482.97,490.85,480.04,480.82,18523758.0,4812148522.0,-0.004461560228689813,False,300750,宁德时代
2025-01-06,481.52,485.25,472.18,479.18,17289077.0,4433101113.0,-0.0034166699904089057,False,300750,宁德时代
2025-01-07,453.52,470.32,449.94,465.56,40103599.0,9934923664.0,-0.028835327629438356,False,300750,宁德时代
2025-01-08,459.1,463.43,454.12,457.89,27185752.0,6681628785.0,-0.016612001478635317,False,300750,宁德时代
2025-01-09,450.44,467.05,450.09,461.6,16932878.0,4168600176.0,0.008069734598749663,False,300750,宁德时代
2025-01-10,460.05,466.49,456.66,459.12,14729433.0,3643092329.0,-0.005387101393782767,False,300750,宁德时代
2025-01-13,454.45,466.58,451.65,460.82,18092226.0,4467775091.0,0.003695897417478813,False,300750,宁德时代
2025-01-14,462.31,479.65,457.64,478.16,20246734.0,5108567635.0,0.03693789329841276,False,300750,宁德时代
2025-01-15,478.16,478.53,465.97,468.21,15062665.0,3798504600.0,-0.021028491293426946,False,300750,宁德时代
2025-01-16,470.32,475.17,463.34,466.45,16188378.0,4056598314.0,-0.0037660798156018216,False,300750,宁德时代
2025-01-17,463.79,473.12,463.0,469.38,11106600.0,2786220135.0,0.006261841518074194,False,300750,宁德时代
2025-01-20,478.72,499.45,478.36,495.55,34283497.0,9048642227.0,0.05425558192767333,False,300750,宁德时代
2025-01-21,501.11,501.6,491.26,493.05,13893306.0,3681448144.0,-0.005057668074379317,False,300750,宁德时代
2025-01-22,488.98,494.39,474.44,481.52,25040737.0,6440345376.0,-0.023662821538822834,False,300750,宁德时代
2025-01-23,484.97,489.91,479.61,480.58,16553688.0,4291744662.0,-0.001954059451416497,False,300750,宁德时代
2025-01-24,480.09,496.53,480.09,488.73,22439796.0,5876198260.0,0.016816481958088984,False,300750,宁德时代
2025-01-27,488.75,493.14,481.94,481.94,17102637.0,4460049869.0,-0.013990564771831715,False,300750,宁德时代
2025-02-05,487.57,491.32,470.78,472.79,24048140.0,6141794779.0,-0.019168309698360936,False,300750,宁德时代
2025-02-06,470.69,475.36,467.32,474.63,24896101.0,6261792980.0,0.0038842378530873035,False,300750,宁德时代
2025-02-07,481.94,492.37,471.85,489.97,34441254.0,8922582684.0,0.0318086116114987,False,300750,宁德时代
2025-02-10,489.97,490.33,478.53,484.66,22926710.0,5928297101.0,-0.010896550568013152,False,300750,宁德时代
2025-02-11,488.39,488.51,470.8,472.19,24791980.0,6268157350.0,-0.026066167212575805,False,300750,宁德时代
2025-02-12,468.83,480.07,463.34,478.75,27382214.0,6902713445.0,0.01379709353486384,False,300750,宁德时代
2025-02-13,480.05,495.05,478.38,490.18,37534967.0,9803005761.0,0.023594130093224485,False,300750,宁德时代
2025-02-14,490.44,511.95,490.44,505.78,38780030.0,10409880413.0,0.03132912154532581,False,300750,宁德时代
2025-02-17,515.51,515.51,498.86,505.2,24182960.0,6513084026.0,-0.0011474016570699637,False,300750,宁德时代
2025-02-18,511.87,516.64,504.45,507.77,23845755.0,6497674093.0,0.005074198671732085,False,300750,宁德时代
2025-02-19,503.64,517.57,503.6,512.98,20445539.0,5580141096.0,0.0102082689079381,False,300750,宁德时代
2025-02-20,511.57,511.57,500.7,506.7,19589001.0,5267400819.0,-0.01231774557414196,False,300750,宁德时代
2025-02-21,503.66,519.22,502.16,516.73,30951906.0,8443562273.0,0.019601381896086578,False,300750,宁德时代
2025-02-24,511.97,515.13,502.87,509.13,27753762.0,7510840228.0,-0.014817107686666863,False,300750,宁德时代
2025-02-25,501.6,513.82,496.03,505.35,23209375.0,6243748571.0,-0.007452128170612089,False,300750,宁德时代
2025-02-26,509.04,511.72,501.03,503.73,21173074.0,5698649750.0,-0.003210848281183967,False,300750,宁德时代
2025-02-27,506.83,509.51,501.95,506.32,23185110.0,6250587950.0,0.005128470227562355,False,300750,宁德时代
2025-02-28,505.57,508.78,494.34,495.63,22265458.0,5935077345.0,-0.021339199856440387,False,300750,宁德时代
2025-03-03,496.94,523.76,491.77,512.94,38736403.0,10603328988.0,0.03432919865558783,False,300750,宁德时代
2025-03-04,506.32,508.2,492.69,493.19,26836542.0,7115460892.0,-0.03926438393176673,False,300750,宁德时代
2025-03-05,493.19,494.86,484.76,489.43,20869610.0,5438997026.0,-0.007653046654130125,False,300750,宁德时代
2025-03-06,491.79,497.94,489.44,495.65,25027321.0,6601078272.0,0.012628583798605776,False,300750,宁德时代
2025-03-07,493.12,494.28,485.09,488.99,22287108.0,5812794649.0,-0.01352799311088694,False,300750,宁德时代
2025-03-10,490.94,491.06,475.59,481.01,28675074.0,7355227161.0,-0.016453979457577816,False,300750,宁德时代
2025-03-11,474.57,479.13,474.54,478.57,17135077.0,4355529583.0,-0.0050855692257251,False,300750,宁德时代
2025-03-12,480.09,481.23,471.61,477.25,19914690.0,5058919204.0,-0.0027620280788596386,False,300750,宁德时代
2025-03-13,476.32,486.07,474.44,474.85,16885150.0,4316530459.0,-0.005041497916895453,False,300750,宁德时代
2025-03-14,474.44,496.66,473.79,491.32,35108935.0,9148092797.0,0.034096681981932074,False,300750,宁德时代
2025-03-17,493.38,497.83,479.58,480.07,33515486.0,8685706367.0,-0.023163720068270527,False,300750,宁德时代
2025-03-18,483.82,489.03,479.13,481.94,22576732.0,5817534421.0,0.0038876983717328452,False,300750,宁德时代
2025-03-19,482.32,500.64,481.53,497.68,36954120.0,9737109379.0,0.032137675232408326,False,300750,宁德时代
2025-03-20,497.68,499.76,489.48,491.6,14424653.0,3794188020.0,-0.012291922514884524,False,300750,宁德时代
2025-03-21,492.59,496.06,479.45,480.07,19432006.0,5026360932.0,-0.023733451089256664,False,300750,宁德时代
2025-03-24,483.26,485.66,480.59,484.12,16730217.0,4311680873.0,0.008400883267779997,False,300750,宁德时代
2025-03-25,483.27,487.57,478.74,486.59,12785778.0,3303477320.0,0.005089069507471228,False,300750,宁德时代
2025-03-26,486.44,492.63,481.38,481.79,12904626.0,3336108308.0,-0.009913544912709208,False,300750,宁德时代
2025-03-27,480.42,492.82,476.79,485.47,14179206.0,3675726420.0,0.007609159389968065,False,300750,宁德时代
2025-03-28,480.27,485.47,479.69,481.57,11242068.0,2888588258.0,-0.008065894159575364,False,300750,宁德时代
2025-03-31,480.18,483.78,472.79,474.33,19463355.0,4951863266.0,-0.015148317705394251,False,300750,宁德时代
2025-04-01,474.33,477.25,466.15,467.05,19416208.0,4862442756.0,-0.015466963671305657,False,300750,宁德时代
2025-04-02,469.19,473.43,464.24,467.2,13732112.0,3433096886.0,0.00032111319515950795,False,300750,宁德时代
2025-04-03,459.44,464.5,454.85,455.84,23281639.0,5693962717.0,-0.024615560764419137,False,300750,宁德时代
2025-04-07,423.98,431.31,392.14,403.59,72364582.0,15811389636.0,-0.12174235958403695,False,300750,宁德时代
2025-04-08,412.46,421.93,405.81,410.78,47659421.0,10471952816.0,0.017658280211941366,False,300750,宁德时代
2025-04-09,399.28,410.21,393.97,396.41,53602339.0,11459705354.0,-0.035608762196475616,False,300750,宁德时代
2025-04-10,414.43,417.79,404.04,408.77,37274119.0,8168675412.0,0.03070362149702765,False,300750,宁德时代
2025-04-11,405.06,422.97,402.62,420.06,30299115.0,6696905325.0,0.027244907539106532,False,300750,宁德时代
2025-04-14,425.97,427.56,417.58,420.06,20696504.0,4642121045.0,0.0,False,300750,宁德时代
2025-04-15,423.81,432.15,422.16,427.84,26686542.0,6087451730.0,0.018351735696417022,False,300750,宁德时代
2025-04-16,425.68,426.02,415.46,421.73,21655096.0,4838764472.0,-0.014383995070143273,False,300750,宁德时代
2025-04-17,418.18,426.3,416.72,423.81,15737659.0,3551280611.0,0.004919942748247691,False,300750,宁德时代
2025-04-18,422.33,424.75,419.42,422.8,11512794.0,2588857715.0,-0.002385987595600059,False,300750,宁德时代
2025-04-21,422.8,440.69,420.4,433.86,22008191.0,5088523082.0,0.025822647418832927,False,300750,宁德时代
2025-04-22,439.94,442.16,434.58,441.26,16935423.0,3885729764.0,0.016912369465310047,False,300750,宁德时代
2025-04-23,449.5,456.67,445.68,446.34,19197980.0,4507058716.0,0.011446722551079496,False,300750,宁德时代
2025-04-24,448.54,456.5,444.24,453.08,18155439.0,4297351278.0,0.014987716901207919,False,300750,宁德时代
2025-04-25,453.71,455.09,449.67,452.56,12761989.0,3016796565.0,-0.0011483592976125217,False,300750,宁德时代
2025-04-28,455.72,455.74,446.06,449.21,14312432.0,3357178149.0,-0.007429866619648966,False,300750,宁德时代
2025-04-29,447.59,449.12,441.31,443.82,16742435.0,3892978724.0,-0.01207140958742,False,300750,宁德时代
2025-04-30,445.77,448.31,442.81,442.81,15632835.0,3635403837.0,-0.0022782906891853157,False,300750,宁德时代
2025-05-06,447.42,451.99,442.23,443.05,19687679.0,4591289270.0,0.000541846354665354,False,300750,宁德时代
2025-05-07,452.27,460.75,451.57,456.41,31280985.0,7444719327.0,0.0297088978593081,False,300750,宁德时代
2025-05-08,458.09,475.67,455.2,467.81,31285640.0,7666995082.0,0.02467070222567263,False,300750,宁德时代
2025-05-09,470.68,477.75,467.96,474.88,23693317.0,5858468264.0,0.014999909960668797,False,300750,宁德时代
2025-05-12,487.76,493.48,483.93,491.58,30231506.0,7731591601.0,0.03456255284281743,False,300750,宁德时代
2025-05-13,501.15,501.15,487.79,494.97,20480591.0,5281511475.0,0.006872461289684518,False,300750,宁德时代
2025-05-14,494.97,505.85,489.69,502.29,23146307.0,6020688165.0,0.014680487465098925,False,300750,宁德时代
2025-05-15,502.33,502.81,496.55,497.66,14111893.0,3685574614.0,-0.009260529202493397,False,300750,宁德时代
2025-05-16,495.67,500.63,492.98,496.1,18900058.0,4904611048.0,-0.0031395936270649572,False,300750,宁德时代
2025-05-19,498.28,498.35,492.1,497.32,16974017.0,4399897903.0,0.002456162777733564,False,300750,宁德时代
2025-05-20,505.81,507.84,488.14,503.06,34642364.0,9053425367.0,0.011475765195431305,False,300750,宁德时代
2025-05-21,510.69,535.56,508.41,524.25,56524517.0,15470587405.0,0.04125922250186116,False,300750,宁德时代
2025-05-22,531.37,531.63,513.14,517.16,27608118.0,7470701467.0,-0.013616365395676825,False,300750,宁德时代
2025-05-23,518.38,524.1,510.61,510.69,23000352.0,6218224097.0,-0.012589551891763695,False,300750,宁德时代
2025-05-26,506.88,509.52,483.74,489.48,33012215.0,8477228630.0,-0.04241914937712136,False,300750,宁德时代
2025-05-27,489.46,491.98,482.76,485.82,17667995.0,4491281266.0,-0.0075054181913894805,False,300750,宁德时代
2025-05-28,488.92,494.01,484.54,485.08,15456265.0,3946773465.0,-0.001524359137486902,False,300750,宁德时代
2025-05-29,483.93,485.81,476.28,481.73,21788285.0,5487937548.0,-0.006930034664669632,False,300750,宁德时代
2025-05-30,479.91,483.26,473.35,478.19,20433747.0,5107325148.0,-0.007375648070755609,False,300750,宁德时代
2025-06-03,482.02,485.65,479.03,480.39,15841166.0,3989341996.0,0.004590130949329271,False,300750,宁德时代
2025-06-04,482.97,485.08,479.53,480.2,13040195.0,3285855859.0,-0.0003955902153421596,False,300750,宁德时代
2025-06-05,480.79,482.86,474.88,481.06,13525851.0,3386751735.0,0.001789318663946,False,300750,宁德时代
2025-06-06,482.02,484.56,475.32,476.05,16551474.0,4138221070.0,-0.01046911171939851,False,300750,宁德时代
2025-06-09,476.05,479.88,469.58,469.74,18549757.0,4593124638.0,-0.013343540583822555,False,300750,宁德时代
2025-06-10,468.63,472.19,463.31,465.07,13932459.0,3406606343.0,-0.009991418255765582,False,300750,宁德时代
2025-06-11,470.71,482.86,468.25,479.15,27993404.0,7006354613.0,0.029825768897658863,False,300750,宁德时代
2025-06-12,482.02,482.97,475.84,477.83,17569617.0,4386403721.0,-0.002758680091819345,False,300750,宁德时代
2025-06-13,474.56,478.98,471.25,474.75,17403245.0,4322411796.0,-0.006466671005556518,False,300750,宁德时代
2025-06-16,474.37,475.71,470.16,471.8,12217571.0,3013514215.0,-0.006233182718820533,False,300750,宁德时代
2025-06-17,472.38,475.19,469.05,471.04,9765024.0,2407928750.0,-0.0016121508731179177,False,300750,宁德时代
2025-06-18,472.42,477.39,469.72,469.72,10460561.0,2586543839.0,-0.0028062436035762818,False,300750,宁德时代
2025-06-19,469.2,470.85,462.12,463.08,14798456.0,3604508604.0,-0.014236947159352762,False,300750,宁德时代
2025-06-20,461.09,465.03,458.11,459.56,13688340.0,3293985957.0,-0.007630315352363581,False,300750,宁德时代
2025-06-23,457.73,460.21,455.3,458.32,12709927.0,3040680713.0,-0.0027018798848416764,False,300750,宁德时代
2025-06-24,460.17,474.52,460.17,470.39,23501081.0,5767361454.0,0.02599450775472826,False,300750,宁德时代
2025-06-25,471.5,489.44,470.54,487.56,31537723.0,7930320892.0,0.03585122193258519,False,300750,宁德时代
2025-06-26,489.44,490.22,482.71,483.53,19914530.0,5062386537.0,-0.008299999249354028,False,300750,宁德时代
2025-06-27,490.63,492.44,478.4,480.09,23620067.0,5985026676.0,-0.00713977421227309,False,300750,宁德时代
2025-06-30,481.06,484.89,477.62,482.44,17623370.0,4434817078.0,0.004882974389033608,False,300750,宁德时代
2025-07-01,482.97,483.43,477.96,481.06,9532258.0,2395104336.0,-0.0028645582639433356,False,300750,宁德时代
2025-07-02,481.06,482.04,476.64,479.05,11571374.0,2897311834.0,-0.004187026354216464,False,300750,宁德时代
2025-07-03,481.0,503.46,479.32,502.27,33803747.0,8746803693.0,0.04733284761170536,False,300750,宁德时代
2025-07-04,506.9,516.41,499.19,508.41,27206013.0,7214227943.0,0.012150384964802297,False,300750,宁德时代
2025-07-07,508.41,514.31,495.18,499.02,17466498.0,4568972965.0,-0.018642033564739074,False,300750,宁德时代
2025-07-08,498.66,508.61,496.98,503.65,15592292.0,4104293094.0,0.009235407280038889,False,300750,宁德时代
2025-07-09,501.53,524.98,501.34,517.98,29388371.0,7948423739.0,0.02805504908679632,False,300750,宁德时代
2025-07-10,525.99,525.99,513.58,520.27,24239349.0,6594201202.0,0.004411276115565148,False,300750,宁德时代
2025-07-11,519.32,524.1,516.64,519.32,21328153.0,5798544034.0,-0.001827644098998586,False,300750,宁德时代
2025-07-14,518.36,518.97,508.99,513.58,14978884.0,4013693003.0,-0.011114452684483132,False,300750,宁德时代
2025-07-15,513.58,521.23,508.8,512.14,16952649.0,4553827628.0,-0.0028077856452817258,False,300750,宁德时代
2025-07-16,513.58,513.96,503.13,505.74,15626479.0,4135841242.0,-0.012575321924842146,False,300750,宁德时代
2025-07-17,507.59,512.14,505.66,507.84,14511017.0,3852746251.0,0.004143734100598306,False,300750,宁德时代
2025-07-18,513.96,521.13,508.41,518.74,22186558.0,5981601235.0,0.02123635691262423,False,300750,宁德时代
2025-07-21,529.84,539.4,523.24,534.92,32486275.0,9047295149.0,0.030714408753927194,False,300750,宁德时代
2025-07-22,535.58,554.7,534.01,548.31,33309029.0,9468912161.0,0.0247236174298647,False,300750,宁德时代
2025-07-23,551.18,556.14,548.18,549.0,20018974.0,5772653126.0,0.0012576210750703566,False,300750,宁德时代
2025-07-24,552.79,553.17,541.14,545.52,22389114.0,6394082072.0,-0.006358973297133177,False,300750,宁德时代
2025-07-25,545.52,545.52,538.92,540.93,13432601.0,3802835260.0,-0.008449587756010872,False,300750,宁德时代
2025-07-28,541.35,552.96,538.06,547.63,23897336.0,6830867029.0,0.012309995971534513,False,300750,宁德时代
2025-07-29,548.39,558.53,548.35,558.18,23394555.0,6785427583.0,0.019081614580601165,False,300750,宁德时代
2025-07-30,558.91,558.91,528.61,530.01,41594301.0,11712764593.0,-0.05178561671582337,False,300750,宁德时代
2025-07-31,537.11,539.36,506.16,506.16,44710355.0,12088514551.0,-0.04604304945406981,False,300750,宁德时代
2025-08-01,506.5,509.94,502.58,503.19,25250002.0,6682814646.0,-0.005884992463855625,False,300750,宁德时代
2025-08-04,503.06,512.62,500.57,509.71,23768168.0,6286238371.0,0.012874104162716317,False,300750,宁德时代
2025-08-05,511.67,514.53,504.01,508.22,21976040.0,5844478670.0,-0.0029275118409882116,False,300750,宁德时代
2025-08-06,507.3,510.52,503.5,506.88,15323311.0,4058482396.0,-0.002640135510495231,False,300750,宁德时代
2025-08-07,506.88,509.73,501.53,503.15,16548104.0,4363462114.0,-0.00738595280666416,False,300750,宁德时代
2025-08-08,504.97,509.1,501.16,503.98,17428216.0,4604736203.0,0.0016482483649710867,False,300750,宁德时代
2025-08-11,503.98,509.08,502.1,504.32,21330876.0,5627553110.0,0.0006744024851461923,False,300750,宁德时代
2025-08-12,504.01,507.23,492.96,503.54,22240739.0,5829140856.0,-0.0015478343335907094,False,300750,宁德时代
2025-08-13,506.44,526.01,505.95,523.33,39466769.0,10661084797.0,0.03854908733133885,False,300750,宁德时代
2025-08-14,529.63,539.4,525.02,535.36,37170757.0,10378442059.0,0.02272717757125144,False,300750,宁德时代
2025-08-15,532.48,539.97,528.12,536.86,24109169.0,6735591187.0,0.002797935085253026,False,300750,宁德时代
2025-08-18,536.86,546.06,531.79,541.31,28528793.0,8056186542.0,0.008254774792545154,False,300750,宁德时代
2025-08-19,541.31,543.23,528.35,531.37,24428585.0,6816442573.0,-0.018533550592267134,False,300750,宁德时代
2025-08-20,532.71,537.49,522.25,535.98,23353492.0,6414344337.0,0.00863826985781253,False,300750,宁德时代
2025-08-21,536.11,540.97,533.67,535.59,18269814.0,5103914721.0,-0.0007279039488225876,False,300750,宁德时代
2025-08-22,535.46,555.46,534.83,551.3,26421851.0,7543698628.0,0.02891018260265774,False,300750,宁德时代
2025-08-25,556.71,564.16,550.53,557.25,31229720.0,9046692965.0,0.010734846670340427,False,300750,宁德时代
2025-08-26,550.99,558.61,548.23,555.75,23024462.0,6648848315.0,-0.0026954194216723226,False,300750,宁德时代
2025-08-27,554.79,555.83,534.04,534.25,38258429.0,10859010300.0,-0.03945465864504899,False,300750,宁德时代
2025-08-28,529.95,535.57,523.54,532.54,30466401.0,8407974991.0,-0.0032058820659533046,False,300750,宁德时代
2025-08-29,534.27,607.89,533.58,587.77,78013892.0,23482893637.0,0.09867770278109379,False,300750,宁德时代
2025-09-01,588.39,589.15,574.56,583.59,42996421.0,13012795663.0,-0.007137033436562042,False,300750,宁德时代
2025-09-02,583.64,597.22,574.05,581.42,37116889.0,11289093083.0,-0.0037252942199146517,False,300750,宁德时代
2025-09-03,582.63,598.27,581.72,593.18,50897473.0,15640548986.0,0.020024506995805755,False,300750,宁德时代
2025-09-04,601.77,620.69,577.12,583.64,65754754.0,20442631453.0,-0.016213539857904694,False,300750,宁德时代
2025-09-05,575.72,624.11,575.56,624.11,70819779.0,22440211716.0,0.06704228048903305,False,300750,宁德时代
2025-09-08,641.18,648.18,621.02,624.61,58834578.0,19349632049.0,0.0008008200825186348,False,300750,宁德时代
2025-09-09,619.68,642.29,608.85,614.3,43402397.0,14085497658.0,-0.016644046797491756,False,300750,宁德时代
2025-09-10,610.44,618.14,600.86,606.7,36752683.0,11649703595.0,-0.012448973221629462,False,300750,宁德时代
2025-09-11,605.76,620.02,593.26,619.2,38034460.0,12060756827.0,0.020393887327265308,False,300750,宁德时代
2025-09-12,625.63,633.31,618.52,623.9,33871316.0,11031032653.0,0.007561776841223137,False,300750,宁德时代
2025-09-15,664.23,713.2,660.41,680.91,71841023.0,25586615241.0,0.0874400397087474,False,300750,宁德时代
2025-09-16,683.62,689.17,669.01,678.46,37744465.0,13325722242.0,-0.0036046148624547074,False,300750,宁德时代
2025-09-17,684.95,733.09,679.57,723.92,54377100.0,20113064234.0,0.06485536507984456,False,300750,宁德时代
2025-09-18,719.1,729.48,692.62,704.32,51889690.0,19308545614.0,-0.0274480907047808,False,300750,宁德时代
2025-09-19,700.69,721.25,694.39,707.39,33914886.0,12515443887.0,0.0043493420596870105,False,300750,宁德时代
2025-09-22,711.25,715.51,696.43,710.38,28527763.0,10474484764.0,0.0042178977307157145,False,300750,宁德时代
2025-09-23,706.45,723.65,691.09,706.73,34849315.0,12813882350.0,-0.005151340504910837,False,300750,宁德时代
2025-09-24,712.21,729.48,702.72,729.35,38314548.0,14311189086.0,0.03150502890863332,False,300750,宁德时代
2025-09-25,722.96,772.85,722.71,754.15,46639338.0,18251421708.0,0.03343756068203892,False,300750,宁德时代
2025-09-26,752.56,767.86,729.48,730.25,36263326.0,14106499742.0,-0.03220434594641091,False,300750,宁德时代
2025-09-29,741.65,767.67,741.02,762.83,38964745.0,15381134070.0,0.04364826047373042,False,300750,宁德时代
2025-09-30,760.2,784.92,760.2,771.72,33031310.0,13278445667.0,0.011586588193191307,False,300750,宁德时代
2025-10-09,767.84,814.64,767.38,786.86,41208823.0,16989122538.0,0.019428551933930185,False,300750,宁德时代
2025-10-10,769.8,775.17,727.58,733.23,53311798.0,20684330795.0,-0.07059091020993244,False,300750,宁德时代
2025-10-13,696.58,738.31,696.58,718.92,47150998.0,17618650277.0,-0.019709345774935966,False,300750,宁德时代
2025-10-14,731.4,740.62,682.97,687.25,49639939.0,18319370881.0,-0.045051958838478665,False,300750,宁德时代
2025-10-15,688.21,709.73,681.03,708.94,36993355.0,13383852917.0,0.031072769671638047,False,300750,宁德时代
2025-10-16,705.49,717.77,699.73,707.41,27629467.0,10185159269.0,-0.0021604837718509702,False,300750,宁德时代
2025-10-17,705.49,719.88,685.31,687.52,31905761.0,11588825855.0,-0.028519492918457297,False,300750,宁德时代
2025-10-20,700.69,708.16,690.19,703.57,28432420.0,10372513059.0,0.023076454065276798,False,300750,宁德时代
2025-10-21,716.05,732.07,697.04,721.61,44632870.0,16784956526.0,0.02531745265355602,False,300750,宁德时代
2025-10-22,721.61,727.33,706.83,715.78,21945879.0,8178934535.0,-0.00811196956951992,False,300750,宁德时代
2025-10-23,717.58,727.18,708.37,722.67,23998098.0,8982628027.0,0.009579829250916756,False,300750,宁德时代
2025-10-24,729.43,744.46,725.64,740.56,32041578.0,12276721104.0,0.024453970332041004,False,300750,宁德时代
2025-10-27,754.44,754.44,722.9,741.35,40451018.0,15542852577.0,0.0010661917050793237,False,300750,宁德时代
2025-10-28,741.31,755.97,735.28,741.92,28708295.0,11160796766.0,0.000768572179115583,False,300750,宁德时代
2025-10-29,741.0,767.95,738.51,767.88,34474046.0,13644645226.0,0.034392050296218495,False,300750,宁德时代
2025-10-30,779.36,785.31,761.79,764.59,34306088.0,13797530229.0,-0.004293728496562636,False,300750,宁德时代
2025-10-31,764.04,780.93,745.22,746.32,34048350.0,13515773431.0,-0.024185279790100843,False,300750,宁德时代
2025-11-03,742.92,752.35,721.36,742.65,26368177.0,10106566781.0,-0.004929592177163942,False,300750,宁德时代
2025-11-04,735.36,741.96,717.96,727.47,23939074.0,9091842153.0,-0.020652109393569255,False,300750,宁德时代
2025-11-05,715.76,754.44,714.13,746.18,31142532.0,11937586811.0,0.025394096880065577,False,300750,宁德时代
2025-11-06,748.68,766.9,746.18,757.66,23447477.0,9261688312.0,0.015267878239557785,False,300750,宁德时代
2025-11-07,755.4,763.1,746.53,758.99,16554892.0,6516185371.0,0.0017538658766735565,False,300750,宁德时代
2025-11-10,764.81,768.47,735.86,738.14,23895991.0,9267204047.0,-0.027855093571907404,False,300750,宁德时代
2025-11-11,741.0,757.84,738.12,740.23,19303175.0,7500041113.0,0.002827440210990398,False,300750,宁德时代
2025-11-12,750.18,754.42,737.12,741.73,21299825.0,8261238197.0,0.0020243468275088616,False,300750,宁德时代
2025-11-13,739.18,808.77,739.18,797.82,56265449.0,22945441956.0,0.07289771255180832,False,300750,宁德时代
2025-11-14,781.31,795.9,775.33,775.79,24172120.0,9879119548.0,-0.02800114309396103,False,300750,宁德时代
2025-11-17,744.84,753.29,734.28,750.18,47685503.0,18542294255.0,-0.033568687267745305,False,300750,宁德时代
2025-11-18,746.76,765.25,731.4,739.08,39565814.0,15353867657.0,-0.014907008248011014,False,300750,宁德时代
2025-11-19,740.04,764.88,739.0,750.79,29266686.0,11462348543.0,0.015719816010435872,False,300750,宁德时代
2025-11-20,758.09,758.28,723.74,728.31,33674285.0,12895238923.0,-0.030399203762262836,False,300750,宁德时代
2025-11-21,719.88,735.24,710.29,710.29,31631335.0,11850710342.0,-0.02505344438882037,False,300750,宁德时代
2025-11-24,717.58,719.69,704.87,711.34,22845819.0,8464724008.0,0.0014771778745944202,False,300750,宁德时代
2025-11-25,719.88,728.83,711.42,714.82,20633246.0,7733117132.0,0.004880247527449791,False,300750,宁德时代
2025-11-26,720.84,720.84,710.42,715.7,18910660.0,7048903988.0,0.001230321996202834,False,300750,宁德时代
2025-11-27,716.05,727.33,710.29,712.59,22200259.0,8289124681.0,-0.004354864789440145,False,300750,宁德时代
2025-11-28,711.25,720.81,702.91,716.43,20340263.0,7542337298.0,0.005374325401568979,False,300750,宁德时代
2025-12-01,719.42,735.18,718.02,735.18,26751013.0,10120862871.0,0.025834821832729532,False,300750,宁德时代
2025-12-02,736.2,739.04,724.49,729.64,16348461.0,6220569502.0,-0.0075641053706962695,False,300750,宁德时代
2025-12-03,729.66,735.95,719.88,721.96,13991135.0,5294871743.0,-0.010581526122666116,False,300750,宁德时代
2025-12-04,727.93,736.39,720.17,735.91,19165809.0,7299943081.0,0.01913809294700514,False,300750,宁德时代
2025-12-05,743.3,747.36,733.32,746.93,23291559.0,9004580816.0,0.014863643932882633,False,300750,宁德时代
2025-12-08,749.51,759.01,740.04,753.48,21659758.0,8476698700.0,0.008731002338083048,False,300750,宁德时代
2025-12-09,751.56,753.02,741.0,744.05,18691773.0,7255076087.0,-0.012594238037959171,False,300750,宁德时代
2025-12-10,739.18,744.84,724.22,734.05,19433405.0,7399361241.0,-0.013531090690589921,False,300750,宁德时代
2025-12-11,738.89,765.69,735.97,746.74,28215378.0,11089031995.0,0.01713991945851358,False,300750,宁德时代
2025-12-12,752.52,755.19,740.04,752.14,24002022.0,9355490916.0,0.007205411191099392,False,300750,宁德时代
2025-12-15,751.56,758.22,739.48,740.04,18274993.0,7099251459.0,-0.016218238043680576,False,300750,宁德时代
2025-12-16,741.0,746.91,725.7,726.43,19121676.0,7292054835.0,-0.018562112797650184,False,300750,宁德时代
2025-12-17,722.67,738.12,720.0,736.05,22257408.0,8453303234.0,0.013155925210270487,False,300750,宁德时代
2025-12-18,728.66,731.31,710.31,714.13,29639283.0,11079385459.0,-0.03023303260855192,False,300750,宁德时代
2025-12-19,718.12,725.03,711.82,717.96,17559945.0,6572807890.0,0.005348838594470653,False,300750,宁德时代
2025-12-22,721.8,725.62,706.64,713.82,25493538.0,9489773616.0,-0.005783027473451038,False,300750,宁德时代
2025-12-23,714.13,730.44,713.36,725.84,23604086.0,8879315764.0,0.016698775144883795,False,300750,宁德时代
2025-12-24,725.8,725.8,714.13,721.04,21088387.0,7902857946.0,-0.006634990613219194,False,300750,宁德时代
2025-12-25,718.37,718.37,708.6,716.06,20343144.0,7559336244.0,-0.006930651915757394,False,300750,宁德时代
2025-12-26,715.97,725.64,710.48,718.79,25723689.0,9616116053.0,0.003805280404551494,False,300750,宁德时代
2025-12-29,717.96,718.79,706.45,708.96,24124072.0,8924502783.0,-0.013770135285769036,False,300750,宁德时代
2025-12-30,704.72,712.21,703.68,708.75,19030821.0,7014015794.0,-0.0002962524092175454,False,300750,宁德时代
2025-12-31,709.88,714.13,704.81,705.03,16026597.0,5920431545.0,-0.005262499943565212,False,300750,宁德时代
2026-01-05,710.29,725.64,706.81,724.68,33688135.0,12583419574.0,0.027489823009413508,False,300750,宁德时代
2026-01-06,729.48,730.44,708.44,717.95,34147710.0,12764795667.0,-0.009330249367424102,False,300750,宁德时代
2026-01-07,715.95,720.81,707.39,712.22,26228535.0,9730943679.0,-0.00801307629156214,False,300750,宁德时代
2026-01-08,706.45,716.68,704.53,708.77,26959035.0,9962397480.0,-0.004855779110116463,False,300750,宁德时代
2026-01-09,708.69,724.93,704.55,708.81,31477187.0,11681035309.0,5.643420478644896e-05,False,300750,宁德时代
2026-01-12,706.45,706.45,675.08,694.31,48830739.0,17505537199.0,-0.02066896089216518,False,300750,宁德时代
2026-01-13,703.09,706.01,685.33,689.17,29670920.0,10745692370.0,-0.00743057167391785,False,300750,宁德时代
2026-01-14,691.15,693.43,675.17,679.53,38083365.0,13553362724.0,-0.014086592250424516,False,300750,宁德时代
2026-01-15,677.17,687.79,675.35,679.09,32370912.0,11474019060.0,-0.0006477160874753989,False,300750,宁德时代
2026-01-16,687.23,694.39,674.79,676.35,31981842.0,11350569563.0,-0.004042973104307807,False,300750,宁德时代
2026-01-19,674.71,682.14,662.93,669.78,33864284.0,11842421264.0,-0.009761393280507093,False,300750,宁德时代
2026-01-20,671.89,685.16,667.86,671.12,35440589.0,12466608900.0,0.001998658283343287,False,300750,宁德时代
2026-01-21,675.62,686.65,669.97,671.53,39393573.0,13919426405.0,0.0006107325255933518,False,300750,宁德时代
2026-01-22,673.87,679.05,651.74,663.83,45994818.0,15851213229.0,-0.011532598463348191,False,300750,宁德时代
2026-01-23,668.07,671.89,658.93,666.13,33976127.0,11775914386.0,0.003458754087196525,False,300750,宁德时代
2026-01-26,675.77,676.79,655.02,656.63,33291386.0,11468681279.0,-0.014364152745982945,False,300750,宁德时代
2026-01-27,662.08,662.1,641.22,651.54,32294885.0,10953698562.0,-0.00778190248463392,False,300750,宁德时代
2026-01-28,648.63,660.37,639.28,652.68,46308171.0,15638344009.0,0.001748171766005567,False,300750,宁德时代
2026-01-29,653.66,662.6,649.16,656.32,33844419.0,11569006794.0,0.005561511661146213,False,300750,宁德时代
2026-01-30,668.82,679.11,660.57,671.89,48650115.0,17048600000.0,0.023446161764194895,False,300750,宁德时代
2026-02-02,685.33,687.23,660.62,669.93,39191747.0,13766144458.0,-0.002921407333305371,False,300750,宁德时代
2026-02-03,669.97,677.27,659.41,667.88,26516325.0,9220045792.0,-0.0030647126341491297,False,300750,宁德时代
2026-02-04,673.74,703.85,667.11,700.75,48531685.0,17369398062.0,0.048042673364141274,False,300750,宁德时代
2026-02-05,702.17,704.05,683.45,696.73,28427157.0,10268243283.0,-0.0057532287952225284,False,300750,宁德时代
2026-02-06,689.78,715.81,687.27,708.58,39372618.0,14514523059.0,0.01686500611501292,False,300750,宁德时代
2026-02-09,711.25,715.09,696.08,708.02,27448630.0,10080946319.0,-0.000790625482381578,False,300750,宁德时代
2026-02-10,701.01,711.82,698.77,700.63,18563499.0,6798020174.0,-0.01049241159606578,False,300750,宁德时代
2026-02-11,704.33,712.19,699.73,706.45,19653459.0,7239804071.0,0.008272497925576093,False,300750,宁德时代
2026-02-12,710.29,725.41,706.5,721.55,27754580.0,10410892196.0,0.021149247670269742,False,300750,宁德时代
2026-02-13,721.06,723.72,700.71,701.34,22314532.0,8229700941.0,-0.028408885034352706,False,300750,宁德时代
2026-02-24,715.35,717.0,694.83,694.83,22695131.0,8316534693.0,-0.009325579520003605,False,300750,宁德时代
2026-02-25,698.17,703.76,691.28,695.27,18716639.0,6802110619.0,0.0006330480033007203,False,300750,宁德时代
2026-02-26,683.51,687.63,659.41,664.21,43541381.0,15108143010.0,-0.045701894795608176,False,300750,宁德时代
2026-02-27,666.36,669.86,656.55,656.55,25446620.0,8775054149.0,-0.011599512230408922,False,300750,宁德时代
2026-03-02,654.61,662.1,646.32,653.12,28351326.0,9643254984.0,-0.005237972683534027,False,300750,宁德时代
2026-03-03,664.85,680.24,660.43,660.51,40007479.0,13919957238.0,0.01125138427171089,False,300750,宁德时代
2026-03-04,654.81,656.57,641.56,650.58,25080441.0,8468604902.0,-0.015147991181045196,False,300750,宁德时代
2026-03-05,661.49,679.28,657.8,672.37,31006068.0,10819502021.0,0.03294451152715678,False,300750,宁德时代
2026-03-06,669.97,685.37,661.64,681.05,20963113.0,7388868682.0,0.012826940654048314,False,300750,宁德时代
2026-03-09,669.67,690.8,662.41,686.29,31797613.0,11217996825.0,0.007664554027714816,False,300750,宁德时代
2026-03-10,719.88,729.04,703.57,722.38,50741728.0,19049080513.0,0.05125103730565805,False,300750,宁德时代
2026-03-11,728.68,774.69,727.52,761.73,57598685.0,22642696276.0,0.053040845961303124,False,300750,宁德时代
2026-03-12,767.88,769.6,753.86,759.24,29150375.0,11537671607.0,-0.003274229241233389,False,300750,宁德时代
2026-03-13,756.13,775.54,755.97,762.12,35582639.0,14201304444.0,0.00378609065609065,False,300750,宁德时代
2026-03-16,771.27,793.16,764.04,784.0,37352104.0,15195015005.0,0.028304996747523965,False,300750,宁德时代
2026-03-17,798.17,806.27,776.63,777.48,35980678.0,14787230790.0,-0.008351100100541617,False,300750,宁德时代
2026-03-18,778.17,779.39,761.68,771.75,26529996.0,10653633584.0,-0.0073972568675975655,False,300750,宁德时代
2026-03-19,771.6,794.75,767.88,768.84,29286635.0,11867380765.0,-0.0037777779433381753,False,300750,宁德时代
2026-03-20,777.63,810.26,768.13,792.83,53729677.0,22252017693.0,0.030725937425997468,False,300750,宁德时代
2026-03-23,801.14,801.2,765.48,771.7,44614145.0,18193336487.0,-0.027012949401370542,False,300750,宁德时代
2026-03-24,777.48,790.72,744.84,762.1,36410525.0,14439124610.0,-0.01251809279148567,False,300750,宁德时代
2026-03-25,754.44,768.84,744.46,763.67,26752828.0,10553996247.0,0.002057978009942426,False,300750,宁德时代
2026-03-26,756.05,794.21,752.52,772.68,26763697.0,10811439764.0,0.011729232656078212,False,300750,宁德时代
2026-03-27,779.63,803.06,771.2,798.94,30258043.0,12465856864.0,0.03342085774116267,False,300750,宁德时代
2026-03-30,792.83,804.06,778.63,792.83,25348419.0,10440376424.0,-0.007677026214327065,False,300750,宁德时代
2026-03-31,792.83,800.42,770.91,771.14,24925645.0,10159878346.0,-0.027738883425109117,False,300750,宁德时代
2026-04-01,786.56,786.82,760.2,778.84,23170073.0,9384266504.0,0.009935693807601627,False,300750,宁德时代
2026-04-02,783.04,790.89,762.5,770.12,22305638.0,8988161794.0,-0.011259286386285604,False,300750,宁德时代
2026-04-03,767.88,769.41,739.33,741.88,24751501.0,9640031385.0,-0.0373588418400486,False,300750,宁德时代
2026-04-07,748.64,754.82,732.34,738.29,17257622.0,6675632984.0,-0.004850803677250015,False,300750,宁德时代
2026-04-08,761.16,763.37,745.26,751.18,36418443.0,14315333338.0,0.0173086021276325,False,300750,宁德时代
2026-04-09,756.55,756.9,742.27,748.66,25955199.0,10132744607.0,-0.003360361600338529,False,300750,宁德时代
2026-04-10,756.36,804.35,753.82,798.59,50788702.0,20752496341.0,0.06456273076624268,False,300750,宁德时代
2026-04-13,802.43,831.86,798.59,819.96,41239924.0,17625505878.0,0.02640788594331453,False,300750,宁德时代
2026-04-14,809.15,830.25,795.52,826.98,44220826.0,18663656303.0,0.008524952353715214,False,300750,宁德时代
2026-04-15,842.51,843.63,819.84,827.39,37353628.0,16122379460.0,0.0004956569671763939,False,300750,宁德时代
2026-04-16,846.58,883.06,831.26,871.5,63506218.0,28517416468.0,0.051939697058496645,False,300750,宁德时代
2026-04-17,875.3,878.53,846.6,852.73,36535848.0,16290232436.0,-0.021772897469047276,False,300750,宁德时代
2026-04-20,831.23,840.63,817.81,830.27,52927821.0,22768028850.0,-0.02669201839453074,False,300750,宁德时代
2026-04-21,835.07,864.11,816.06,859.25,57774562.0,25412275749.0,0.034308966633445515,False,300750,宁德时代
2026-04-22,859.87,873.44,844.51,850.79,46025432.0,20173924648.0,-0.0098945861165653,False,300750,宁德时代
2026-04-23,864.73,864.92,848.15,855.76,35430966.0,15566836621.0,0.0058246333844975354,False,300750,宁德时代
2026-04-24,861.8,874.38,854.0,867.46,39542497.0,17517374359.0,0.013579438249976367,False,300750,宁德时代
2026-04-27,866.93,874.98,845.81,847.92,33061283.0,14514326132.0,-0.022783109528852295,False,300750,宁德时代
2026-04-28,830.98,844.84,824.76,833.86,35012113.0,14992134063.0,-0.01672076915871149,False,300750,宁德时代
2026-04-29,842.3,867.94,834.5,867.65,37633560.0,16473164318.0,0.03972288497622487,False,300750,宁德时代
2026-04-30,870.58,876.42,850.1,850.1,29812094.0,13127297982.0,-0.020434417913199644,False,300750,宁德时代
2026-05-06,892.02,908.36,874.73,896.9,47372718.0,21679900613.0,0.053590383500644094,False,300750,宁德时代
2026-05-07,913.96,913.96,871.55,880.6,38621274.0,17551196925.0,-0.01834087980230391,False,300750,宁德时代
2026-05-08,875.45,888.12,850.49,852.05,36604851.0,16224287222.0,-0.032958282768251884,False,300750,宁德时代
2026-05-11,857.9,878.39,848.35,869.82,34190101.0,15198345088.0,0.0206410831374596,False,300750,宁德时代
2026-05-12,870.75,871.26,837.02,840.84,34151497.0,14869224128.0,-0.03388490152041827,False,300750,宁德时代
2026-05-13,840.37,851.23,832.71,846.3,31685823.0,13668347814.0,0.006472514505617298,False,300750,宁德时代
2026-05-14,876.19,878.28,832.55,832.55,34704614.0,15157645640.0,-0.016380626564934508,False,300750,宁德时代
2026-05-15,834.66,841.33,820.86,825.93,29704893.0,12638150862.0,-0.007983255943984637,False,300750,宁德时代
2026-05-18,820.04,824.56,807.21,813.51,28498347.0,11894351176.0,-0.01515180502060222,False,300750,宁德时代
2026-05-19,810.83,818.71,793.17,814.85,26087668.0,10805349153.0,0.0016458280754588948,False,300750,宁德时代
2026-05-20,813.06,824.74,804.6,808.67,28119031.0,11734883868.0,-0.0076131243830659745,False,300750,宁德时代
2026-05-21,818.65,833.76,802.18,802.59,33867172.0,14239107293.0,-0.00754692459033934,False,300750,宁德时代
2026-05-22,808.57,812.08,799.41,801.67,27788381.0,11472585703.0,-0.0011469463813271604,False,300750,宁德时代
2020-01-02,242.54,260.23,242.25,256.56,77436790.0,2030589187.0,,False,601012,隆基绿能
2020-01-03,259.17,263.52,255.59,260.91,61357482.0,1650919134.0,0.016812964884884127,False,601012,隆基绿能
2020-01-06,258.88,272.52,258.2,266.91,62040753.0,1716774125.0,0.022736002655002228,False,601012,隆基绿能
2020-01-07,266.91,270.2,262.94,267.2,35161009.0,970942770.0,0.0010859187377047876,False,601012,隆基绿能
2020-01-08,267.97,273.29,266.81,267.97,45767756.0,1276585641.0,0.0028775922840758644,False,601012,隆基绿能
2020-01-09,271.26,281.41,271.26,279.96,52586913.0,1504748429.0,0.04377170187477243,False,601012,隆基绿能
2020-01-10,279.0,280.45,272.23,276.38,48453979.0,1383970128.0,-0.012870005446000286,False,601012,隆基绿能
2020-01-13,279.58,281.32,273.77,278.8,43925238.0,1264199638.0,0.00871794851103032,False,601012,隆基绿能
2020-01-14,280.45,282.19,273.77,277.54,36617108.0,1048342533.0,-0.004529611943504405,False,601012,隆基绿能
2020-01-15,276.0,279.0,270.78,277.35,33237615.0,946253757.0,-0.0006848204416208795,False,601012,隆基绿能
2020-01-16,276.38,277.64,272.52,275.13,35239514.0,1001975857.0,-0.008036533262281079,False,601012,隆基绿能
2020-01-17,282.86,286.83,274.74,279.29,52845044.0,1530882523.0,0.015006955275995099,False,601012,隆基绿能
2020-01-20,278.8,281.32,275.13,280.35,30699627.0,884075524.0,0.0037881540547238684,False,601012,隆基绿能
2020-01-21,282.19,289.15,280.64,286.83,46709551.0,1380874180.0,0.022850883195782726,False,601012,隆基绿能
2020-01-22,283.54,289.92,279.48,288.76,47105728.0,1386310033.0,0.006706187505495815,False,601012,隆基绿能
2020-01-23,291.66,292.34,270.78,280.93,60602707.0,1785890009.0,-0.0274903652906289,False,601012,隆基绿能
2020-02-03,252.88,277.54,252.88,270.78,85337161.0,2334242454.0,-0.03679884491336666,False,601012,隆基绿能
2020-02-04,273.48,291.08,269.71,289.15,77601507.0,2254140032.0,0.06563890153726255,False,601012,隆基绿能
2020-02-05,289.15,294.37,281.99,288.18,66526487.0,1975177579.0,-0.003360299699439175,False,601012,隆基绿能
2020-02-06,285.76,293.98,281.41,293.98,58022498.0,1733124259.0,0.01992645290905361,False,601012,隆基绿能
2020-02-07,295.92,317.0,293.31,316.9,102674954.0,3277776358.0,0.07507452888303334,False,601012,隆基绿能
2020-02-10,314.78,330.54,311.39,320.58,69744016.0,2322734947.0,0.011545588500860045,False,601012,隆基绿能
2020-02-11,317.19,329.77,314.58,317.29,46772745.0,1548348842.0,-0.010315673020759265,False,601012,隆基绿能
2020-02-12,334.6,342.34,317.39,324.16,93313740.0,3165396036.0,0.021421038883342854,False,601012,隆基绿能
2020-02-13,334.6,334.6,304.72,316.81,97626699.0,3229380333.0,-0.02293499596166707,False,601012,隆基绿能
2020-02-14,311.39,317.19,306.46,311.2,48510659.0,1566574500.0,-0.01786643279441505,False,601012,隆基绿能
2020-02-17,307.62,322.03,307.52,320.0,63068560.0,2061100961.0,0.027885203489535642,False,601012,隆基绿能
2020-02-18,318.55,333.15,318.35,322.42,60683259.0,2038892440.0,0.00753404765408035,False,601012,隆基绿能
2020-02-19,320.19,325.22,314.29,315.65,53714062.0,1770748590.0,-0.021221038634217877,False,601012,隆基绿能
2020-02-20,317.19,323.96,310.91,321.55,54117017.0,1785369045.0,0.01851904776723753,False,601012,隆基绿能
2020-02-21,321.93,333.63,318.35,327.83,63833746.0,2163090556.0,0.019342128760264744,False,601012,隆基绿能
2020-02-24,333.63,336.54,322.13,328.8,60600105.0,2053881315.0,0.0029544818408878217,False,601012,隆基绿能
2020-02-25,320.1,328.61,309.46,324.06,63592952.0,2115156381.0,-0.014520979349170115,False,601012,隆基绿能
2020-02-26,317.68,319.81,307.52,307.72,61217481.0,1981862862.0,-0.05173840524212073,False,601012,隆基绿能
2020-02-27,310.04,320.1,304.72,314.97,47378990.0,1530955562.0,0.023287117604225624,False,601012,隆基绿能
2020-02-28,304.14,308.88,293.21,296.89,51978801.0,1617010251.0,-0.05911569636667588,False,601012,隆基绿能
2020-03-02,299.01,307.33,296.89,304.62,39261523.0,1232791205.0,0.02570339835907425,False,601012,隆基绿能
2020-03-03,308.78,311.59,297.18,299.88,56608819.0,1785464569.0,-0.01568270355249665,False,601012,隆基绿能
2020-03-04,294.56,296.21,287.22,294.47,65017179.0,1957495372.0,-0.018205264304229526,False,601012,隆基绿能
2020-03-05,297.37,304.33,293.31,303.08,46030469.0,1428134476.0,0.028819666732540848,False,601012,隆基绿能
2020-03-06,299.59,300.85,294.27,296.89,35125362.0,1080285596.0,-0.02063509723488875,False,601012,隆基绿能
2020-03-09,288.67,289.25,277.35,277.74,84462576.0,2464242547.0,-0.0666762755570496,False,601012,隆基绿能
2020-03-10,271.74,284.89,269.71,283.54,50351478.0,1449724577.0,0.020667782418251374,False,601012,隆基绿能
2020-03-11,285.09,300.56,285.09,287.7,70324023.0,2132225615.0,0.014565063868016589,False,601012,隆基绿能
2020-03-12,280.83,283.15,272.9,274.84,53165739.0,1521557260.0,-0.04572916039462709,False,601012,隆基绿能
2020-03-13,259.94,274.26,256.27,270.78,69261228.0,1897069326.0,-0.01488242709591045,False,601012,隆基绿能
2020-03-16,270.97,271.74,243.7,243.7,101805905.0,2658159790.0,-0.10536872243580418,False,601012,隆基绿能
2020-03-17,244.96,251.34,232.67,240.8,61204359.0,1521554496.0,-0.011971247196494495,False,601012,隆基绿能
2020-03-18,244.66,251.05,234.41,235.09,71981579.0,1811093144.0,-0.02399829388473532,False,601012,隆基绿能
2020-03-19,238.77,242.05,220.59,231.03,97959327.0,2311315097.0,-0.017420847330662258,False,601012,隆基绿能
2020-03-20,234.99,237.51,226.58,232.67,56516412.0,1356572788.0,0.007073568419933406,False,601012,隆基绿能
2020-03-23,221.46,222.91,213.62,215.36,56629076.0,1276976943.0,-0.07731009418283871,False,601012,隆基绿能
2020-03-24,222.42,224.36,210.33,217.49,63987386.0,1432307906.0,0.009841826003906432,False,601012,隆基绿能
2020-03-25,227.74,236.93,226.39,231.32,81204680.0,1947163887.0,0.061649160829748084,False,601012,隆基绿能
2020-03-26,229.19,234.32,224.55,228.32,65182718.0,1548287454.0,-0.013053879561491217,False,601012,隆基绿能
2020-03-27,233.16,244.57,228.71,234.41,74286356.0,1806859611.0,0.02632356518037008,False,601012,隆基绿能
2020-03-30,228.71,244.28,222.42,239.44,78783971.0,1900554399.0,0.021231144635547154,False,601012,隆基绿能
2020-03-31,240.89,244.47,238.19,240.22,50978359.0,1270699548.0,0.0032523065819007654,False,601012,隆基绿能
2020-04-01,238.48,252.21,238.48,245.15,66288536.0,1697274479.0,0.02031509797089811,False,601012,隆基绿能
2020-04-02,245.05,251.05,243.7,251.05,45151396.0,1159569882.0,0.023781854383472172,False,601012,隆基绿能
2020-04-03,251.43,251.43,243.31,244.96,43756673.0,1112235614.0,-0.024557190571340908,False,601012,隆基绿能
2020-04-07,250.95,252.98,246.7,249.11,51885867.0,1338746442.0,0.016799634073264375,False,601012,隆基绿能
2020-04-08,246.89,251.43,245.05,248.24,33300847.0,852599511.0,-0.0034985458425132814,False,601012,隆基绿能
2020-04-09,246.5,248.92,241.57,242.63,45012336.0,1133252875.0,-0.022858370929236475,False,601012,隆基绿能
2020-04-10,241.09,244.18,238.38,239.35,24360444.0,607222579.0,-0.01361073337237036,False,601012,隆基绿能
2020-04-13,235.38,237.61,229.77,230.93,35099117.0,842194690.0,-0.03581228154271464,False,601012,隆基绿能
2020-04-14,236.35,244.66,233.35,244.47,50083352.0,1248299198.0,0.056977967704434765,False,601012,隆基绿能
2020-04-15,246.21,249.31,243.21,244.08,39181357.0,997834842.0,-0.0015965615918238079,False,601012,隆基绿能
2020-04-16,241.76,255.79,240.8,254.24,45680942.0,1179203532.0,0.04078266237999163,False,601012,隆基绿能
2020-04-17,270.87,279.67,269.52,279.67,163880733.0,4709383809.0,0.09533163389079291,False,601012,隆基绿能
2020-04-20,273.0,273.0,261.2,269.81,113856451.0,3143693273.0,-0.03589232910019801,False,601012,隆基绿能
2020-04-21,265.94,268.36,260.23,267.87,58169544.0,1586502170.0,-0.007216219381765885,False,601012,隆基绿能
2020-04-22,262.46,274.16,262.46,272.23,48617148.0,1352864825.0,0.01614550902573457,False,601012,隆基绿能
2020-04-23,276.09,278.8,267.2,269.32,45624145.0,1278729349.0,-0.010747033545889238,False,601012,隆基绿能
2020-04-24,269.23,271.36,265.26,267.97,28566219.0,792425747.0,-0.005025229730513556,False,601012,隆基绿能
2020-04-27,267.58,276.48,264.49,274.06,41385013.0,1165598198.0,0.022472026571488366,False,601012,隆基绿能
2020-04-28,275.61,290.12,268.16,288.18,67179327.0,1967967943.0,0.05023822438673313,False,601012,隆基绿能
2020-04-29,286.93,291.95,283.54,289.92,43084490.0,1289273046.0,0.006019737949826613,False,601012,隆基绿能
2020-04-30,289.92,303.85,289.92,297.95,56997343.0,1765933023.0,0.02732066433837321,False,601012,隆基绿能
2020-05-06,294.08,301.33,289.15,295.24,64755598.0,1969447728.0,-0.009137102291136281,False,601012,隆基绿能
2020-05-07,297.76,305.49,295.05,301.62,47272089.0,1472036271.0,0.02137936203068726,False,601012,隆基绿能
2020-05-08,303.17,305.69,299.79,301.72,30448994.0,952862041.0,0.0003314880528912563,False,601012,隆基绿能
2020-05-11,293.5,304.62,293.11,297.85,52947708.0,1635755438.0,-0.012909430910733684,False,601012,隆基绿能
2020-05-12,297.56,310.13,295.05,309.46,50416030.0,1588558289.0,0.03823883898682994,False,601012,隆基绿能
2020-05-13,308.1,310.91,303.27,309.84,29077362.0,923707877.0,0.0012271921449701433,False,601012,隆基绿能
2020-05-14,307.23,307.33,294.86,295.24,49427234.0,1531466392.0,-0.04826745030464503,False,601012,隆基绿能
2020-05-15,297.66,303.85,294.95,296.4,34894830.0,1077126523.0,0.003921308520080109,False,601012,隆基绿能
2020-05-18,299.5,317.58,297.08,306.94,61947608.0,1982394845.0,0.034942395325017146,False,601012,隆基绿能
2020-05-19,312.55,322.03,312.07,313.52,46668636.0,1527923946.0,0.021210865144427014,False,601012,隆基绿能
2020-05-20,317.19,317.97,306.46,308.1,31260748.0,1005749636.0,-0.017438748288753598,False,601012,隆基绿能
2020-05-21,308.1,310.52,302.78,307.04,29600786.0,939994831.0,-0.003446373343232504,False,601012,隆基绿能
2020-05-22,305.3,307.72,295.82,299.5,34566749.0,1073731581.0,-0.02486361470388584,False,601012,隆基绿能
2020-05-25,297.66,301.82,293.6,300.37,23532306.0,725454956.0,0.0029006305032425288,False,601012,隆基绿能
2020-05-26,301.91,306.07,296.21,304.33,40417920.0,1261776163.0,0.013097590905609423,False,601012,隆基绿能
2020-05-27,303.66,308.49,301.04,302.49,21710609.0,683296057.0,-0.006064419891122381,False,601012,隆基绿能
2020-05-28,302.78,306.27,291.37,298.34,25746705.0,791462948.0,-0.013814443347449384,False,601012,隆基绿能
2020-05-29,297.76,314.29,295.15,313.42,40203090.0,1282991573.0,0.049310368369285734,False,601012,隆基绿能
2020-06-01,318.16,320.1,309.46,319.03,39878863.0,1303423328.0,0.01774099815507269,False,601012,隆基绿能
2020-06-02,316.13,317.97,308.78,310.04,33753656.0,1087101879.0,-0.028583820836831943,False,601012,隆基绿能
2020-06-03,310.04,311.49,306.36,309.65,23873411.0,762095472.0,-0.0012586940292408483,False,601012,隆基绿能
2020-06-04,308.87,310.82,302.84,304.98,22445693.0,705754133.0,-0.015196426697203624,False,601012,隆基绿能
2020-06-05,303.62,307.02,301.09,304.69,20946768.0,653170357.0,-0.0009513344001566475,False,601012,隆基绿能
2020-06-08,303.62,315.49,303.62,310.43,41362803.0,1318684242.0,0.018663566836629678,False,601012,隆基绿能
2020-06-09,311.4,316.27,307.02,315.88,36796375.0,1186089249.0,0.01740396150604095,False,601012,隆基绿能
2020-06-10,314.32,314.91,304.3,310.53,33869836.0,1074055620.0,-0.017081879565611767,False,601012,隆基绿能
2020-06-11,310.53,333.78,308.78,326.29,71914195.0,2405483805.0,0.04950604142169614,False,601012,隆基绿能
2020-06-12,320.65,324.54,317.05,324.44,49553252.0,1633053986.0,-0.005685937283320599,False,601012,隆基绿能
2020-06-15,320.84,321.72,315.1,319.19,35697652.0,1166321573.0,-0.016314082438034345,False,601012,隆基绿能
2020-06-16,321.23,328.24,319.48,321.13,25850300.0,858113480.0,0.006059488805524673,False,601012,隆基绿能
2020-06-17,326.97,328.04,318.12,323.57,26347026.0,872471586.0,0.007569448271403042,False,601012,隆基绿能
2020-06-18,321.13,326.58,316.37,323.57,20871652.0,690508644.0,0.0,False,601012,隆基绿能
2020-06-19,326.49,333.3,324.54,330.38,47561201.0,1613390239.0,0.020828033285957333,False,601012,隆基绿能
2020-06-22,330.77,341.57,328.24,337.48,43400368.0,1504121491.0,0.02126274217043141,False,601012,隆基绿能
2020-06-23,337.48,352.76,334.17,350.33,59912485.0,2140768095.0,0.03736931811829074,False,601012,隆基绿能
2020-06-24,354.22,369.79,353.83,369.79,65370858.0,2451092268.0,0.05405970952754411,False,601012,隆基绿能
2020-06-29,379.52,399.28,379.52,392.17,85395112.0,3448248770.0,0.058760142307429104,False,601012,隆基绿能
2020-06-30,398.21,400.25,384.58,396.36,44472742.0,1798968926.0,0.010627469940008757,False,601012,隆基绿能
2020-07-01,401.13,407.84,393.63,405.12,40674124.0,1676870124.0,0.021860430325058144,False,601012,隆基绿能
2020-07-02,404.63,416.5,395.09,398.4,60707545.0,2522995827.0,-0.016726793805313625,False,601012,隆基绿能
2020-07-03,395.09,414.36,395.09,405.8,49020189.0,2027133525.0,0.01840390168127121,False,601012,隆基绿能
2020-07-06,412.9,441.32,412.61,432.66,58376356.0,2574875351.0,0.0640917727650089,False,601012,隆基绿能
2020-07-07,435.48,454.06,425.45,430.12,74392143.0,3363136672.0,-0.005887960634397604,False,601012,隆基绿能
2020-07-08,431.58,449.39,431.1,448.91,56115460.0,2556978757.0,0.042758182693759444,False,601012,隆基绿能
2020-07-09,448.61,460.58,445.31,451.05,56600375.0,2642634205.0,0.0047557758865628685,False,601012,隆基绿能
2020-07-10,443.75,457.47,442.39,449.68,41983226.0,1936221969.0,-0.0030419794088282132,False,601012,隆基绿能
2020-07-13,448.71,467.69,447.15,463.21,51366511.0,2427848842.0,0.029644296278387442,False,601012,隆基绿能
2020-07-14,463.21,484.43,460.29,475.76,57114984.0,2778240593.0,0.02673301042613135,False,601012,隆基绿能
2020-07-15,482.67,495.13,471.0,473.53,76336324.0,3802311167.0,-0.004698256806692028,False,601012,隆基绿能
2020-07-16,477.81,483.65,444.82,445.7,80832505.0,3838065965.0,-0.06056918863913605,False,601012,隆基绿能
2020-07-17,439.95,464.18,434.02,450.17,51204079.0,2374205609.0,0.009979209249575094,False,601012,隆基绿能
2020-07-20,463.21,472.75,455.04,464.48,52576431.0,2503420063.0,0.03129321107423469,False,601012,隆基绿能
2020-07-21,469.05,486.18,465.94,473.92,74604070.0,3648731684.0,0.020120030803114183,False,601012,隆基绿能
2020-07-22,472.94,478.3,464.87,466.33,65466656.0,3165397660.0,-0.01614499307043998,False,601012,隆基绿能
2020-07-23,470.12,512.94,470.12,512.94,99643581.0,5179381471.0,0.09526534125720348,False,601012,隆基绿能
2020-07-24,515.76,532.99,491.72,498.24,102831257.0,5393239943.0,-0.029076990620563934,False,601012,隆基绿能
2020-07-27,518.29,537.36,512.65,523.55,89155050.0,4806268961.0,0.04955064808783755,False,601012,隆基绿能
2020-07-28,523.55,526.27,503.01,516.44,57000117.0,3007849470.0,-0.013673421426953046,False,601012,隆基绿能
2020-07-29,523.55,541.26,507.1,530.16,71878462.0,3907025480.0,0.026219732473453456,False,601012,隆基绿能
2020-07-30,533.86,560.72,520.72,557.8,86699418.0,4796791149.0,0.050821627413417184,False,601012,隆基绿能
2020-07-31,544.95,564.13,535.71,552.74,68442942.0,3877601578.0,-0.009112746980858396,False,601012,隆基绿能
2020-08-03,566.36,582.81,558.77,561.5,57750056.0,3378813794.0,0.01572404596596771,False,601012,隆基绿能
2020-08-04,561.98,573.56,554.1,569.38,40062756.0,2319835238.0,0.013936275355894007,False,601012,隆基绿能
2020-08-05,567.82,569.28,540.87,563.64,50881229.0,2902694584.0,-0.010132299707487809,False,601012,隆基绿能
2020-08-06,559.55,562.37,533.67,540.09,59463074.0,3319178077.0,-0.04267995748926315,False,601012,隆基绿能
2020-08-07,540.19,577.55,540.19,566.36,75329908.0,4334283312.0,0.047494126079129104,False,601012,隆基绿能
2020-08-10,564.42,584.95,554.49,571.03,57354877.0,3366979977.0,0.00821182926364735,False,601012,隆基绿能
2020-08-11,574.15,582.42,549.63,554.69,45890328.0,2672887742.0,-0.029032348544485182,False,601012,隆基绿能
2020-08-12,554.69,554.69,525.59,538.73,61238800.0,3370903462.0,-0.029194881376886795,False,601012,隆基绿能
2020-08-13,549.82,555.66,538.92,545.83,34516941.0,1947171915.0,0.013093054193375834,False,601012,隆基绿能
2020-08-14,539.7,551.86,532.5,548.36,30324163.0,1692248312.0,0.00462443361527825,False,601012,隆基绿能
2020-08-17,543.11,553.62,538.24,545.15,45407556.0,2538416102.0,-0.00587101941530889,False,601012,隆基绿能
2020-08-18,545.15,567.34,541.84,552.74,46343112.0,2635906585.0,0.013826742060139452,False,601012,隆基绿能
2020-08-19,556.53,557.61,521.02,521.02,55876056.0,3073200641.0,-0.05909929948002184,False,601012,隆基绿能
2020-08-20,520.82,531.14,499.22,500.39,61102510.0,3200701875.0,-0.04040063435222506,False,601012,隆基绿能
2020-08-21,515.37,535.42,513.81,525.49,60506949.0,3265198173.0,0.04894336625994108,False,601012,隆基绿能
2020-08-24,535.22,571.52,532.21,567.34,79627428.0,4512003896.0,0.07662761063726048,False,601012,隆基绿能
2020-08-25,567.82,580.18,561.5,572.69,43211817.0,2538451376.0,0.009385786820935675,False,601012,隆基绿能
2020-08-26,566.36,575.9,548.85,560.52,42308238.0,2431459160.0,-0.021479633796403507,False,601012,隆基绿能
2020-08-27,563.64,592.15,561.69,589.72,58543845.0,3495231087.0,0.050782923679602195,False,601012,隆基绿能
2020-08-28,613.07,619.4,579.11,612.68,79273838.0,4902063645.0,0.03819492881473423,False,601012,隆基绿能
2020-08-31,612.98,639.06,606.36,615.8,54617444.0,3497798248.0,0.0050794586940466555,False,601012,隆基绿能
2020-09-01,615.99,654.72,615.02,654.72,53459193.0,3516669709.0,0.06128542783280715,False,601012,隆基绿能
2020-09-02,661.73,666.5,642.17,661.83,43136276.0,2904928284.0,0.01080106205257452,False,601012,隆基绿能
2020-09-03,661.24,663.68,639.84,646.65,42413895.0,2836005738.0,-0.023203535514528126,False,601012,隆基绿能
2020-09-04,632.54,655.21,621.64,646.16,47279377.0,3102108064.0,-0.0007580387272125048,False,601012,隆基绿能
2020-09-07,642.27,652.0,602.37,608.4,49496517.0,3168745443.0,-0.06021459074890307,False,601012,隆基绿能
2020-09-08,607.14,635.36,598.48,617.94,47463816.0,3010739852.0,0.015558804980627635,False,601012,隆基绿能
2020-09-09,601.59,619.2,581.16,611.61,52900839.0,3271746854.0,-0.01029654088860824,False,601012,隆基绿能
2020-09-10,618.72,636.82,610.54,621.93,40354402.0,2592634614.0,0.01673272173597346,False,601012,隆基绿能
2020-09-11,630.2,682.17,624.36,679.44,77920876.0,5251141043.0,0.08844138325862339,False,601012,隆基绿能
2020-09-14,697.74,725.28,693.84,708.64,86200846.0,6290525693.0,0.042078710703134035,False,601012,隆基绿能
2020-09-15,699.68,710.39,689.47,700.36,42446810.0,3052536080.0,-0.011753151616771965,False,601012,隆基绿能
2020-09-16,710.29,741.53,699.2,712.33,65407809.0,4830262422.0,0.016946798624790267,False,601012,隆基绿能
2020-09-17,701.82,734.62,696.76,724.98,51534654.0,3803223152.0,0.017602781084365426,False,601012,隆基绿能
2020-09-18,722.06,727.03,691.9,701.14,65174259.0,4723911392.0,-0.03343648647971095,False,601012,隆基绿能
2020-09-21,710.0,716.81,681.29,692.77,49963183.0,3561680672.0,-0.012009528017333302,False,601012,隆基绿能
2020-09-22,690.92,694.91,674.77,681.1,37383857.0,2633542173.0,-0.016988915522954905,False,601012,隆基绿能
2020-09-23,692.0,749.22,680.22,749.22,80867791.0,5948487931.0,0.09532352710783602,False,601012,隆基绿能
2020-09-24,738.51,743.47,677.4,678.18,95777268.0,6915747939.0,-0.09961992592441413,False,601012,隆基绿能
2020-09-25,690.54,710.58,669.03,692.09,54074175.0,3854105389.0,0.020303265533660197,False,601012,隆基绿能
2020-09-28,707.27,739.58,702.12,720.12,60007877.0,4447064454.0,0.03970185982506682,False,601012,隆基绿能
2020-09-29,730.82,738.61,713.4,730.73,41029327.0,3072972383.0,0.014626169686098653,False,601012,隆基绿能
2020-09-30,725.57,746.49,725.57,729.95,38860738.0,2941760171.0,-0.001067995829531332,False,601012,隆基绿能
2020-10-09,781.13,802.93,769.75,797.97,88436151.0,7207571769.0,0.08909496411218584,False,601012,隆基绿能
2020-10-12,805.95,808.67,783.37,805.07,58941421.0,4832335519.0,0.008858227401628603,False,601012,隆基绿能
2020-10-13,796.02,810.33,773.74,804.68,44670525.0,3643901933.0,-0.0004845472994324139,False,601012,隆基绿能
2020-10-14,777.34,795.05,763.91,776.76,73658391.0,5894438409.0,-0.03531326051495184,False,601012,隆基绿能
2020-10-15,787.75,788.24,729.95,758.07,63841823.0,4945880069.0,-0.024355692681927388,False,601012,隆基绿能
2020-10-16,756.32,764.49,738.41,742.7,43035664.0,3299249611.0,-0.02048353498824094,False,601012,隆基绿能
2020-10-19,744.25,747.27,686.25,695.79,103473845.0,7500260185.0,-0.06524430400664805,False,601012,隆基绿能
2020-10-20,698.03,715.06,691.9,711.26,56971335.0,4117928678.0,0.021990154427054924,False,601012,隆基绿能
2020-10-21,720.02,723.52,688.01,700.66,48945237.0,3523062752.0,-0.015015297119995554,False,601012,隆基绿能
2020-10-22,697.35,697.35,671.75,686.06,50866651.0,3587022989.0,-0.021057660517639427,False,601012,隆基绿能
2020-10-23,691.9,701.92,656.87,661.24,56928956.0,3957170732.0,-0.036848227273211215,False,601012,隆基绿能
2020-10-26,653.73,695.49,641.05,686.03,73202207.0,5056808782.0,0.03680449836329303,False,601012,隆基绿能
2020-10-27,680.08,698.61,670.12,696.08,47079397.0,3304922269.0,0.014543237709664595,False,601012,隆基绿能
2020-10-28,683.0,711.79,683.0,704.08,53443834.0,3836261223.0,0.011427389807787298,False,601012,隆基绿能
2020-10-29,692.76,734.23,687.88,723.98,54386853.0,3990578693.0,0.027871781629209624,False,601012,隆基绿能
2020-10-30,731.69,749.45,715.79,741.45,63250613.0,4754890095.0,0.02384396072631218,False,601012,隆基绿能
2020-11-02,687.98,738.23,684.17,719.4,90118712.0,6636313517.0,-0.030190197159554524,False,601012,隆基绿能
2020-11-03,723.01,727.11,683.2,692.37,71766587.0,5124332771.0,-0.03829703645446085,False,601012,隆基绿能
2020-11-04,692.37,700.86,663.2,681.05,77300522.0,5404993892.0,-0.016484769913712154,False,601012,隆基绿能
2020-11-05,702.52,724.08,700.57,721.93,84966622.0,6201404471.0,0.05829245639065131,False,601012,隆基绿能
2020-11-06,736.67,743.5,688.17,695.98,73194101.0,5297353038.0,-0.03660725699464226,False,601012,隆基绿能
2020-11-09,697.15,724.08,681.34,704.18,73381973.0,5301783737.0,0.01171308100583892,False,601012,隆基绿能
2020-11-10,706.42,742.42,686.22,729.74,73447787.0,5421538281.0,0.035654301022078255,False,601012,隆基绿能
2020-11-11,722.03,750.33,712.27,712.27,63712003.0,4769818203.0,-0.02423125330541584,False,601012,隆基绿能
2020-11-12,727.79,729.84,681.05,683.49,87708343.0,6214710308.0,-0.04124502753279264,False,601012,隆基绿能
2020-11-13,683.69,684.86,625.14,649.44,142207143.0,9493407770.0,-0.051101572388480766,False,601012,隆基绿能
2020-11-16,650.71,662.02,625.44,652.46,65126385.0,4302979129.0,0.004639381545182248,False,601012,隆基绿能
2020-11-17,652.95,656.56,629.34,636.07,51018579.0,3327658456.0,-0.02544121445904188,False,601012,隆基绿能
2020-11-18,633.24,638.31,604.95,612.17,88250937.0,5581719641.0,-0.038298598459728245,False,601012,隆基绿能
2020-11-19,615.68,634.22,608.17,632.56,58694643.0,3767211834.0,0.03276505604567158,False,601012,隆基绿能
2020-11-20,642.8,656.46,633.14,652.66,51715043.0,3432420863.0,0.03128124210290944,False,601012,隆基绿能
2020-11-23,659.49,667.39,641.92,660.56,56823514.0,3828114753.0,0.012031640243591917,False,601012,隆基绿能
2020-11-24,659.98,659.98,640.75,652.56,36699801.0,2449920986.0,-0.012184871116848208,False,601012,隆基绿能
2020-11-25,654.32,668.95,645.73,651.58,35177193.0,2364771490.0,-0.0015029064125977733,False,601012,隆基绿能
2020-11-26,647.88,659.59,635.19,658.32,38172903.0,2534575011.0,0.01029095271773046,False,601012,隆基绿能
2020-11-27,657.34,682.03,651.78,678.12,55950524.0,3836510118.0,0.02963312813229461,False,601012,隆基绿能
2020-11-30,673.34,678.61,661.54,670.32,41714973.0,2867889792.0,-0.011569053124721153,False,601012,隆基绿能
2020-12-01,672.76,687.78,668.95,682.22,43953172.0,3070193657.0,0.01759697616564232,False,601012,隆基绿能
2020-12-02,687.88,695.69,672.07,680.27,33306008.0,2332341272.0,-0.0028624082839863773,False,601012,隆基绿能
2020-12-03,683.0,686.32,673.34,677.44,24134177.0,1679295066.0,-0.004168790240186671,False,601012,隆基绿能
2020-12-04,677.64,679.69,659.59,675.59,37177216.0,2544614028.0,-0.002734604780186608,False,601012,隆基绿能
2020-12-07,680.86,704.96,675.2,699.79,55302553.0,3928961600.0,0.03519390686808873,False,601012,隆基绿能
2020-12-08,702.52,716.96,697.64,707.79,44874562.0,3258636603.0,0.011367149492329087,False,601012,隆基绿能
2020-12-09,708.18,723.01,703.49,715.88,45477908.0,3342658303.0,0.01136511562247599,False,601012,隆基绿能
2020-12-10,712.27,734.23,700.08,723.01,57686786.0,4269499816.0,0.009910498172550755,False,601012,隆基绿能
2020-12-11,731.79,732.57,702.71,710.32,52176438.0,3837048788.0,-0.01770748059768678,False,601012,隆基绿能
2020-12-14,722.03,756.08,715.2,739.3,64812554.0,4883935396.0,0.039988219838982784,False,601012,隆基绿能
2020-12-15,739.3,746.91,723.49,744.57,49690071.0,3739938366.0,0.007103077975256692,False,601012,隆基绿能
2020-12-16,761.06,761.06,736.28,741.55,43394743.0,3316647407.0,-0.004064280350339517,False,601012,隆基绿能
2020-12-17,734.42,736.37,712.27,729.93,45660247.0,3392596236.0,-0.015793951054273014,False,601012,隆基绿能
2020-12-18,729.35,759.11,726.32,757.65,49301851.0,3794209833.0,0.03727289844847269,False,601012,隆基绿能
2020-12-21,819.6,833.46,800.19,833.46,104851998.0,8877337592.0,0.09536417305518179,False,601012,隆基绿能
2020-12-22,844.0,887.32,839.12,857.66,124489504.0,11025683393.0,0.028622039918477057,False,601012,隆基绿能
2020-12-23,876.98,912.69,869.27,899.61,93249498.0,8516037881.0,0.04775358551912625,False,601012,隆基绿能
2020-12-24,887.71,901.27,872.97,884.0,59467376.0,5390501948.0,-0.017504273437312798,False,601012,隆基绿能
2020-12-25,892.78,916.49,880.1,911.81,77859333.0,7164351204.0,0.030974572398951027,False,601012,隆基绿能
2020-12-28,912.0,924.01,885.95,899.12,63356777.0,5841807809.0,-0.014015127826582872,False,601012,隆基绿能
2020-12-29,901.47,901.56,854.73,862.53,87111987.0,7765578092.0,-0.04154657630070212,False,601012,隆基绿能
2020-12-30,878.15,900.78,863.9,885.37,75832989.0,6900215129.0,0.026135705823950958,False,601012,隆基绿能
2020-12-31,895.71,914.54,869.66,899.61,85197903.0,7816656715.0,0.015955699341695672,False,601012,隆基绿能
2021-01-04,899.61,989.57,899.61,976.69,113225943.0,11107838801.0,0.08220796776764973,False,601012,隆基绿能
2021-01-05,966.06,1042.85,955.23,1023.24,99197922.0,10227506681.0,0.0465600386993526,False,601012,隆基绿能
2021-01-06,1023.63,1056.7,1010.36,1044.02,86244761.0,9133467682.0,0.020104582805253495,False,601012,隆基绿能
2021-01-07,1069.19,1119.93,1048.9,1107.93,98898721.0,10989799382.0,0.05941476306896616,False,601012,隆基绿能
2021-01-08,1131.83,1141.59,1043.43,1077.19,126620017.0,14076783500.0,-0.028137610848969107,False,601012,隆基绿能
2021-01-11,1081.1,1081.1,1022.26,1035.72,98528650.0,10531442591.0,-0.03925896154764258,False,601012,隆基绿能
2021-01-12,1030.94,1079.34,1023.33,1072.8,85405608.0,9233938404.0,0.03517521594790207,False,601012,隆基绿能
2021-01-13,1074.46,1115.93,1040.6,1055.53,87997639.0,9710763814.0,-0.016229042534451277,False,601012,隆基绿能
2021-01-14,1034.26,1035.43,975.62,985.38,120997501.0,12378368035.0,-0.06877093585549296,False,601012,隆基绿能
2021-01-15,974.74,1008.4,961.18,998.65,79002625.0,7994646885.0,0.01337701333365616,False,601012,隆基绿能
2021-01-18,975.72,1017.67,969.57,1006.65,71245294.0,7286087238.0,0.007978898361177149,False,601012,隆基绿能
2021-01-19,1029.38,1042.75,986.26,1000.11,61573611.0,6385967870.0,-0.006517992339777295,False,601012,隆基绿能
2021-01-20,1007.92,1057.48,993.28,1056.8,73991177.0,7813323733.0,0.05513548027553489,False,601012,隆基绿能
2021-01-21,1070.95,1128.52,1048.9,1112.51,95405837.0,10625267305.0,0.05137324955592593,False,601012,隆基绿能
2021-01-22,1112.81,1189.5,1112.81,1167.93,88839728.0,10499090030.0,0.04861422732131705,False,601012,隆基绿能
2021-01-25,1176.13,1219.65,1109.39,1139.35,115561885.0,13953031411.0,-0.0247750267472439,False,601012,隆基绿能
2021-01-26,1131.74,1138.66,1094.95,1113.1,71769132.0,8207925448.0,-0.02330900883893464,False,601012,隆基绿能
2021-01-27,1107.44,1200.13,1090.85,1200.13,98860511.0,11587186543.0,0.07528096874261317,False,601012,隆基绿能
2021-01-28,1152.91,1171.64,1101.29,1104.9,92057688.0,10692473802.0,-0.08267505112266396,False,601012,隆基绿能
2021-01-29,1102.56,1102.56,1012.01,1049.38,137375758.0,14790282560.0,-0.05155531955775817,False,601012,隆基绿能
2021-02-01,1034.26,1058.07,1012.6,1043.24,75254208.0,7970232996.0,-0.005868258565795931,False,601012,隆基绿能
2021-02-02,1056.7,1088.32,1025.28,1063.63,71491418.0,7762243270.0,0.019356331068021287,False,601012,隆基绿能
2021-02-03,1081.1,1111.34,1048.02,1061.78,78981935.0,8716825126.0,-0.0017408410303955393,False,601012,隆基绿能
2021-02-04,1044.02,1100.71,1038.85,1080.51,72816416.0,8021496018.0,0.017486406845461523,False,601012,隆基绿能
2021-02-05,1103.54,1157.3,1102.56,1118.37,100245606.0,11604988852.0,0.034439116206777635,False,601012,隆基绿能
2021-02-08,1118.37,1118.37,1037.29,1094.76,83632954.0,9227796642.0,-0.021337106940056853,False,601012,隆基绿能
2021-02-09,1102.56,1150.18,1097.78,1145.59,81408616.0,9467527910.0,0.04538462697262014,False,601012,隆基绿能
2021-02-10,1170.76,1202.08,1146.47,1190.18,80983414.0,9813001061.0,0.038184768053056733,False,601012,隆基绿能
2021-02-18,1213.6,1226.28,1170.96,1193.3,77889570.0,9556334113.0,0.002618022204549787,False,601012,隆基绿能
2021-02-19,1168.62,1177.69,1109.39,1141.59,77777512.0,9080595691.0,-0.04430055088694834,False,601012,隆基绿能
2021-02-22,1122.08,1165.01,1058.65,1062.36,88753703.0,10113635301.0,-0.07192917907770359,False,601012,隆基绿能
2021-02-23,1034.26,1107.93,1019.63,1085.68,65535311.0,7225816019.0,0.021713670362157298,False,601012,隆基绿能
2021-02-24,1073.19,1088.8,985.57,1014.75,100515122.0,10619546981.0,-0.06756424205410824,False,601012,隆基绿能
2021-02-25,1044.02,1045.09,1007.14,1014.75,60249722.0,6342391915.0,0.0,False,601012,隆基绿能
2021-02-26,975.72,1039.04,965.96,1019.24,76398925.0,7876848195.0,0.004414974796587115,False,601012,隆基绿能
2021-03-01,1048.9,1084.02,1034.36,1067.53,70236332.0,7666880794.0,0.04629031723679866,False,601012,隆基绿能
2021-03-02,1082.85,1107.44,1044.31,1073.19,66514729.0,7372388197.0,0.0052879528279710965,False,601012,隆基绿能
2021-03-03,1065.29,1065.78,1026.07,1053.78,58829844.0,6283668160.0,-0.018251821918664916,False,601012,隆基绿能
2021-03-04,1019.63,1024.5,953.96,957.18,112907315.0,11368577224.0,-0.09614751712073805,False,601012,隆基绿能
2021-03-05,917.76,983.43,902.64,970.25,74392217.0,7246979183.0,0.013562308708054636,False,601012,隆基绿能
2021-03-08,975.72,980.4,873.27,873.27,117406692.0,10921840485.0,-0.10530898387558829,False,601012,隆基绿能
2021-03-09,847.02,873.07,802.24,819.6,128754205.0,11022831928.0,-0.06342837000868273,False,601012,隆基绿能
2021-03-10,858.63,866.44,823.9,829.36,101546781.0,8772560886.0,0.011837902650111948,False,601012,隆基绿能
2021-03-11,838.14,879.9,829.46,868.29,80542228.0,7091615570.0,0.045871441228543065,False,601012,隆基绿能
2021-03-12,892.59,892.59,854.53,888.68,81926265.0,7375988790.0,0.023211455465527085,False,601012,隆基绿能
2021-03-15,868.0,868.0,799.8,799.8,110187131.0,9238958127.0,-0.10537551929620893,False,601012,隆基绿能
2021-03-16,787.4,804.87,778.43,796.19,73154028.0,5942593516.0,-0.004523845583751523,False,601012,隆基绿能
2021-03-17,796.28,812.87,772.77,806.53,60705105.0,4964088163.0,0.01290324381261127,False,601012,隆基绿能
2021-03-18,806.53,816.29,792.97,808.38,68075013.0,5606462993.0,0.0022911503542337053,False,601012,隆基绿能
2021-03-19,780.57,788.38,759.5,770.43,75484816.0,5972434766.0,-0.04808344446010044,False,601012,隆基绿能
2021-03-22,780.57,795.8,772.77,781.06,55205169.0,4434728211.0,0.013703170936984675,False,601012,隆基绿能
2021-03-23,780.57,785.45,756.08,766.62,58049602.0,4541002790.0,-0.01866072964140868,False,601012,隆基绿能
2021-03-24,770.62,774.72,744.77,749.25,48389440.0,3746514555.0,-0.02291853563451427,False,601012,隆基绿能
2021-03-25,736.67,758.13,731.89,751.3,47345692.0,3623893918.0,0.0027323331783423374,False,601012,隆基绿能
2021-03-26,761.16,791.5,756.18,784.67,87221576.0,6951002456.0,0.043458207856334544,False,601012,隆基绿能
2021-03-29,784.67,794.92,769.84,782.53,57740494.0,4637820542.0,-0.0027309868939017373,False,601012,隆基绿能
2021-03-30,782.43,859.51,776.67,854.92,104460183.0,8887659620.0,0.08847563697006222,False,601012,隆基绿能
2021-03-31,858.53,884.68,842.34,858.63,81182804.0,7161190354.0,0.004330198473420122,False,601012,隆基绿能
2021-04-01,870.83,904.98,855.51,874.44,65377859.0,5894871561.0,0.018245585689161216,False,601012,隆基绿能
2021-04-02,872.1,881.17,845.75,867.32,56409986.0,4984790631.0,-0.008175683974174161,False,601012,隆基绿能
2021-04-06,885.56,923.32,880.0,909.27,76607102.0,7082562610.0,0.047234082279843326,False,601012,隆基绿能
2021-04-07,909.47,909.76,865.07,869.56,65815727.0,5907819803.0,-0.04465474318688209,False,601012,隆基绿能
2021-04-08,848.87,866.73,836.97,855.8,51570166.0,4514426142.0,-0.015950632606261866,False,601012,隆基绿能
2021-04-09,819.6,840.68,810.33,817.36,65257638.0,5500628414.0,-0.04595706969954822,False,601012,隆基绿能
2021-04-12,809.85,822.53,785.45,795.11,57856937.0,4742177442.0,-0.027599164420485343,False,601012,隆基绿能
2021-04-13,794.82,812.68,790.33,796.19,41493597.0,3399308664.0,0.0013573809662835372,False,601012,隆基绿能
2021-04-14,792.19,809.75,787.31,801.36,51578388.0,4217656634.0,0.006472433474542405,False,601012,隆基绿能
2021-04-15,799.11,853.75,791.31,846.73,82360110.0,7021186720.0,0.05507158739295412,False,601012,隆基绿能
2021-04-16,844.0,844.19,811.5,832.78,53880122.0,4556901793.0,-0.01661237005391404,False,601012,隆基绿能
2021-04-19,838.14,879.71,827.12,874.34,75210468.0,6647395645.0,0.04869981438418004,False,601012,隆基绿能
2021-04-20,874.24,922.05,867.02,901.56,83943905.0,7759799161.0,0.030657280142340634,False,601012,隆基绿能
2021-04-21,917.18,932.49,884.59,901.95,87086859.0,8130256251.0,0.00043248998461790103,False,601012,隆基绿能
2021-04-22,912.39,916.0,862.34,884.1,58328043.0,5283325129.0,-0.019988907741928713,False,601012,隆基绿能
2021-04-23,884.98,910.34,884.98,897.56,46036028.0,4246057601.0,0.015109792083843184,False,601012,隆基绿能
2021-04-26,902.54,928.69,888.0,892.59,58306213.0,5456355919.0,-0.005552621589718255,False,601012,隆基绿能
2021-04-27,895.71,908.1,878.24,896.49,44338178.0,4055311102.0,0.004359789587410051,False,601012,隆基绿能
2021-04-28,897.66,924.59,889.56,922.35,54504618.0,5101771058.0,0.028437622574294736,False,601012,隆基绿能
2021-04-29,928.4,928.4,896.39,918.15,45202640.0,4237030075.0,-0.004563985102399924,False,601012,隆基绿能
2021-04-30,923.52,981.38,923.13,969.86,81083489.0,8006832808.0,0.05479095521877089,False,601012,隆基绿能
2021-05-06,965.67,1011.82,956.5,975.72,72318413.0,7293459241.0,0.006023928823787038,False,601012,隆基绿能
2021-05-07,975.82,1003.04,936.69,943.81,53589869.0,5300692479.0,-0.0332507853064501,False,601012,隆基绿能
2021-05-10,937.27,970.84,917.27,952.3,42820598.0,4159614960.0,0.008955236498703853,False,601012,隆基绿能
2021-05-11,936.2,940.88,907.71,938.64,43506509.0,4120827652.0,-0.014448092084631908,False,601012,隆基绿能
2021-05-12,931.81,953.86,930.84,942.35,25541394.0,2470196189.0,0.003944736347268479,False,601012,隆基绿能
2021-05-13,920.88,934.74,913.27,922.05,30315670.0,2864799428.0,-0.021777303441508654,False,601012,隆基绿能
2021-05-14,924.69,938.93,901.27,934.74,37096914.0,3505900046.0,0.013668963731264229,False,601012,隆基绿能
2021-05-17,935.23,974.55,935.23,969.38,52381190.0,5177124822.0,0.03638827612771353,False,601012,隆基绿能
2021-05-18,972.6,985.38,960.11,972.5,35040546.0,3487572157.0,0.0032133836124956447,False,601012,隆基绿能
2021-05-19,972.6,993.28,961.08,982.16,42186708.0,4240619496.0,0.009884152379983122,False,601012,隆基绿能
2021-05-20,982.26,987.43,956.2,962.84,39598470.0,3923539886.0,-0.019866977334343543,False,601012,隆基绿能
2021-05-21,977.67,1004.89,952.01,961.77,54224665.0,5412352039.0,-0.0011119136970517932,False,601012,隆基绿能
2021-05-24,951.33,951.33,918.15,939.23,54417852.0,5201493939.0,-0.02371494619912983,False,601012,隆基绿能
2021-05-25,927.91,956.2,910.93,956.2,78022517.0,7455623402.0,0.017906705549943745,False,601012,隆基绿能
2021-05-26,956.2,965.38,934.84,936.3,47284604.0,4579287890.0,-0.021031158247159676,False,601012,隆基绿能
2021-05-27,931.81,945.28,924.69,928.1,45713761.0,4368723698.0,-0.008796452343496205,False,601012,隆基绿能
2021-05-28,928.1,970.64,919.13,948.89,65790679.0,6408757675.0,0.02215339480455071,False,601012,隆基绿能
2021-05-31,956.2,1000.11,941.96,996.21,79134807.0,7942206489.0,0.048665198327854146,False,601012,隆基绿能
2021-06-01,997.67,1001.09,964.99,986.45,50285909.0,5051251819.0,-0.009845438792773536,False,601012,隆基绿能
2021-06-02,1014.75,1029.38,980.89,988.3,55812004.0,5725840124.0,0.0018736554411595584,False,601012,隆基绿能
2021-06-03,975.72,983.52,941.96,943.52,67463131.0,6626517359.0,-0.04636873312994417,False,601012,隆基绿能
2021-06-04,932.88,947.03,915.22,933.08,57663394.0,5481255116.0,-0.011126620171838688,False,601012,隆基绿能
2021-06-07,933.37,933.76,903.32,915.22,52096770.0,4871897493.0,-0.019326468546745194,False,601012,隆基绿能
2021-06-08,912.1,935.71,903.51,931.03,42543978.0,4043160810.0,0.017127026639975926,False,601012,隆基绿能
2021-06-09,931.81,951.81,917.18,947.62,40653944.0,3901269998.0,0.017662077840195474,False,601012,隆基绿能
2021-06-10,961.86,1030.16,956.69,1011.33,130853491.0,13417585414.0,0.06506799724224899,False,601012,隆基绿能
2021-06-11,1027.24,1092.8,1016.7,1068.41,122298381.0,13226970917.0,0.05490526572631349,False,601012,隆基绿能
2021-06-15,1068.41,1083.05,1025.48,1034.36,77604600.0,8323894281.0,-0.03238868403263836,False,601012,隆基绿能
2021-06-16,1022.16,1034.26,966.94,981.87,78299030.0,7959864213.0,-0.052079240250685326,False,601012,隆基绿能
2021-06-17,991.82,1006.55,979.62,1001.28,49986866.0,5100039304.0,0.0195755437814969,False,601012,隆基绿能
2021-06-18,1006.55,1059.53,997.18,1039.43,66276407.0,7032931926.0,0.03739330448276625,False,601012,隆基绿能
2021-06-21,1036.21,1083.05,1014.55,1064.02,60488367.0,6565352165.0,0.023381701754126245,False,601012,隆基绿能
2021-06-22,1077.19,1082.56,1039.04,1070.36,46905297.0,5092806482.0,0.005940852750535275,False,601012,隆基绿能
2021-06-23,1085.44,1128.3,1078.87,1092.29,89935844.0,7269308582.0,0.020281369345595997,False,601012,隆基绿能
2021-06-24,1117.21,1168.96,1090.1,1152.12,124449248.0,10301049890.0,0.05332731368399178,False,601012,隆基绿能
2021-06-25,1152.12,1208.94,1140.89,1179.64,105987416.0,9172484221.0,0.02360558366859646,False,601012,隆基绿能
2021-06-28,1180.19,1204.69,1166.22,1173.34,86729084.0,7484516048.0,-0.005354924440055789,False,601012,隆基绿能
2021-06-29,1178.54,1234.27,1178.54,1215.78,124714629.0,11073919843.0,0.035531463379219516,False,601012,隆基绿能
2021-06-30,1198.53,1230.71,1187.99,1216.33,70711585.0,6236438217.0,0.0004522821824468913,False,601012,隆基绿能
2021-07-01,1216.88,1225.23,1163.76,1165.4,99166054.0,8542296904.0,-0.04277375257876589,False,601012,隆基绿能
2021-07-02,1143.08,1170.19,1117.21,1131.72,108676418.0,9032383081.0,-0.029325776365180155,False,601012,隆基绿能
2021-07-05,1131.58,1161.16,1129.53,1150.89,71523453.0,5972121444.0,0.01679695674070069,False,601012,隆基绿能
2021-07-06,1151.98,1167.04,1107.76,1133.23,94982162.0,7858809845.0,-0.015463593775766832,False,601012,隆基绿能
2021-07-07,1114.47,1230.57,1104.47,1230.57,147792735.0,12778774860.0,0.08240551434848191,False,601012,隆基绿能
2021-07-08,1232.21,1273.29,1218.52,1241.8,124701919.0,11369312638.0,0.009084463273582746,False,601012,隆基绿能
2021-07-09,1223.45,1273.15,1193.19,1258.64,116408575.0,10494977357.0,0.013469833001375565,False,601012,隆基绿能
2021-07-12,1260.28,1290.81,1241.25,1250.97,106693827.0,9849152814.0,-0.006112522568148845,False,601012,隆基绿能
2021-07-13,1239.06,1270.55,1218.8,1223.45,98026598.0,8843854205.0,-0.022244513683325456,False,601012,隆基绿能
2021-07-14,1221.81,1234.27,1186.76,1197.98,87699884.0,7727611558.0,-0.02103793163547163,False,601012,隆基绿能
2021-07-15,1184.29,1278.08,1181.28,1275.07,127437372.0,11590975162.0,0.06236427400103132,False,601012,隆基绿能
2021-07-16,1273.29,1279.45,1216.88,1218.52,98078634.0,8926463820.0,-0.045364071492387144,False,601012,隆基绿能
2021-07-19,1211.68,1243.17,1188.4,1206.47,82384913.0,7284720050.0,-0.009938267110815318,False,601012,隆基绿能
2021-07-20,1193.19,1240.43,1189.22,1226.05,63820436.0,5701557030.0,0.016098879255758123,False,601012,隆基绿能
2021-07-21,1245.63,1293.82,1233.03,1276.44,109484636.0,10150943843.0,0.0402773333527648,False,601012,隆基绿能
2021-07-22,1286.98,1296.42,1254.12,1273.01,80130413.0,7439512377.0,-0.002690778065476907,False,601012,隆基绿能
2021-07-23,1267.13,1306.83,1259.6,1263.57,80354063.0,7511485544.0,-0.007443127030413586,False,601012,隆基绿能
2021-07-26,1250.7,1255.21,1152.94,1210.99,139085284.0,12280092219.0,-0.042502841075000956,False,601012,隆基绿能
2021-07-27,1204.83,1231.94,1144.73,1145.82,108094386.0,9393704697.0,-0.05531766900530468,False,601012,隆基绿能
2021-07-28,1122.68,1183.34,1099.82,1170.19,112052152.0,9416049095.0,0.021045590894475115,False,601012,隆基绿能
2021-07-29,1204.83,1238.1,1176.08,1228.11,109580977.0,9672878658.0,0.048310273472726845,False,601012,隆基绿能
2021-07-30,1223.72,1223.72,1168.69,1176.35,104609362.0,9115571578.0,-0.043059978016151725,False,601012,隆基绿能
2021-08-02,1161.7,1218.52,1144.86,1185.94,88048808.0,7621433710.0,0.008119284832290376,False,601012,隆基绿能
2021-08-03,1202.09,1207.29,1148.01,1166.08,75226979.0,6457124460.0,-0.016888012867234195,False,601012,隆基绿能
2021-08-04,1166.08,1267.54,1164.03,1259.32,171055501.0,15460749539.0,0.07692419653331843,False,601012,隆基绿能
2021-08-05,1255.21,1302.72,1232.35,1275.61,122497429.0,11373091051.0,0.012852602828474424,False,601012,隆基绿能
2021-08-06,1275.75,1305.05,1251.38,1258.23,80494615.0,7491539097.0,-0.013718524115526211,False,601012,隆基绿能
2021-08-09,1256.72,1256.72,1185.66,1205.24,101955664.0,8965651868.0,-0.04302725422025022,False,601012,隆基绿能
2021-08-10,1211.68,1219.62,1175.8,1194.97,86153189.0,7492294317.0,-0.008557636769525933,False,601012,隆基绿能
2021-08-11,1195.25,1196.48,1163.76,1179.09,74832677.0,6423120943.0,-0.0133781259461762,False,601012,隆基绿能
2021-08-12,1177.45,1192.37,1147.33,1186.21,87028916.0,7433154632.0,0.006020396148864349,False,601012,隆基绿能
2021-08-13,1163.76,1177.45,1149.24,1152.26,80445199.0,6800290559.0,-0.02903811941554165,False,601012,隆基绿能
2021-08-16,1138.15,1170.47,1130.9,1160.61,60071260.0,5073982578.0,0.007220497717249835,False,601012,隆基绿能
2021-08-17,1166.49,1186.76,1149.79,1163.76,74163994.0,6350971129.0,0.00271041351283523,False,601012,隆基绿能
2021-08-18,1151.98,1170.6,1103.24,1122.41,97381793.0,8050117083.0,-0.03617798323695808,False,601012,隆基绿能
2021-08-19,1121.31,1133.64,1055.73,1100.64,124239996.0,9902694459.0,-0.01958633045054442,False,601012,隆基绿能
2021-08-20,1089.69,1114.47,1071.75,1083.25,70466882.0,5607786097.0,-0.015926047157685266,False,601012,隆基绿能
2021-08-23,1089.14,1111.73,1061.07,1105.57,83060239.0,6605005820.0,0.020395257437682807,False,601012,隆基绿能
2021-08-24,1116.52,1177.45,1104.34,1151.98,119642734.0,10048701932.0,0.041121161936318054,False,601012,隆基绿能
2021-08-25,1163.89,1216.88,1154.04,1206.61,129419133.0,11228242129.0,0.046332573729002874,False,601012,隆基绿能
2021-08-26,1214.41,1229.47,1177.17,1177.45,90619690.0,7949342292.0,-0.024463691579032363,False,601012,隆基绿能
2021-08-27,1177.45,1250.29,1177.45,1243.3,136577033.0,12300172718.0,0.054418051814901745,False,601012,隆基绿能
2021-08-30,1269.86,1349.68,1252.75,1332.16,181945339.0,17373353033.0,0.06903255004771879,False,601012,隆基绿能
2021-08-31,1299.03,1299.03,1207.29,1224.82,178754384.0,16270744090.0,-0.08400779059985308,False,601012,隆基绿能
2021-09-01,1199.35,1213.05,1140.21,1164.17,130517219.0,11191296413.0,-0.05078550766939564,False,601012,隆基绿能
2021-09-02,1173.07,1216.88,1173.07,1206.75,84470610.0,7404629660.0,0.03592240880324032,False,601012,隆基绿能
2021-09-03,1224.0,1250.01,1163.21,1171.83,94880563.0,8352280944.0,-0.02936416611912555,False,601012,隆基绿能
2021-09-06,1191.14,1198.53,1138.98,1177.86,75698531.0,6448861515.0,0.005132603226520216,False,601012,隆基绿能
2021-09-07,1184.29,1198.12,1158.01,1198.12,65098548.0,5626859215.0,0.017054428955932323,False,601012,隆基绿能
2021-09-08,1203.32,1215.78,1150.07,1159.38,88382687.0,7571000404.0,-0.0328682821489652,False,601012,隆基绿能
2021-09-09,1150.07,1156.91,1108.99,1133.5,109468059.0,9005172540.0,-0.022575188507380446,False,601012,隆基绿能
2021-09-10,1122.68,1154.72,1111.87,1147.46,70163892.0,5823971111.0,0.01224061299174924,False,601012,隆基绿能
2021-09-13,1147.74,1147.74,1103.1,1114.47,86888306.0,7087003428.0,-0.029171848376106296,False,601012,隆基绿能
2021-09-14,1111.18,1142.81,1103.79,1121.45,80055255.0,6562793676.0,0.006243535255608185,False,601012,隆基绿能
2021-09-15,1139.11,1159.65,1132.13,1151.43,86506197.0,7249086737.0,0.026382157320545455,False,601012,隆基绿能
2021-09-16,1163.76,1163.89,1109.13,1109.13,80257731.0,6573777930.0,-0.037428723935885526,False,601012,隆基绿能
2021-09-17,1104.2,1118.3,1081.61,1098.04,68416951.0,5469904506.0,-0.010049151925074943,False,601012,隆基绿能
2021-09-22,1078.6,1115.84,1075.04,1100.09,41437125.0,3329593451.0,0.0018652223429354567,False,601012,隆基绿能
2021-09-23,1109.68,1113.65,1091.33,1097.9,51737388.0,4147301497.0,-0.001992730380668295,False,601012,隆基绿能
2021-09-24,1098.72,1138.56,1076.41,1120.08,77635762.0,6315356336.0,0.02000084706898305,False,601012,隆基绿能
2021-09-27,1133.5,1143.08,1102.28,1136.1,80901232.0,6669234399.0,0.01420123326618898,False,601012,隆基绿能
2021-09-28,1135.69,1145.27,1109.81,1116.66,48331903.0,3970659443.0,-0.017259257591931434,False,601012,隆基绿能
2021-09-29,1096.67,1129.53,1086.4,1109.95,55654775.0,4524582855.0,-0.0060271177371510175,False,601012,隆基绿能
2021-09-30,1110.36,1139.11,1110.36,1129.25,49199878.0,4061710412.0,0.017238726287937226,False,601012,隆基绿能
2021-10-08,1139.11,1141.17,1078.32,1089.14,81486954.0,6559348626.0,-0.0361653015542879,False,601012,隆基绿能
2021-10-11,1090.51,1100.37,1060.25,1074.08,64577848.0,5090438826.0,-0.013923912789984328,False,601012,隆基绿能
2021-10-12,1074.9,1084.9,1057.79,1069.97,49573740.0,3875041400.0,-0.003833870510721789,False,601012,隆基绿能
2021-10-13,1079.97,1141.44,1079.97,1139.25,104191561.0,8514613645.0,0.06273954046427242,False,601012,隆基绿能
2021-10-14,1136.78,1145.0,1117.48,1123.37,53064401.0,4381512070.0,-0.014037055048843597,False,601012,隆基绿能
2021-10-15,1122.68,1170.6,1113.37,1163.76,98494116.0,8300943441.0,0.0353230463700581,False,601012,隆基绿能
2021-10-18,1188.4,1204.83,1150.07,1177.86,70585359.0,6052956799.0,0.012043090182790456,False,601012,隆基绿能
2021-10-19,1195.52,1195.93,1159.38,1163.62,49006664.0,4189600311.0,-0.012163397137536943,False,601012,隆基绿能
2021-10-20,1161.02,1232.08,1158.96,1202.91,106879779.0,9453783713.0,0.0332077856980082,False,601012,隆基绿能
2021-10-21,1191.28,1195.52,1144.59,1155.82,85008015.0,7224332995.0,-0.03993357244266438,False,601012,隆基绿能
2021-10-22,1148.42,1171.29,1136.24,1158.55,56081487.0,4733585769.0,0.0023591744329537006,False,601012,隆基绿能
2021-10-25,1158.55,1221.53,1156.91,1204.83,98362306.0,8657123837.0,0.03916925493526798,False,601012,隆基绿能
2021-10-26,1214.41,1224.41,1182.65,1182.92,60343209.0,5276105072.0,-0.01835252012530007,False,601012,隆基绿能
2021-10-27,1184.29,1226.74,1177.45,1210.44,91967786.0,8130554230.0,0.022997971846018733,False,601012,隆基绿能
2021-10-28,1216.74,1233.58,1203.05,1220.16,91200205.0,8152928250.0,0.007998067814454682,False,601012,隆基绿能
2021-10-29,1222.63,1340.1,1195.38,1337.5,224362546.0,20935018521.0,0.09182020210096271,False,601012,隆基绿能
2021-11-01,1334.76,1414.31,1322.71,1371.86,194407246.0,19424256083.0,0.025365283492823947,False,601012,隆基绿能
2021-11-02,1369.13,1407.05,1351.87,1368.85,122523180.0,12328218343.0,-0.0021965120061492385,False,601012,隆基绿能
2021-11-03,1341.74,1355.71,1234.68,1245.9,199318453.0,18736269021.0,-0.09411281095201875,False,601012,隆基绿能
2021-11-04,1273.29,1303.13,1251.11,1266.44,129788317.0,12132851485.0,0.016351654360138176,False,601012,隆基绿能
2021-11-05,1218.66,1260.96,1180.46,1232.21,120233589.0,10722588125.0,-0.027400509551761522,False,601012,隆基绿能
2021-11-08,1218.25,1262.47,1211.68,1255.49,70095595.0,6370719745.0,0.01871662949852345,False,601012,隆基绿能
2021-11-09,1293.14,1299.3,1263.84,1275.07,71535416.0,6693126099.0,0.015475144434535579,False,601012,隆基绿能
2021-11-10,1260.96,1320.52,1256.86,1297.93,79183055.0,7439220804.0,0.017769608641828923,False,601012,隆基绿能
2021-11-11,1327.91,1341.74,1279.45,1311.49,75911472.0,7281845505.0,0.010393207732742764,False,601012,隆基绿能
2021-11-12,1329.56,1339.69,1293.82,1297.52,62762062.0,6029396184.0,-0.010709145241390987,False,601012,隆基绿能
2021-11-15,1285.47,1285.47,1244.54,1263.57,64053394.0,5898307672.0,-0.026513702223750758,False,601012,隆基绿能
2021-11-16,1263.7,1270.69,1228.79,1231.94,53349890.0,4844123957.0,-0.025350885346866265,False,601012,隆基绿能
2021-11-17,1241.8,1275.75,1217.7,1249.87,85488154.0,7779495324.0,0.014449383279154614,False,601012,隆基绿能
2021-11-18,1248.64,1248.64,1200.18,1228.38,72448159.0,6466310692.0,-0.017343317795429414,False,601012,隆基绿能
2021-11-19,1226.6,1268.22,1205.24,1258.09,87859209.0,7934764925.0,0.02389846973919292,False,601012,隆基绿能
2021-11-22,1270.55,1276.98,1237.14,1262.06,89945439.0,8255305045.0,0.0031506087208794794,False,601012,隆基绿能
2021-11-23,1252.48,1304.09,1249.05,1270.27,81741151.0,7654805876.0,0.0064841697293764496,False,601012,隆基绿能
2021-11-24,1281.64,1282.87,1227.69,1242.76,75053901.0,6839301494.0,-0.021894763668893428,False,601012,隆基绿能
2021-11-25,1232.21,1232.21,1186.35,1197.16,106746305.0,9373395937.0,-0.03738262748574054,False,601012,隆基绿能
2021-11-26,1191.14,1206.88,1181.01,1195.93,56355857.0,4907340358.0,-0.0010279597577290294,False,601012,隆基绿能
2021-11-29,1177.45,1207.02,1169.51,1204.69,54189843.0,4720275017.0,0.007298147046945443,False,601012,隆基绿能
2021-11-30,1207.43,1212.77,1183.47,1196.89,43095919.0,3772926278.0,-0.00649574648901999,False,601012,隆基绿能
2021-12-01,1174.3,1180.32,1136.65,1150.89,119572152.0,10072294774.0,-0.03919096984305918,False,601012,隆基绿能
2021-12-02,1140.48,1154.17,1133.09,1138.15,63510064.0,5291846726.0,-0.01113141889109692,False,601012,隆基绿能
2021-12-03,1133.64,1133.77,1095.98,1125.97,102142477.0,8287662740.0,-0.010759250832706808,False,601012,隆基绿能
2021-12-06,1122.68,1143.08,1116.52,1121.18,62961514.0,5185917704.0,-0.00426318425983863,False,601012,隆基绿能
2021-12-07,1130.9,1149.79,1109.68,1149.65,74880332.0,6160668492.0,0.025075846107157868,False,601012,隆基绿能
2021-12-08,1156.91,1159.51,1130.76,1152.26,73079680.0,6125878363.0,0.0022676830271112923,False,601012,隆基绿能
2021-12-09,1145.68,1171.97,1142.26,1163.76,61713502.0,5237739072.0,0.009930911230085068,False,601012,隆基绿能
2021-12-10,1157.18,1197.98,1149.93,1188.54,75287419.0,6483385137.0,0.02106952063743812,False,601012,隆基绿能
2021-12-13,1188.54,1221.67,1178.82,1200.45,80177405.0,7064169374.0,0.009970823378520254,False,601012,隆基绿能
2021-12-14,1202.09,1209.21,1177.58,1184.84,48498225.0,4216633690.0,-0.013088742125148763,False,601012,隆基绿能
2021-12-15,1177.17,1195.25,1163.76,1167.86,49505407.0,4245867010.0,-0.01443473016568765,False,601012,隆基绿能
2021-12-16,1164.44,1179.36,1161.16,1170.33,38149010.0,3254688183.0,0.0021127461145393133,False,601012,隆基绿能
2021-12-17,1143.22,1154.58,1115.84,1121.31,82185580.0,6786065372.0,-0.042788115657876706,False,601012,隆基绿能
2021-12-20,1109.4,1118.58,1083.94,1102.01,65710968.0,5268908782.0,-0.01736185956514032,False,601012,隆基绿能
2021-12-21,1099.68,1108.99,1084.62,1108.72,48588211.0,3890425826.0,0.006070411678696123,False,601012,隆基绿能
2021-12-22,1119.94,1119.94,1094.89,1096.81,40272235.0,3234249928.0,-0.010800230121475038,False,601012,隆基绿能
2021-12-23,1089.28,1108.99,1085.72,1098.04,44036998.0,3531361326.0,0.0011208056393475793,False,601012,隆基绿能
2021-12-24,1095.44,1097.76,1065.18,1066.27,67551477.0,5289874960.0,-0.029360195321366404,False,601012,隆基绿能
2021-12-27,1063.81,1085.03,1057.79,1069.83,40790172.0,3192025306.0,0.0033331803716990967,False,601012,隆基绿能
2021-12-28,1067.92,1121.31,1062.44,1116.52,68694414.0,5504813491.0,0.04271694791238366,False,601012,隆基绿能
2021-12-29,1111.46,1135.69,1106.25,1122.82,52876370.0,4344087235.0,0.005626672699277539,False,601012,隆基绿能
2021-12-30,1126.79,1149.93,1102.28,1112.14,63287437.0,5210227414.0,-0.00955729077395946,False,601012,隆基绿能
2021-12-31,1150.07,1195.66,1150.07,1180.19,121377167.0,10420525923.0,0.05938935528057134,False,601012,隆基绿能
2022-01-04,1184.02,1205.1,1131.17,1161.84,88124334.0,7463050368.0,-0.015670487147476896,False,601012,隆基绿能
2022-01-05,1161.02,1161.02,1111.59,1115.43,63103844.0,5206534639.0,-0.04076497452504861,False,601012,隆基绿能
2022-01-06,1095.3,1119.94,1086.54,1102.83,43689283.0,3520049198.0,-0.011360377512820641,False,601012,隆基绿能
2022-01-07,1105.02,1122.27,1090.65,1099.0,48117045.0,3880542651.0,-0.0034789278580579317,False,601012,隆基绿能
2022-01-10,1100.78,1112.69,1084.07,1091.19,40547853.0,3236932099.0,-0.00713183157928936,False,601012,隆基绿能
2022-01-11,1087.09,1094.89,1062.44,1067.64,53476814.0,4183417242.0,-0.021818238779655674,False,601012,隆基绿能
2022-01-12,1078.73,1104.34,1069.29,1098.04,49716404.0,3960998763.0,0.028076167233743326,False,601012,隆基绿能
2022-01-13,1102.15,1103.52,1074.76,1085.03,34884375.0,2766337478.0,-0.01191913591652235,False,601012,隆基绿能
2022-01-14,1080.24,1102.01,1071.89,1085.03,35027029.0,2776847736.0,0.0,False,601012,隆基绿能
2022-01-17,1107.35,1128.3,1096.67,1109.13,49900721.0,4056716936.0,0.0219682878415972,False,601012,隆基绿能
2022-01-18,1103.93,1113.1,1081.47,1088.59,43247028.0,3461272634.0,-0.018692643356188372,False,601012,隆基绿能
2022-01-19,1084.21,1085.72,1066.41,1074.9,34566922.0,2707394711.0,-0.012655646868288298,False,601012,隆基绿能
2022-01-20,1067.92,1075.86,1062.17,1070.66,28325086.0,2210017372.0,-0.00395235324992317,False,601012,隆基绿能
2022-01-21,1067.92,1067.92,1035.33,1040.54,58237198.0,4448835188.0,-0.028535471578098,False,601012,隆基绿能
2022-01-24,1033.69,1063.81,1010.83,1047.93,50896441.0,3867749416.0,0.0070769806060496585,False,601012,隆基绿能
2022-01-25,1032.32,1054.23,1017.4,1019.31,44192785.0,3340132478.0,-0.027690861976432786,False,601012,隆基绿能
2022-01-26,1029.72,1063.81,1024.24,1058.47,56634009.0,4329721561.0,0.037698541399277544,False,601012,隆基绿能
2022-01-27,1052.86,1054.23,1017.26,1019.04,52513701.0,3960290547.0,-0.03796346155683546,False,601012,隆基绿能
2022-01-28,1027.53,1033.96,920.05,959.89,104046797.0,7340734965.0,-0.05979759205967872,False,601012,隆基绿能
2022-02-07,980.29,1017.67,970.85,1002.47,65889467.0,4810433612.0,0.04340353898254769,False,601012,隆基绿能
2022-02-08,1002.2,1002.34,955.65,983.85,48666145.0,3466510961.0,-0.018748787138070315,False,601012,隆基绿能
2022-02-09,986.87,991.66,962.22,974.54,46237959.0,3289853745.0,-0.009507881612020519,False,601012,隆基绿能
2022-02-10,978.92,979.2,924.43,937.85,79541236.0,5474501841.0,-0.03837554328948336,False,601012,隆基绿能
2022-02-11,917.31,932.92,887.19,891.99,102083118.0,6757660080.0,-0.05013509975151377,False,601012,隆基绿能
2022-02-14,886.37,906.91,869.94,894.45,56197179.0,3668216729.0,0.002754082482388262,False,601012,隆基绿能
2022-02-15,903.08,942.1,897.19,938.81,71562138.0,4824525032.0,0.048404111578950235,False,601012,隆基绿能
2022-02-16,950.17,950.17,926.9,931.96,42037344.0,2871941998.0,-0.007323220506542487,False,601012,隆基绿能
2022-02-17,925.53,963.04,922.24,951.54,62247780.0,4334748980.0,0.02079182942893216,False,601012,隆基绿能
2022-02-18,944.7,948.8,927.17,938.54,42451477.0,2907300629.0,-0.01375624841620969,False,601012,隆基绿能
2022-02-21,937.58,943.05,922.11,935.11,32603444.0,2218727040.0,-0.003661306894716686,False,601012,隆基绿能
2022-02-22,925.12,960.85,911.84,945.93,63348967.0,4358814443.0,0.01150440111474773,False,601012,隆基绿能
2022-02-23,961.26,989.47,958.8,985.77,79090998.0,5649033257.0,0.041254491129488605,False,601012,隆基绿能
2022-02-24,980.98,1030.95,973.04,1000.15,108228722.0,7934986683.0,0.01448220606138727,False,601012,隆基绿能
2022-02-25,1026.84,1043.96,1006.31,1020.82,74417864.0,5582305873.0,0.020456237141822486,False,601012,隆基绿能
2022-02-28,1020.82,1065.86,1015.21,1063.4,86930420.0,6647010934.0,0.040865096195153744,False,601012,隆基绿能
2022-03-01,1102.15,1120.77,1085.99,1095.98,107707374.0,8664020971.0,0.0301776180960402,False,601012,隆基绿能
2022-03-02,1095.57,1101.87,1057.92,1095.98,67437341.0,5331833376.0,0.0,False,601012,隆基绿能
2022-03-03,1100.09,1103.93,1070.52,1074.63,42857402.0,3389613931.0,-0.01967252389663877,False,601012,隆基绿能
2022-03-04,1053.41,1087.09,1046.56,1065.18,41125759.0,3209014195.0,-0.008832617322878305,False,601012,隆基绿能
2022-03-07,1053.68,1078.46,1033.55,1051.49,54183496.0,4167608872.0,-0.01293559307271953,False,601012,隆基绿能
2022-03-08,1041.9,1093.66,1041.9,1064.36,86917816.0,6821768626.0,0.012165473666155098,False,601012,隆基绿能
2022-03-09,1095.16,1107.62,1013.15,1069.97,93353887.0,7257176498.0,0.005256931139522584,False,601012,隆基绿能
2022-03-10,1117.21,1134.05,1111.73,1119.12,116753823.0,9573904982.0,0.04491205148845553,False,601012,隆基绿能
2022-03-11,1096.94,1126.79,1076.95,1102.28,76791190.0,6184126516.0,-0.015161900244483642,False,601012,隆基绿能
2022-03-14,1103.79,1133.36,1085.17,1090.92,64085028.0,5199609882.0,-0.010359385001924237,False,601012,隆基绿能
2022-03-15,1073.12,1105.71,1049.57,1059.7,76187307.0,5967391277.0,-0.029035527740976896,False,601012,隆基绿能
2022-03-16,1085.72,1111.73,1038.89,1108.99,97703716.0,7729154526.0,0.04546384199637031,False,601012,隆基绿能
2022-03-17,1136.37,1144.45,1100.09,1105.16,93895339.0,7686029331.0,-0.003459570327200849,False,601012,隆基绿能
2022-03-18,1100.78,1111.46,1077.5,1104.61,44280287.0,3539321731.0,-0.0004977893729731027,False,601012,隆基绿能
2022-03-21,1106.12,1136.37,1102.15,1130.76,66953956.0,5494079065.0,0.023397641529678638,False,601012,隆基绿能
2022-03-22,1136.51,1141.58,1084.35,1102.01,50803758.0,4122897547.0,-0.025754187924814268,False,601012,隆基绿能
2022-03-23,1109.13,1122.55,1087.5,1102.15,39980453.0,3233477340.0,0.00012703252049613907,False,601012,隆基绿能
2022-03-24,1092.56,1092.56,1055.05,1079.01,52216889.0,4086884976.0,-0.021218863546565436,False,601012,隆基绿能
2022-03-25,1078.87,1078.87,1037.8,1039.17,48868867.0,3755647628.0,-0.037621636476368084,False,601012,隆基绿能
2022-03-28,1026.43,1058.06,1020.14,1038.48,47207869.0,3591873830.0,-0.0006642119946745418,False,601012,隆基绿能
2022-03-29,1047.11,1063.54,1004.94,1017.81,54570914.0,4105629836.0,-0.0201048453652841,False,601012,隆基绿能
2022-03-30,1022.46,1032.18,1000.42,1032.18,64552201.0,4819761039.0,0.014019810217547982,False,601012,隆基绿能
2022-03-31,1030.95,1030.95,980.7,988.37,64970601.0,4718237571.0,-0.04337122786735819,False,601012,隆基绿能
2022-04-01,972.08,1017.67,958.39,993.99,50523141.0,3661966027.0,0.005670024674150492,False,601012,隆基绿能
2022-04-06,958.39,959.48,931.01,939.22,86552235.0,5951088531.0,-0.05667740267778277,False,601012,隆基绿能
2022-04-07,938.54,949.08,920.74,942.37,49737540.0,3406152306.0,0.0033482352083107777,False,601012,隆基绿能
2022-04-08,942.37,953.73,915.12,929.64,44996101.0,3067662338.0,-0.013600564342511735,False,601012,隆基绿能
2022-04-11,922.79,924.16,890.07,901.16,56560648.0,3736122338.0,-0.03111459212286943,False,601012,隆基绿能
2022-04-12,917.04,920.87,896.78,915.4,42166729.0,2804527742.0,0.015678305910599558,False,601012,隆基绿能
2022-04-13,913.21,922.65,898.01,913.07,36988679.0,2468088457.0,-0.002548580245957571,False,601012,隆基绿能
2022-04-14,924.16,929.36,900.88,917.72,40211512.0,2679158353.0,0.0050797852283770255,False,601012,隆基绿能
2022-04-15,903.62,915.53,889.93,909.1,44969169.0,2962970249.0,-0.009437234074148516,False,601012,隆基绿能
2022-04-18,902.66,954.55,894.59,947.43,63621996.0,4352382946.0,0.041297956471640154,False,601012,隆基绿能
2022-04-19,944.7,967.29,941.55,946.07,46731128.0,3252055445.0,-0.0014364935134563177,False,601012,隆基绿能
2022-04-20,920.05,937.17,912.66,914.58,49272843.0,3308356457.0,-0.033851618584191216,False,601012,隆基绿能
2022-04-21,907.05,918.0,848.86,856.8,85058616.0,5436471738.0,-0.0652604243682663,False,601012,隆基绿能
2022-04-22,835.17,854.33,832.43,848.86,57313598.0,3535533385.0,-0.009310246301886446,False,601012,隆基绿能
2022-04-25,821.48,828.18,773.56,775.06,70046681.0,4085597518.0,-0.09095382712019048,False,601012,隆基绿能
2022-04-26,775.06,806.0,769.45,782.73,58094819.0,3339825278.0,0.009847363226431257,False,601012,隆基绿能
2022-04-27,774.38,841.33,774.1,839.27,76161512.0,4523392247.0,0.06974465743961271,False,601012,隆基绿能
2022-04-28,821.48,903.62,780.95,884.18,106998805.0,6788961420.0,0.052128195441919656,False,601012,隆基绿能
2022-04-29,889.79,940.59,877.34,930.46,82860316.0,5518580028.0,0.051018425697831694,False,601012,隆基绿能
2022-05-05,935.39,970.85,930.46,945.79,65786742.0,4565492426.0,0.016341469576779413,False,601012,隆基绿能
2022-05-06,922.65,937.71,917.31,917.72,39039212.0,2637870701.0,-0.03012822389207556,False,601012,隆基绿能
2022-05-09,913.07,958.39,909.1,949.21,46367327.0,3189375422.0,0.033737726491679026,False,601012,隆基绿能
2022-05-10,908.55,976.6,908.55,936.76,60685838.0,4199569357.0,-0.013202946869990883,False,601012,隆基绿能
2022-05-11,943.33,999.46,942.92,977.56,80877961.0,5796750859.0,0.04263255822629924,False,601012,隆基绿能
2022-05-12,976.19,976.19,948.12,955.38,52691110.0,3687166181.0,-0.022950503953558805,False,601012,隆基绿能
2022-05-13,970.3,972.49,947.71,955.1,30223755.0,2112679235.0,-0.00029312005569781063,False,601012,隆基绿能
2022-05-16,957.7,971.81,931.01,931.01,42243009.0,2907133788.0,-0.025546028682749765,False,601012,隆基绿能
2022-05-17,937.85,972.08,933.74,962.63,56616843.0,3950175784.0,0.03339910361861496,False,601012,隆基绿能
2022-05-18,971.53,978.79,955.65,968.93,49397568.0,3488765919.0,0.006523247882731636,False,601012,隆基绿能
2022-05-19,961.13,1039.3,955.65,1029.17,105898776.0,7795093262.0,0.06031556126998582,False,601012,隆基绿能
2022-05-20,1035.06,1060.25,1030.81,1049.85,66173481.0,5051233566.0,0.019894644674383552,False,601012,隆基绿能
2022-05-23,1049.85,1054.23,1021.09,1039.17,42216430.0,3195763289.0,-0.010224979224244719,False,601012,隆基绿能
2022-05-24,1039.44,1046.01,1004.39,1005.35,40964388.0,3063350429.0,-0.03308657800775736,False,601012,隆基绿能
2022-05-25,1001.79,1021.78,995.76,1012.88,34088060.0,2514086153.0,0.007462018640341426,False,601012,隆基绿能
2022-05-26,1013.15,1033.69,993.99,1028.21,43947822.0,3272632653.0,0.015021668096404902,False,601012,隆基绿能
2022-05-27,1040.67,1060.8,1022.46,1028.49,32885622.0,2500213779.0,0.0002722808399180991,False,601012,隆基绿能
2022-05-30,1033.14,1052.58,1026.84,1044.78,41753881.0,3185049753.0,0.015714629771025525,False,601012,隆基绿能
2022-05-31,1070.25,1085.58,1056.55,1084.35,57834744.0,4545943820.0,0.03717439219506956,False,601012,隆基绿能
2022-06-01,1084.35,1088.18,1062.44,1077.5,33501535.0,2632366586.0,-0.006337186136512887,False,601012,隆基绿能
2022-06-02,1081.61,1097.63,1067.92,1095.03,37722529.0,3003191420.0,0.016138217157674255,False,601012,隆基绿能
2022-06-06,1109.97,1198.05,1096.13,1165.74,106850203.0,6382247895.0,0.06257431834749955,False,601012,隆基绿能
2022-06-07,1205.74,1222.28,1165.35,1165.93,146726439.0,9075963991.0,0.0001629733199127627,False,601012,隆基绿能
2022-06-08,1174.58,1178.82,1134.78,1157.85,97431852.0,5842896395.0,-0.006954214739016868,False,601012,隆基绿能
2022-06-09,1157.85,1184.39,1151.89,1172.66,79466060.0,4828508525.0,0.012709835500938462,False,601012,隆基绿能
2022-06-10,1153.82,1182.47,1114.97,1174.2,94122809.0,5680432226.0,0.0013123920651746629,False,601012,隆基绿能
2022-06-13,1154.01,1183.43,1151.89,1168.05,57838524.0,3502771215.0,-0.005251372938980892,False,601012,隆基绿能
2022-06-14,1156.12,1157.66,1107.66,1140.93,97331585.0,5729026686.0,-0.023491972404249967,False,601012,隆基绿能
2022-06-15,1140.93,1153.24,1105.74,1124.97,98114394.0,5740287899.0,-0.014087350670562724,False,601012,隆基绿能
2022-06-16,1124.78,1164.2,1123.05,1152.85,75299662.0,4512323107.0,0.024480768786330265,False,601012,隆基绿能
2022-06-17,1139.97,1174.97,1134.78,1170.16,79561442.0,4821308216.0,0.014903354176210828,False,601012,隆基绿能
2022-06-20,1181.89,1184.58,1154.78,1168.62,81262693.0,4952559763.0,-0.0013169261089695464,False,601012,隆基绿能
2022-06-21,1169.2,1216.31,1148.05,1172.09,94543295.0,5784532703.0,0.002964914527628186,False,601012,隆基绿能
2022-06-22,1172.09,1208.81,1163.43,1179.78,78396099.0,4842506223.0,0.006539500402029025,False,601012,隆基绿能
2022-06-23,1183.62,1194.97,1164.97,1188.43,63082332.0,3877894445.0,0.007305127895887674,False,601012,隆基绿能
2022-06-24,1210.55,1240.35,1202.08,1237.47,122096597.0,7805779997.0,0.04043586442934239,False,601012,隆基绿能
2022-06-27,1259.2,1259.58,1228.43,1241.89,86273276.0,5579044599.0,0.0035654400187032395,False,601012,隆基绿能
2022-06-28,1243.04,1304.2,1221.12,1299.97,121405619.0,7984170241.0,0.045706774516821175,False,601012,隆基绿能
2022-06-29,1286.51,1306.7,1230.35,1233.81,101455338.0,6694290261.0,-0.05223424447624666,False,601012,隆基绿能
2022-06-30,1232.66,1299.97,1214.97,1281.31,108237692.0,7087642427.0,0.03777604927452667,False,601012,隆基绿能
2022-07-01,1297.66,1307.66,1232.66,1247.85,96494222.0,6383687588.0,-0.026460921660548645,False,601012,隆基绿能
2022-07-04,1205.74,1259.39,1205.35,1237.85,90995490.0,5835528469.0,-0.008046066660711794,False,601012,隆基绿能
2022-07-05,1240.35,1249.78,1213.43,1233.62,75624540.0,4829987096.0,-0.0034230673488889374,False,601012,隆基绿能
2022-07-06,1233.62,1248.24,1205.35,1221.12,64482993.0,4104494368.0,-0.010184466008593384,False,601012,隆基绿能
2022-07-07,1219.78,1244.2,1194.58,1236.51,83172308.0,5292281990.0,0.01252442489226399,False,601012,隆基绿能
2022-07-08,1252.28,1257.47,1193.82,1195.74,82311998.0,5200413615.0,-0.03352765469876169,False,601012,隆基绿能
2022-07-11,1178.82,1182.28,1143.82,1158.43,84187362.0,5065270866.0,-0.03169960048714921,False,601012,隆基绿能
2022-07-12,1164.59,1171.89,1127.47,1133.24,70807836.0,4204998300.0,-0.021984853482388298,False,601012,隆基绿能
2022-07-13,1133.24,1195.74,1129.59,1184.01,93418626.0,5684181899.0,0.04382619575045322,False,601012,隆基绿能
2022-07-14,1184.01,1211.31,1172.09,1190.55,80066519.0,4969889431.0,0.005508402850764081,False,601012,隆基绿能
2022-07-15,1185.93,1239.97,1182.85,1193.05,89454330.0,5650569124.0,0.002097668163039659,False,601012,隆基绿能
2022-07-18,1205.55,1209.2,1169.2,1194.2,58142948.0,3594079180.0,0.0009634517448582807,False,601012,隆基绿能
2022-07-19,1194.39,1197.85,1148.05,1156.7,77031934.0,4654383895.0,-0.031905381811536154,False,601012,隆基绿能
2022-07-20,1170.74,1172.85,1144.39,1150.35,52961604.0,3177985545.0,-0.0055048794223780005,False,601012,隆基绿能
2022-07-21,1149.59,1159.2,1134.78,1137.09,50010158.0,2981266274.0,-0.011593876588263607,False,601012,隆基绿能
2022-07-22,1153.24,1177.47,1144.2,1156.51,79303837.0,4778758043.0,0.016934482122471263,False,601012,隆基绿能
2022-07-25,1163.43,1165.74,1126.89,1130.93,50360016.0,2974756362.0,-0.02236654634331963,False,601012,隆基绿能
2022-07-26,1134.59,1163.24,1128.43,1147.09,53219150.0,3179138216.0,0.014187997543580064,False,601012,隆基绿能
2022-07-27,1148.05,1187.47,1143.43,1178.05,80522567.0,4904723492.0,0.026632228519061753,False,601012,隆基绿能
2022-07-28,1182.66,1203.81,1163.62,1176.51,73277563.0,4527758669.0,-0.0013081002137082698,False,601012,隆基绿能
2022-07-29,1180.35,1209.2,1177.08,1182.66,72344973.0,4485751569.0,0.005213709848093664,False,601012,隆基绿能
2022-08-01,1186.51,1188.43,1144.2,1177.08,65237086.0,3952084411.0,-0.0047293434026687,False,601012,隆基绿能
2022-08-02,1155.74,1162.85,1124.2,1145.93,87874031.0,5216848666.0,-0.026820260979555206,False,601012,隆基绿能
2022-08-03,1145.93,1165.35,1080.74,1093.43,115070431.0,6661195326.0,-0.046896989948786605,False,601012,隆基绿能
2022-08-04,1093.43,1099.97,1051.9,1072.28,109406674.0,6095707092.0,-0.019532321880506773,False,601012,隆基绿能
2022-08-05,1080.55,1092.09,1063.82,1090.93,60235290.0,3378928661.0,0.01724332089937939,False,601012,隆基绿能
2022-08-08,1092.09,1095.93,1057.86,1087.47,66609898.0,3740454585.0,-0.0031766460793191107,False,601012,隆基绿能
2022-08-09,1087.47,1131.89,1073.24,1116.89,90564517.0,5240197680.0,0.02669413977823263,False,601012,隆基绿能
2022-08-10,1116.89,1130.74,1103.82,1110.36,52105837.0,3015462561.0,-0.005863750104729732,False,601012,隆基绿能
2022-08-11,1122.09,1124.78,1086.51,1115.36,61488470.0,3542737515.0,0.004492935689149459,False,601012,隆基绿能
2022-08-12,1120.36,1135.93,1114.78,1126.51,55361683.0,3243473875.0,0.00994713514762818,False,601012,隆基绿能
2022-08-15,1134.59,1170.74,1126.7,1154.97,64450812.0,3873562073.0,0.024950011706872267,False,601012,隆基绿能
2022-08-16,1154.97,1179.2,1149.78,1161.32,66659274.0,4044248292.0,0.005482919589529628,False,601012,隆基绿能
2022-08-17,1155.93,1177.47,1149.2,1165.55,56832242.0,3451521773.0,0.0036357894164126456,False,601012,隆基绿能
2022-08-18,1174.97,1187.28,1165.93,1171.7,59790895.0,3653974634.0,0.005262607075578619,False,601012,隆基绿能
2022-08-19,1170.74,1170.74,1075.36,1079.2,206066211.0,11805893746.0,-0.08223565978056378,False,601012,隆基绿能
2022-08-22,1055.55,1055.74,1001.7,1027.09,215794850.0,11499256648.0,-0.04949046491951038,False,601012,隆基绿能
2022-08-23,1027.28,1068.24,1027.28,1042.28,121696910.0,6618376678.0,0.01468106025364902,False,601012,隆基绿能
2022-08-24,1042.09,1042.09,1007.28,1013.05,80135382.0,4252953111.0,-0.028445038855524723,False,601012,隆基绿能
2022-08-25,1023.24,1032.67,999.97,1016.32,84850210.0,4488515436.0,0.003222677806501329,False,601012,隆基绿能
2022-08-26,1021.7,1034.59,1016.13,1020.36,66788575.0,3556473102.0,0.003967246007039924,False,601012,隆基绿能
2022-08-29,1003.24,1038.05,997.47,1027.09,62725578.0,3341097965.0,0.006574054788334325,False,601012,隆基绿能
2022-08-30,1027.86,1034.2,1005.74,1015.36,56585732.0,2988106431.0,-0.011486331579205065,False,601012,隆基绿能
2022-08-31,1008.63,1020.55,977.47,984.59,89249489.0,4602954293.0,-0.030773197531001086,False,601012,隆基绿能
2022-09-01,986.51,1003.24,984.97,993.24,53374586.0,2763635597.0,0.008747015821475078,False,601012,隆基绿能
2022-09-02,992.86,998.05,971.13,979.78,50214700.0,2563631969.0,-0.013644270018211505,False,601012,隆基绿能
2022-09-05,976.51,986.32,957.67,970.94,57716395.0,2910545446.0,-0.00906338225201484,False,601012,隆基绿能
2022-09-06,978.44,1024.97,962.67,1022.28,101490325.0,5304717802.0,0.051526031427670926,False,601012,隆基绿能
2022-09-07,1019.2,1043.82,1013.63,1028.05,71398567.0,3842027239.0,0.0056283771218611405,False,601012,隆基绿能
2022-09-08,1029.97,1043.82,1019.2,1026.7,43317052.0,2318732972.0,-0.001314028659691366,False,601012,隆基绿能
2022-09-09,1033.63,1034.2,1007.47,1022.67,44094299.0,2332712620.0,-0.003932921038782013,False,601012,隆基绿能
2022-09-13,1031.13,1034.59,1005.36,1024.4,49046902.0,2596031517.0,0.0016902210592331921,False,601012,隆基绿能
2022-09-14,1010.55,1029.2,1009.01,1010.55,37889762.0,2001975750.0,-0.013612338250591757,False,601012,隆基绿能
2022-09-15,1013.44,1019.59,932.67,935.74,122774167.0,6114269592.0,-0.07691235596235717,False,601012,隆基绿能
2022-09-16,935.74,948.05,928.82,928.82,59273257.0,2894756037.0,-0.007422696799506691,False,601012,隆基绿能
2022-09-19,928.63,942.28,912.86,925.36,60166434.0,2885633078.0,-0.003732112325768571,False,601012,隆基绿能
2022-09-20,939.4,974.01,939.4,962.28,65014355.0,3251547769.0,0.039122617619791605,False,601012,隆基绿能
2022-09-21,959.98,969.21,944.78,945.94,42638594.0,2117558887.0,-0.017126326513652212,False,601012,隆基绿能
2022-09-22,936.51,957.09,922.09,945.74,34740844.0,1704428786.0,-0.00021145225486894354,False,601012,隆基绿能
2022-09-23,938.44,957.28,928.44,933.44,36464579.0,1780360928.0,-0.013091003159059894,False,601012,隆基绿能
2022-09-26,924.01,957.48,921.13,938.44,50841155.0,2489454332.0,0.005342235497408272,False,601012,隆基绿能
2022-09-27,936.9,953.82,928.82,942.09,40924903.0,1998378065.0,0.003881889237083028,False,601012,隆基绿能
2022-09-28,943.24,962.48,921.13,921.13,50513078.0,2470768789.0,-0.02249963419648545,False,601012,隆基绿能
2022-09-29,933.82,967.28,928.82,963.05,100628860.0,4998200449.0,0.044504154312868936,False,601012,隆基绿能
2022-09-30,957.28,964.4,919.21,921.32,68274527.0,3323563189.0,-0.04429790719552665,False,601012,隆基绿能
2022-10-10,927.86,930.75,879.98,882.48,57621863.0,2679649512.0,-0.04307129867357848,False,601012,隆基绿能
2022-10-11,881.71,903.05,874.02,894.4,45328397.0,2100616386.0,0.013416976739708467,False,601012,隆基绿能
2022-10-12,899.78,937.48,866.9,930.36,74735217.0,3497421394.0,0.03941850561803321,False,601012,隆基绿能
2022-10-13,927.28,935.74,901.71,903.82,58610990.0,2790192907.0,-0.028941382496971417,False,601012,隆基绿能
2022-10-14,937.86,994.21,923.44,984.97,150922310.0,7588160635.0,0.08598095833358119,False,601012,隆基绿能
2022-10-17,971.13,975.94,944.4,970.17,86232930.0,4313162734.0,-0.015139869981932662,False,601012,隆基绿能
2022-10-18,971.13,986.13,955.74,962.48,64050013.0,3224643601.0,-0.007958027148275908,False,601012,隆基绿能
2022-10-19,953.82,966.51,939.98,944.78,50767561.0,2508901791.0,-0.0185611905674426,False,601012,隆基绿能
2022-10-20,928.82,931.51,900.94,907.28,72871600.0,3454094001.0,-0.04050098365075158,False,601012,隆基绿能
2022-10-21,902.86,917.28,889.78,913.44,62850470.0,2957506854.0,0.006766579708874121,False,601012,隆基绿能
2022-10-24,903.63,915.55,868.82,882.28,77594691.0,3590767689.0,-0.03470822627156199,False,601012,隆基绿能
2022-10-25,886.52,944.21,886.32,936.51,115276948.0,5528064606.0,0.05965073393933968,False,601012,隆基绿能
2022-10-26,940.36,967.28,928.63,960.17,81521460.0,4040059324.0,0.02495015223408556,False,601012,隆基绿能
2022-10-27,980.55,1003.44,968.24,968.24,90262457.0,4625099787.0,0.008369638312535801,False,601012,隆基绿能
2022-10-28,966.32,978.24,940.36,947.09,57829728.0,2876476339.0,-0.02208586480117841,False,601012,隆基绿能
2022-10-31,942.28,952.86,915.75,922.67,64390895.0,3121113105.0,-0.026122484849482323,False,601012,隆基绿能
2022-11-01,932.86,982.67,932.28,981.71,96391307.0,4836044679.0,0.06202430827823421,False,601012,隆基绿能
2022-11-02,970.94,1006.9,966.32,991.51,83932964.0,4319704412.0,0.009933084579762138,False,601012,隆基绿能
2022-11-03,996.13,1026.13,959.78,963.82,111493020.0,5718115317.0,-0.028324478453560883,False,601012,隆基绿能
2022-11-04,969.59,1012.09,962.28,1007.67,103229337.0,5355406928.0,0.04449145889396693,False,601012,隆基绿能
2022-11-07,999.59,1009.59,989.4,1002.09,70637200.0,3675547850.0,-0.005552916107605332,False,601012,隆基绿能
2022-11-08,1002.09,1004.4,978.63,986.9,48857938.0,2506862868.0,-0.015274380792523159,False,601012,隆基绿能
2022-11-09,987.09,987.09,953.82,960.74,61063667.0,3059615401.0,-0.02686489632217604,False,601012,隆基绿能
2022-11-10,942.48,948.24,923.44,929.98,76025138.0,3686003571.0,-0.03254074031607184,False,601012,隆基绿能
2022-11-11,964.97,968.63,919.21,929.59,119830448.0,5836039549.0,-0.00041945181490133564,False,601012,隆基绿能
2022-11-14,929.59,934.21,903.82,910.55,93259158.0,4435893602.0,-0.02069481618298369,False,601012,隆基绿能
2022-11-15,912.09,927.86,906.9,922.48,105363039.0,5026287057.0,0.013016882921032235,False,601012,隆基绿能
2022-11-16,920.17,920.17,894.21,897.09,109158342.0,5132416171.0,-0.027909503989068222,False,601012,隆基绿能
2022-11-17,897.28,898.44,879.21,893.63,83164309.0,3828332588.0,-0.003864372214291584,False,601012,隆基绿能
2022-11-18,901.9,921.13,886.9,903.82,91501342.0,4330786523.0,0.0113384062623954,False,601012,隆基绿能
2022-11-21,914.98,921.9,903.82,918.25,71873987.0,3419607830.0,0.015839459177880058,False,601012,隆基绿能
2022-11-22,918.25,918.25,892.28,895.36,70747270.0,3313857129.0,-0.02524381266271496,False,601012,隆基绿能
2022-11-23,892.09,919.21,885.36,915.17,84360067.0,3980504855.0,0.021883968330925138,False,601012,隆基绿能
2022-11-24,919.21,919.21,905.75,906.71,46779147.0,2215107178.0,-0.009287176770509002,False,601012,隆基绿能
2022-11-25,903.82,903.82,878.05,879.4,75284957.0,3456733207.0,-0.030582806850768203,False,601012,隆基绿能
2022-11-28,851.9,864.79,846.71,857.48,67861683.0,3016934257.0,-0.02524200159377478,False,601012,隆基绿能
2022-11-29,857.48,874.02,853.25,864.59,64797544.0,2910527222.0,0.008257550971608912,False,601012,隆基绿能
2022-11-30,864.59,880.36,859.21,880.36,66644591.0,3025002653.0,0.018075508601927373,False,601012,隆基绿能
2022-12-01,894.4,913.44,894.4,904.02,96543787.0,4543057814.0,0.026520569314780713,False,601012,隆基绿能
2022-12-02,901.9,930.75,897.86,922.67,99617346.0,4774896836.0,0.02042015673843565,False,601012,隆基绿能
2022-12-05,921.13,921.71,884.59,891.52,124350952.0,5786696452.0,-0.034343769628301477,False,601012,隆基绿能
2022-12-06,884.59,895.17,874.79,881.9,84968007.0,3897823765.0,-0.010849200257251036,False,601012,隆基绿能
2022-12-07,875.36,893.05,870.75,883.25,58811468.0,2710572713.0,0.0015296153451194922,False,601012,隆基绿能
2022-12-08,884.21,907.09,882.28,894.21,68925431.0,3214286025.0,0.01233236067859086,False,601012,隆基绿能
2022-12-09,888.82,897.09,884.78,890.36,70575911.0,3260858385.0,-0.004314771595436166,False,601012,隆基绿能
2022-12-12,884.59,888.05,872.29,874.79,50667057.0,2312372333.0,-0.01764201776940379,False,601012,隆基绿能
2022-12-13,873.05,879.21,861.52,863.44,55034318.0,2480051237.0,-0.013059447035914587,False,601012,隆基绿能
2022-12-14,861.13,870.75,850.94,858.25,58962618.0,2628313251.0,-0.0060289781792894565,False,601012,隆基绿能
2022-12-15,853.82,869.02,851.9,868.82,50811241.0,2275752113.0,0.01224053683473451,False,601012,隆基绿能
2022-12-16,865.36,866.52,851.9,858.25,48531124.0,2162305373.0,-0.012240536834734386,False,601012,隆基绿能
2022-12-19,855.75,870.55,853.05,857.67,45499456.0,2038604701.0,-0.0006760222179223817,False,601012,隆基绿能
2022-12-20,856.71,863.05,846.9,861.52,51226348.0,2276086652.0,0.0044788609007464855,False,601012,隆基绿能
2022-12-21,857.67,859.4,837.48,838.63,51499534.0,2266710525.0,-0.02692866301493846,False,601012,隆基绿能
2022-12-22,837.48,838.44,778.44,785.75,148383137.0,6146677326.0,-0.06513093232801005,False,601012,隆基绿能
2022-12-23,773.06,790.17,766.9,779.6,70631987.0,2845628393.0,-0.007857708044271208,False,601012,隆基绿能
2022-12-26,773.25,812.09,759.6,807.67,84183458.0,3480750587.0,0.03537259162164031,False,601012,隆基绿能
2022-12-27,807.67,822.09,803.25,815.17,62786689.0,2656951174.0,0.009243121191220066,False,601012,隆基绿能
2022-12-28,808.25,828.82,802.09,823.06,68258322.0,2904246278.0,0.009632421583156086,False,601012,隆基绿能
2022-12-29,819.21,834.21,815.56,819.59,41541943.0,1778084670.0,-0.0042248868128055995,False,601012,隆基绿能
2022-12-30,824.02,832.48,808.63,812.67,53364259.0,2269837811.0,-0.008479092129197965,False,601012,隆基绿能
2023-01-03,808.83,814.98,787.48,808.25,73504032.0,3067024452.0,-0.005453706481876085,False,601012,隆基绿能
2023-01-04,809.98,811.33,777.48,781.71,92043169.0,3770403422.0,-0.033387588829638375,False,601012,隆基绿能
2023-01-05,786.13,800.94,780.94,789.79,88368211.0,3629623858.0,0.010283259563214056,False,601012,隆基绿能
2023-01-06,791.33,838.06,791.33,820.56,158692569.0,6808257111.0,0.03821994666003724,False,601012,隆基绿能
2023-01-09,824.98,828.44,809.79,812.86,78935081.0,3356704065.0,-0.009428141001780988,False,601012,隆基绿能
2023-01-10,824.59,834.59,812.67,818.63,95953738.0,4105434896.0,0.007073318324908499,False,601012,隆基绿能
2023-01-11,826.13,829.98,813.44,815.36,76434176.0,3264290150.0,-0.004002477818593867,False,601012,隆基绿能
2023-01-12,819.02,844.79,816.9,834.4,120881361.0,5251753058.0,0.023083170182873466,False,601012,隆基绿能
2023-01-13,850.94,851.9,823.25,834.59,85540860.0,3710122294.0,0.00022768261142470326,False,601012,隆基绿能
2023-01-16,834.59,854.79,824.21,846.13,96258196.0,4221534374.0,0.013732425805686772,False,601012,隆基绿能
2023-01-17,848.05,856.71,840.36,851.52,66065670.0,2917159096.0,0.006349975685650257,False,601012,隆基绿能
2023-01-18,859.59,874.98,850.55,860.17,85596377.0,3840111057.0,0.010107056341820131,False,601012,隆基绿能
2023-01-19,852.09,865.17,850.36,860.17,62234261.0,2778735209.0,0.0,False,601012,隆基绿能
2023-01-20,868.25,906.71,867.86,906.71,145232876.0,6748289962.0,0.052692619466333586,False,601012,隆基绿能
2023-01-30,929.78,933.82,913.44,923.05,142424836.0,6859257403.0,0.01786074061910053,False,601012,隆基绿能
2023-01-31,924.98,938.82,922.67,925.94,92416260.0,4465740315.0,0.0031260335139114844,False,601012,隆基绿能
2023-02-01,932.28,938.05,919.78,936.32,87038364.0,4203974416.0,0.011147860661214901,False,601012,隆基绿能
2023-02-02,936.51,951.51,929.21,935.55,85505962.0,4180582235.0,-0.0008227067514636194,False,601012,隆基绿能
2023-02-03,930.17,930.17,888.44,904.02,112250452.0,5278838432.0,-0.03428310759898917,False,601012,隆基绿能
2023-02-06,895.75,900.94,880.75,892.28,65482739.0,3022893579.0,-0.013071499372671009,False,601012,隆基绿能
2023-02-07,898.44,899.78,880.94,885.36,51815895.0,2392084765.0,-0.007785642712051203,False,601012,隆基绿能
2023-02-08,885.75,893.05,880.94,882.28,39754530.0,1829622546.0,-0.003484876012142777,False,601012,隆基绿能
2023-02-09,873.05,890.94,871.13,889.21,56488286.0,2597848804.0,0.00782396214629555,False,601012,隆基绿能
2023-02-10,889.21,889.21,868.25,872.67,58748278.0,2673747825.0,-0.018775950586540226,False,601012,隆基绿能
2023-02-13,873.05,880.75,867.29,877.28,47668945.0,2170518460.0,0.005268734151595766,False,601012,隆基绿能
2023-02-14,880.75,881.71,863.82,873.82,57853949.0,2615525826.0,-0.0039518068674961136,False,601012,隆基绿能
2023-02-15,877.28,890.36,866.9,869.98,56625095.0,2581315291.0,-0.004404181909599551,False,601012,隆基绿能
2023-02-16,867.29,876.9,849.02,854.59,68909770.0,3099747920.0,-0.017848401117942527,False,601012,隆基绿能
2023-02-17,851.9,859.21,832.86,834.02,71372588.0,3127003785.0,-0.024364438874140713,False,601012,隆基绿能
2023-02-20,834.21,851.71,824.98,848.44,66480707.0,2893884679.0,0.01714198626445637,False,601012,隆基绿能
2023-02-21,849.98,876.13,846.13,869.02,73357681.0,3288794928.0,0.023966770809260043,False,601012,隆基绿能
2023-02-22,863.05,870.55,851.9,853.25,51384686.0,2294479330.0,-0.018313552173459265,False,601012,隆基绿能
2023-02-23,858.05,886.52,856.9,880.55,103269122.0,4707853471.0,0.03149412445427783,False,601012,隆基绿能
2023-02-24,881.71,881.71,858.25,859.79,62764591.0,2824730568.0,-0.023858538858319372,False,601012,隆基绿能
2023-02-27,851.9,867.29,846.13,849.98,46065886.0,2047017354.0,-0.011475353586998315,False,601012,隆基绿能
2023-02-28,850.36,856.71,837.29,850.75,48597658.0,2137203053.0,0.0009054935852386807,False,601012,隆基绿能
2023-03-01,850.75,854.59,843.82,848.82,48180419.0,2126098694.0,-0.0022711636821170925,False,601012,隆基绿能
2023-03-02,852.09,854.59,833.82,834.59,55478604.0,2426053947.0,-0.016906563400910662,False,601012,隆基绿能
2023-03-03,834.79,842.86,831.9,833.82,36838492.0,1600723964.0,-0.0009230345714416665,False,601012,隆基绿能
2023-03-06,836.9,871.9,828.82,865.75,108645926.0,4823252432.0,0.03757863155598574,False,601012,隆基绿能
2023-03-07,863.44,870.75,850.55,854.59,63859730.0,2848335436.0,-0.012974361521831403,False,601012,隆基绿能
2023-03-08,850.94,867.86,837.09,843.44,58059610.0,2562340116.0,-0.013133054492005757,False,601012,隆基绿能
2023-03-09,845.94,848.05,826.9,827.29,55241472.0,2389827792.0,-0.019333468659210103,False,601012,隆基绿能
2023-03-10,813.06,818.25,806.71,809.98,57616674.0,2430854168.0,-0.021145742605860923,False,601012,隆基绿能
2023-03-13,806.13,822.67,802.09,807.48,54839711.0,2311789028.0,-0.003091269015396184,False,601012,隆基绿能
2023-03-14,811.9,812.48,786.13,805.36,72782609.0,3023175646.0,-0.0026289045670591107,False,601012,隆基绿能
2023-03-15,812.09,833.63,806.9,812.29,58653805.0,2492932721.0,0.008568036837323248,False,601012,隆基绿能
2023-03-16,803.83,806.71,766.71,769.21,114734454.0,4655310119.0,-0.05449340510835168,False,601012,隆基绿能
2023-03-17,777.67,782.29,753.44,756.33,95380266.0,3792663098.0,-0.01688622527597293,False,601012,隆基绿能
2023-03-20,751.52,764.02,738.44,754.02,80514820.0,3148980826.0,-0.0030588960190584234,False,601012,隆基绿能
2023-03-21,750.75,759.6,742.67,758.63,71459004.0,2788823424.0,0.0060952821508340705,False,601012,隆基绿能
2023-03-22,765.36,768.63,750.94,757.29,71049725.0,2805450003.0,-0.001767903779899148,False,601012,隆基绿能
2023-03-23,750.17,759.98,750.17,759.79,41981681.0,1649362093.0,0.0032958080826183066,False,601012,隆基绿能
2023-03-24,761.33,774.79,754.02,770.17,70157845.0,2801708515.0,0.01356919039170155,False,601012,隆基绿能
2023-03-27,773.06,782.67,764.21,774.79,65618957.0,2639927513.0,0.005980755192656613,False,601012,隆基绿能
2023-03-28,780.56,780.56,766.33,766.33,42659242.0,1707068071.0,-0.010979138524676269,False,601012,隆基绿能
2023-03-29,771.33,783.44,767.86,769.79,46043444.0,1851672596.0,0.004504864009812855,False,601012,隆基绿能
2023-03-30,769.4,780.36,763.44,779.02,69791210.0,2813220439.0,0.01191896910397174,False,601012,隆基绿能
2023-03-31,779.79,787.86,775.94,777.1,55930641.0,2270277549.0,-0.0024676772669316527,False,601012,隆基绿能
2023-04-03,783.63,790.75,771.52,781.33,61996398.0,2518115664.0,0.00542855359289267,False,601012,隆基绿能
2023-04-04,782.48,782.48,764.4,772.86,66944340.0,2678956498.0,-0.010899676172037645,False,601012,隆基绿能
2023-04-06,769.21,778.25,766.9,774.79,44238690.0,1774400429.0,0.0024941052569682647,False,601012,隆基绿能
2023-04-07,774.6,788.06,770.75,778.25,47116142.0,1912241528.0,0.004455784428697859,False,601012,隆基绿能
2023-04-10,783.06,793.44,778.44,792.86,63590494.0,2604302777.0,0.01859885196056003,False,601012,隆基绿能
2023-04-11,797.86,798.06,776.52,778.06,77047463.0,3134487790.0,-0.018843019254921652,False,601012,隆基绿能
2023-04-12,776.9,776.9,759.6,761.71,70316676.0,2794776310.0,-0.02123773620649976,False,601012,隆基绿能
2023-04-13,763.63,770.94,755.37,757.29,50323092.0,1993140281.0,-0.005819634594812946,False,601012,隆基绿能
2023-04-14,752.29,765.36,740.75,754.98,65955544.0,2587382887.0,-0.003055012394111598,False,601012,隆基绿能
2023-04-17,753.44,764.4,750.37,761.9,53645967.0,2118102885.0,0.009124054647032363,False,601012,隆基绿能
2023-04-18,766.71,775.94,763.25,769.4,63250295.0,2532040966.0,0.009795676839230728,False,601012,隆基绿能
2023-04-19,770.56,771.71,747.48,748.63,84715089.0,3316621785.0,-0.027366120844534606,False,601012,隆基绿能
2023-04-20,746.13,747.1,717.29,723.25,120177554.0,4547548371.0,-0.03448992561741561,False,601012,隆基绿能
2023-04-21,722.29,736.71,712.48,719.98,93891753.0,3534855794.0,-0.0045315100097308705,False,601012,隆基绿能
2023-04-24,716.71,717.29,692.29,696.71,89548737.0,3258702229.0,-0.03285417853322809,False,601012,隆基绿能
2023-04-25,694.98,701.71,670.56,673.25,96318169.0,3400448225.0,-0.03425252362157722,False,601012,隆基绿能
2023-04-26,672.67,716.33,667.29,697.29,117170889.0,4241878374.0,0.03508466140273731,False,601012,隆基绿能
2023-04-27,697.67,699.79,676.91,691.71,79208402.0,2825318697.0,-0.00803460045781387,False,601012,隆基绿能
2023-04-28,682.67,687.1,662.48,670.56,150595943.0,5256435706.0,-0.031053608459870357,False,601012,隆基绿能
2023-05-04,665.18,673.83,654.41,655.56,103790546.0,3566181762.0,-0.022623351981134802,False,601012,隆基绿能
2023-05-05,651.91,651.91,632.1,637.68,124302529.0,4134979218.0,-0.02765324207595886,False,601012,隆基绿能
2023-05-08,638.83,649.98,632.68,644.79,82477157.0,2752822163.0,0.011088092267626321,False,601012,隆基绿能
2023-05-09,648.06,648.83,634.21,635.18,74279450.0,2467768797.0,-0.015016259096162974,False,601012,隆基绿能
2023-05-10,632.68,645.75,629.21,642.48,75643640.0,2511216032.0,0.01142726458907571,False,601012,隆基绿能
2023-05-11,646.91,657.48,638.44,649.02,82717289.0,2794777595.0,0.010127844990046441,False,601012,隆基绿能
2023-05-12,648.06,650.94,629.79,630.75,79579043.0,2632738662.0,-0.028553945349086094,False,601012,隆基绿能
2023-05-15,630.75,650.56,630.75,650.56,92095666.0,3088262127.0,0.030923942918814507,False,601012,隆基绿能
2023-05-16,650.94,657.68,643.83,646.91,68947721.0,2329331018.0,-0.005626349169746609,False,601012,隆基绿能
2023-05-17,654.02,660.56,643.25,647.1,64493086.0,2177000579.0,0.00029366079298536976,False,601012,隆基绿能
2023-05-18,644.79,646.33,632.68,636.14,64558693.0,2139815414.0,-0.017082177161060794,False,601012,隆基绿能
2023-05-19,634.41,634.6,627.29,633.83,60420935.0,1982730804.0,-0.0036378852218313953,False,601012,隆基绿能
2023-05-22,631.14,645.18,629.79,641.33,66584525.0,2210809614.0,0.011763365358509302,False,601012,隆基绿能
2023-05-23,638.44,647.87,631.91,632.68,61042761.0,2024011562.0,-0.013579379943549609,False,601012,隆基绿能
2023-05-24,630.18,648.83,624.02,636.71,115322445.0,3820680994.0,0.006349527788333954,False,601012,隆基绿能
2023-05-25,629.02,637.29,618.25,623.83,139412088.0,4544351658.0,-0.0204363975290308,False,601012,隆基绿能
2023-05-26,617.87,617.87,593.83,605.56,143373275.0,4489110018.0,-0.02972424561091323,False,601012,隆基绿能
2023-05-29,610.37,610.37,577.29,581.72,157555675.0,4791851635.0,-0.0401644174341685,False,601012,隆基绿能
2023-05-30,576.91,581.72,557.87,567.29,165612489.0,4881820766.0,-0.025118595490010838,False,601012,隆基绿能
2023-05-31,565.37,568.64,553.45,554.22,114333417.0,3313375499.0,-0.023308916986924853,False,601012,隆基绿能
2023-06-01,554.22,559.22,549.99,550.56,94846019.0,2733247894.0,-0.006625777783403557,False,601012,隆基绿能
2023-06-02,553.83,566.14,549.02,562.29,107596279.0,3136148389.0,0.02108178898983307,False,601012,隆基绿能
2023-06-05,561.52,563.64,544.99,546.33,108063213.0,3095760290.0,-0.028794542263165163,False,601012,隆基绿能
2023-06-06,545.95,545.95,531.52,531.91,114212162.0,3185390666.0,-0.026748886677879224,False,601012,隆基绿能
2023-06-07,539.6,543.83,524.6,528.83,93772434.0,2591066173.0,-0.0058072829457908775,False,601012,隆基绿能
2023-06-08,528.83,535.37,525.37,525.76,92243880.0,2541337212.0,-0.005822184303264741,False,601012,隆基绿能
2023-06-09,524.99,534.02,519.41,530.76,116106907.0,3196323205.0,0.00946510681933235,False,601012,隆基绿能
2023-06-12,529.6,539.99,522.68,534.99,100009802.0,2771123739.0,0.007938113464295952,False,601012,隆基绿能
2023-06-13,532.68,537.68,528.45,533.64,75198693.0,2080492205.0,-0.0025266008219262544,False,601012,隆基绿能
2023-06-14,533.83,536.14,525.37,525.37,94396045.0,2600302020.0,-0.015618678042269966,False,601012,隆基绿能
2023-06-15,525.37,562.87,523.64,561.14,269027727.0,7642940566.0,0.06586765248805071,False,601012,隆基绿能
2023-06-16,562.29,572.1,557.68,569.79,211363122.0,6219801113.0,0.015297443135868246,False,601012,隆基绿能
2023-06-19,571.74,571.74,556.54,564.92,119855768.0,3462429940.0,-0.008583743691391442,False,601012,隆基绿能
2023-06-20,561.61,568.23,556.73,560.05,87968553.0,2533980105.0,-0.008658062743114541,False,601012,隆基绿能
2023-06-21,558.49,566.48,545.23,545.62,115369186.0,3281017932.0,-0.026103302708847857,False,601012,隆基绿能
2023-06-26,539.77,556.54,533.34,546.01,106561009.0,2969480797.0,0.0007145278466015465,False,601012,隆基绿能
2023-06-27,546.79,560.44,538.99,549.32,100090104.0,2823086142.0,0.0060438590665791506,False,601012,隆基绿能
2023-06-28,548.35,573.5,544.06,571.55,217675194.0,6310237819.0,0.03967081880970613,False,601012,隆基绿能
2023-06-29,572.13,582.46,561.8,562.39,167319578.0,4897457037.0,-0.016156409072248506,False,601012,隆基绿能
2023-06-30,560.83,568.82,554.2,558.88,139580113.0,4017050293.0,-0.006260778341016963,False,601012,隆基绿能
2023-07-03,558.88,571.16,556.93,562.97,115034620.0,3329319984.0,0.007291559693392505,False,601012,隆基绿能
2023-07-04,563.17,566.28,557.51,561.8,86753623.0,2497224482.0,-0.0020804260817711634,False,601012,隆基绿能
2023-07-05,561.8,561.8,547.77,548.74,97080942.0,2753408960.0,-0.023521173681431428,False,601012,隆基绿能
2023-07-06,546.21,549.32,539.97,543.67,68420511.0,1910525414.0,-0.009282295846755542,False,601012,隆基绿能
2023-07-07,540.94,542.5,532.56,533.34,75908787.0,2087565631.0,-0.019183325660317645,False,601012,隆基绿能
2023-07-10,537.63,579.73,536.07,578.76,287700164.0,8392411402.0,0.08172876438724223,False,601012,隆基绿能
2023-07-11,577.98,577.98,563.17,569.99,132139951.0,3853372340.0,-0.015269067053829364,False,601012,隆基绿能
2023-07-12,569.79,603.91,559.66,595.52,284773478.0,8599331681.0,0.04381615663883441,False,601012,隆基绿能
2023-07-13,596.11,610.34,592.6,597.86,187284715.0,5750139118.0,0.003921639375478101,False,601012,隆基绿能
2023-07-14,594.16,601.37,584.61,585.58,148801028.0,4501547319.0,-0.020753803770953823,False,601012,隆基绿能
2023-07-17,580.12,588.51,576.23,580.71,82001642.0,2442225177.0,-0.008351316232846129,False,601012,隆基绿能
2023-07-18,584.8,586.36,570.38,575.06,88232170.0,2600239433.0,-0.0097771096459825,False,601012,隆基绿能
2023-07-19,575.06,575.45,566.48,569.99,64572233.0,1886337313.0,-0.00885556636453013,False,601012,隆基绿能
2023-07-20,572.13,590.07,567.06,576.23,152913618.0,4533131818.0,0.01088806973514804,False,601012,隆基绿能
2023-07-21,571.16,574.08,557.51,559.27,141951442.0,4108657000.0,-0.029874524637919057,False,601012,隆基绿能
2023-07-24,554.98,561.22,549.52,552.44,64768818.0,1841754220.0,-0.012287531702552455,False,601012,隆基绿能
2023-07-25,561.02,574.47,558.49,569.6,126207317.0,3680517625.0,0.030589529888038154,False,601012,隆基绿能
2023-07-26,567.84,578.37,565.11,570.96,100655387.0,2952125389.0,0.002384794565046003,False,601012,隆基绿能
2023-07-27,568.82,572.72,556.93,558.49,111683288.0,3232654920.0,-0.02208244141680916,False,601012,隆基绿能
2023-07-28,555.76,577.98,552.05,575.06,137567129.0,4011861437.0,0.029237669933578687,False,601012,隆基绿能
2023-07-31,580.9,594.35,578.95,581.88,142726346.0,4284580271.0,0.011789857725679661,False,601012,隆基绿能
2023-08-01,581.88,585.58,567.84,571.16,118055701.0,3477943851.0,-0.018594860343166732,False,601012,隆基绿能
2023-08-02,571.35,574.47,565.31,567.06,73225752.0,2134347186.0,-0.007204262327074837,False,601012,隆基绿能
2023-08-03,582.46,601.96,580.71,601.37,294502147.0,8985302113.0,0.058745267470258884,False,601012,隆基绿能
2023-08-04,607.61,608.19,593.77,599.62,187951466.0,5793661287.0,-0.002914264462740226,False,601012,隆基绿能
2023-08-07,599.81,601.96,590.65,594.74,94648310.0,2879540930.0,-0.00817178598813003,False,601012,隆基绿能
2023-08-08,600.59,602.35,582.46,589.29,115000012.0,3475408734.0,-0.009205912840113562,False,601012,隆基绿能
2023-08-09,585.19,592.8,584.61,586.95,83830392.0,2528543708.0,-0.003978785089763346,False,601012,隆基绿能
2023-08-10,585.19,594.16,585.19,588.9,81608964.0,2467101833.0,0.0033167526259938207,False,601012,隆基绿能
2023-08-11,587.73,587.73,573.11,573.5,101319980.0,3011237243.0,-0.0264984533810996,False,601012,隆基绿能
2023-08-14,565.7,571.55,560.83,571.35,87698275.0,2548216659.0,-0.0037559549767025736,False,601012,隆基绿能
2023-08-15,569.4,570.77,551.08,553.42,125272991.0,3581741597.0,-0.03188477466887004,False,601012,隆基绿能
2023-08-16,549.71,556.93,544.06,544.65,89310530.0,2513336043.0,-0.015973820395398245,False,601012,隆基绿能
2023-08-17,540.16,551.08,536.46,549.32,75107940.0,2097194770.0,0.008537763133626817,False,601012,隆基绿能
2023-08-18,547.77,555.17,543.87,544.06,89352082.0,2519992054.0,-0.00962161477044068,False,601012,隆基绿能
2023-08-21,537.82,540.16,526.52,526.52,110615040.0,3020626559.0,-0.032770217334433624,False,601012,隆基绿能
2023-08-22,529.25,531.2,494.94,503.71,244960434.0,6357169944.0,-0.04428861191551708,False,601012,隆基绿能
2023-08-23,498.06,500.2,483.24,483.63,133432720.0,3364687283.0,-0.0406805540856731,False,601012,隆基绿能
2023-08-24,483.63,508.58,483.63,502.15,153524018.0,3932404569.0,0.03757872828333117,False,601012,隆基绿能
2023-08-25,498.25,504.88,493.38,497.67,76417812.0,1954007718.0,-0.008961673067054525,False,601012,隆基绿能
2023-08-28,536.07,537.04,512.29,516.19,188183985.0,5057315453.0,0.03653770798827036,False,601012,隆基绿能
2023-08-29,516.19,531.39,515.02,528.27,124133279.0,3348455115.0,0.023132601880232553,False,601012,隆基绿能
2023-08-30,528.86,534.9,521.45,523.4,101226157.0,2734086791.0,-0.00926152654475093,False,601012,隆基绿能
2023-08-31,522.62,525.54,515.02,517.55,72665862.0,1935398295.0,-0.011239851266286311,False,601012,隆基绿能
2023-09-01,520.67,522.42,515.21,518.14,48686646.0,1292837165.0,0.0011393371835640832,False,601012,隆基绿能
2023-09-04,522.42,527.88,513.46,527.1,99568116.0,2673181359.0,0.01714480784783794,False,601012,隆基绿能
2023-09-05,523.98,554.59,520.08,547.77,220343826.0,6101814324.0,0.038465206955589894,False,601012,隆基绿能
2023-09-06,540.55,553.22,538.02,543.28,153774286.0,4290199689.0,-0.008230650011215285,False,601012,隆基绿能
2023-09-07,538.99,538.99,521.25,521.25,118236730.0,3206173540.0,-0.04139506769252473,False,601012,隆基绿能
2023-09-08,518.53,522.62,510.73,513.07,76072836.0,2009039339.0,-0.015817485009286564,False,601012,隆基绿能
2023-09-11,509.75,523.79,506.83,519.69,93810277.0,2484803883.0,0.012820191855234704,False,601012,隆基绿能
2023-09-12,516.19,529.25,512.68,523.4,95325850.0,2549099537.0,0.007113510137086218,False,601012,隆基绿能
2023-09-13,520.67,526.13,512.87,514.82,59515509.0,1581734077.0,-0.016528665089866907,False,601012,隆基绿能
2023-09-14,514.82,516.19,507.22,509.36,57496401.0,1506241855.0,-0.010662289297408641,False,601012,隆基绿能
2023-09-15,512.48,520.47,508.19,511.9,84923298.0,2238194451.0,0.004974257754767668,False,601012,隆基绿能
2023-09-18,508.58,521.06,502.54,513.07,71963525.0,1895927723.0,0.00228299464018715,False,601012,隆基绿能
2023-09-19,511.51,512.09,503.91,505.85,62864890.0,1633045260.0,-0.014172105451825274,False,601012,隆基绿能
2023-09-20,507.41,509.17,500.01,501.76,49699353.0,1283810819.0,-0.008118264929911115,False,601012,隆基绿能
2023-09-21,498.84,502.74,494.74,494.74,61657192.0,1573694066.0,-0.014089545671981176,False,601012,隆基绿能
2023-09-22,491.23,506.44,490.84,505.85,94814299.0,2430765787.0,0.022207810601892242,False,601012,隆基绿能
2023-09-25,502.93,513.65,501.37,510.34,85949750.0,2240496531.0,0.00883698760963258,False,601012,隆基绿能
2023-09-26,508.78,515.21,508.0,509.56,62986317.0,1651556553.0,-0.0015295620199457741,False,601012,隆基绿能
2023-09-27,509.56,545.43,508.97,540.75,239748843.0,6569522908.0,0.05940945659158195,False,601012,隆基绿能
2023-09-28,540.36,544.65,531.2,531.78,133371320.0,3669438036.0,-0.016727194854806563,False,601012,隆基绿能
2023-10-09,529.25,533.34,522.03,528.27,92318767.0,2499365827.0,-0.006622353337565262,False,601012,隆基绿能
2023-10-10,528.27,531.0,520.28,520.67,75115036.0,2018932509.0,-0.014491072881112309,False,601012,隆基绿能
2023-10-11,525.93,538.02,523.4,525.54,97900704.0,2659249558.0,0.009309861643368384,False,601012,隆基绿能
2023-10-12,529.44,534.51,523.4,532.56,102125938.0,2775269446.0,0.013269261889395626,False,601012,隆基绿能
2023-10-13,525.93,525.93,517.94,522.42,84795892.0,2264826037.0,-0.01922370522386887,False,601012,隆基绿能
2023-10-16,519.3,527.88,510.14,513.26,79521331.0,2109172218.0,-0.01768932267692476,False,601012,隆基绿能
2023-10-17,515.6,516.97,508.19,511.12,55629040.0,1461519893.0,-0.004178143097566613,False,601012,隆基绿能
2023-10-18,510.92,510.92,503.13,504.3,52581628.0,1362958248.0,-0.01343306721140823,False,601012,隆基绿能
2023-10-19,499.23,506.05,495.13,496.3,76849730.0,1967808636.0,-0.01599074648928454,False,601012,隆基绿能
2023-10-20,492.6,502.15,490.65,498.06,91872001.0,2344863075.0,0.003539969101603991,False,601012,隆基绿能
2023-10-23,493.18,493.96,477.0,481.49,98435573.0,2443261753.0,-0.033835089104469224,False,601012,隆基绿能
2023-10-24,481.49,485.0,472.52,481.49,82216949.0,2019425714.0,0.0,False,601012,隆基绿能
2023-10-25,485.58,489.29,478.37,480.51,81609932.0,2025264429.0,-0.0020374227422158366,False,601012,隆基绿能
2023-10-26,469.01,471.35,455.37,465.89,132566302.0,3144111382.0,-0.030898485089355235,False,601012,隆基绿能
2023-10-27,459.66,488.7,459.07,486.95,133811722.0,3272042799.0,0.04421189364824915,False,601012,隆基绿能
2023-10-30,481.88,494.74,480.51,490.45,96013873.0,2406053716.0,0.0071618886031163675,False,601012,隆基绿能
2023-10-31,467.26,478.17,466.67,470.38,155497107.0,3760351672.0,-0.041782458336583776,False,601012,隆基绿能
2023-11-01,466.87,469.4,452.83,454.78,155287398.0,3653692188.0,-0.03372709313809579,False,601012,隆基绿能
2023-11-02,453.22,455.95,436.65,436.85,176863156.0,4032721244.0,-0.04022389879154148,False,601012,隆基绿能
2023-11-03,436.65,448.93,436.26,445.81,128526726.0,2933232088.0,0.020302965539750355,False,601012,隆基绿能
2023-11-06,449.13,463.16,448.74,457.12,142217748.0,3334656164.0,0.025053086198608958,False,601012,隆基绿能
2023-11-07,457.32,458.1,449.71,456.73,96384547.0,2241677535.0,-0.0008535318130475458,False,601012,隆基绿能
2023-11-08,455.17,462.58,452.44,456.54,99070912.0,2323813301.0,-0.000416087252928919,False,601012,隆基绿能
2023-11-09,453.81,478.76,452.25,472.52,234394450.0,5675198292.0,0.034403754663832754,False,601012,隆基绿能
2023-11-10,468.23,468.62,458.68,458.68,124791728.0,2954913312.0,-0.029727274910215543,False,601012,隆基绿能
2023-11-13,461.99,469.21,459.27,464.72,89379897.0,2125224008.0,0.013082274514173445,False,601012,隆基绿能
2023-11-14,466.28,470.57,459.66,462.58,106310423.0,2528189498.0,-0.0046155587169241065,False,601012,隆基绿能
2023-11-15,471.35,480.32,467.45,475.44,180220263.0,4388281024.0,0.027421176091052265,False,601012,隆基绿能
2023-11-16,471.94,472.52,461.99,462.19,122351654.0,2919005575.0,-0.028264629107739372,False,601012,隆基绿能
2023-11-17,458.29,460.04,455.17,459.85,81540878.0,1913708561.0,-0.0050757126019591444,False,601012,隆基绿能
2023-11-20,459.66,461.6,452.25,457.9,76748622.0,1796891969.0,-0.004249529685656963,False,601012,隆基绿能
2023-11-21,459.46,462.77,453.42,454.0,88626397.0,2083796038.0,-0.008553621621701698,False,601012,隆基绿能
2023-11-22,451.47,453.42,444.26,444.26,82250799.0,1889651351.0,-0.021687221411871606,False,601012,隆基绿能
2023-11-23,444.06,447.18,440.55,446.01,70521330.0,1605082333.0,0.003931396663892675,False,601012,隆基绿能
2023-11-24,445.23,445.23,438.6,438.99,71101943.0,1606269172.0,-0.015864739520924254,False,601012,隆基绿能
2023-11-27,438.6,438.6,425.35,426.32,105333810.0,2314160457.0,-0.02928639578391801,False,601012,隆基绿能
2023-11-28,424.37,428.27,421.06,426.91,69585855.0,1516713166.0,0.001382980190658712,False,601012,隆基绿能
2023-11-29,426.91,427.88,417.16,418.33,83308408.0,1795537037.0,-0.020302623440646757,False,601012,隆基绿能
2023-11-30,417.35,421.45,413.07,413.85,75831939.0,1619503172.0,-0.01076700540713396,False,601012,隆基绿能
2023-12-01,411.31,415.02,407.02,413.46,94275318.0,1987593611.0,-0.0009428147342332683,False,601012,隆基绿能
2023-12-04,413.65,416.57,410.53,410.53,63928704.0,1352736166.0,-0.007111766767223888,False,601012,隆基绿能
2023-12-05,409.56,414.82,401.37,401.76,93581349.0,1960918832.0,-0.021594112420672718,False,601012,隆基绿能
2023-12-06,399.62,415.21,398.84,411.31,112859804.0,2375564526.0,0.023492292684959688,False,601012,隆基绿能
2023-12-07,408.39,409.36,402.15,405.07,84114882.0,1747690036.0,-0.015287296416549129,False,601012,隆基绿能
2023-12-08,408.58,409.36,401.56,404.1,70311689.0,1462786866.0,-0.002397519593257321,False,601012,隆基绿能
2023-12-11,399.42,406.24,393.96,405.46,96010247.0,1964585569.0,0.0033598529556195587,False,601012,隆基绿能
2023-12-12,404.49,410.14,403.32,405.85,71017043.0,1479629370.0,0.0009614081671371115,False,601012,隆基绿能
2023-12-13,401.56,404.88,395.33,395.52,72573079.0,1486211330.0,-0.025782278377913595,False,601012,隆基绿能
2023-12-14,399.62,406.05,395.91,396.3,65268613.0,1338634084.0,0.0019701453671181414,False,601012,隆基绿能
2023-12-15,399.23,410.92,399.23,403.12,158029221.0,3286300138.0,0.0170627841759533,False,601012,隆基绿能
2023-12-18,400.2,403.12,392.79,393.57,79044490.0,1607566044.0,-0.023975341611294044,False,601012,隆基绿能
2023-12-19,392.4,401.56,390.06,397.08,88068507.0,1791144879.0,0.008878828960472561,False,601012,隆基绿能
2023-12-20,398.84,400.98,395.13,395.33,72312893.0,1474750757.0,-0.004416912570711093,False,601012,隆基绿能
2023-12-21,392.4,418.13,391.43,414.82,246619481.0,5202143498.0,0.048123832049922544,False,601012,隆基绿能
2023-12-22,412.29,419.89,407.61,413.65,147876015.0,3135909898.0,-0.0028244855645406606,False,601012,隆基绿能
2023-12-25,414.04,416.38,410.14,414.82,69229858.0,1466873184.0,0.0028244855645406515,False,601012,隆基绿能
2023-12-26,413.65,413.65,406.63,408.97,72784618.0,1529795804.0,-0.014202887481398396,False,601012,隆基绿能
2023-12-27,408.97,410.53,399.23,403.12,81230465.0,1676695270.0,-0.014407519346991367,False,601012,隆基绿能
2023-12-28,401.76,443.48,399.81,443.48,311857893.0,6888607315.0,0.09541842053180825,False,601012,隆基绿能
2023-12-29,452.25,452.25,442.89,446.4,265105103.0,6085166247.0,0.006562706162950283,False,601012,隆基绿能
2024-01-02,440.75,446.2,432.75,432.75,158862023.0,3561320754.0,-0.031055217010782492,False,601012,隆基绿能
2024-01-03,432.75,440.16,430.61,436.46,129243542.0,2882721820.0,0.008536538994535171,False,601012,隆基绿能
2024-01-04,434.31,434.7,423.98,428.47,111338146.0,2444688691.0,-0.01847600913256185,False,601012,隆基绿能
2024-01-05,426.13,433.73,416.57,420.67,113427161.0,2472077498.0,-0.018372045586367815,False,601012,隆基绿能
2024-01-08,417.35,432.36,416.38,421.25,118135678.0,2572504539.0,0.0013778033346473868,False,601012,隆基绿能
2024-01-09,421.45,445.81,417.94,433.53,207367024.0,4612609293.0,0.028734516311777283,False,601012,隆基绿能
2024-01-10,428.86,444.45,426.13,433.34,167731454.0,3755500025.0,-0.0004383586997877412,False,601012,隆基绿能
2024-01-11,429.25,438.6,427.3,435.87,157721001.0,3504532528.0,0.005821394472796145,False,601012,隆基绿能
2024-01-12,432.75,444.45,429.44,431.0,156650159.0,3505886714.0,-0.011235943647609424,False,601012,隆基绿能
2024-01-15,426.91,434.31,424.18,425.74,107490517.0,2358263661.0,-0.01227925879921592,False,601012,隆基绿能
2024-01-16,423.01,435.29,420.67,431.19,133489043.0,2938793848.0,0.012719996926718229,False,601012,隆基绿能
2024-01-17,428.86,428.86,414.82,415.21,116013802.0,2507187825.0,-0.037764411891184894,False,601012,隆基绿能
2024-01-18,410.53,444.84,409.56,444.45,317669951.0,7033198433.0,0.06805314634761864,False,601012,隆基绿能
2024-01-19,441.33,444.06,430.8,430.8,177203728.0,3958954246.0,-0.031193617405450406,False,601012,隆基绿能
2024-01-22,428.86,432.75,417.35,423.4,156563145.0,3418198049.0,-0.017326586581468757,False,601012,隆基绿能
2024-01-23,422.81,439.58,418.33,430.03,159178081.0,3518887773.0,0.015537614995068946,False,601012,隆基绿能
2024-01-24,430.61,432.56,411.51,424.57,166323771.0,3595040079.0,-0.012778081656708497,False,601012,隆基绿能
2024-01-25,422.23,434.7,416.38,434.7,156629139.0,3424201706.0,0.023579245955621143,False,601012,隆基绿能
2024-01-26,429.83,437.04,425.35,428.08,115554208.0,2551259029.0,-0.015346043991697233,False,601012,隆基绿能
2024-01-29,423.01,423.2,397.67,397.67,205640594.0,4295463545.0,-0.0736875783787003,False,601012,隆基绿能
2024-01-30,395.13,403.12,393.38,394.35,98092688.0,2001228177.0,-0.00838367578034892,False,601012,隆基绿能
2024-01-31,392.79,398.84,377.2,377.2,154970173.0,3060176664.0,-0.04446328908469761,False,601012,隆基绿能
2024-02-01,372.13,391.62,372.13,381.88,112429056.0,2212673585.0,0.01233087237052994,False,601012,隆基绿能
2024-02-02,380.12,384.41,354.98,367.84,144909967.0,2748174116.0,-0.037458362114961036,False,601012,隆基绿能
2024-02-05,366.48,367.65,343.08,354.2,150172934.0,2740768426.0,-0.03778633566613819,False,601012,隆基绿能
2024-02-06,353.03,382.85,351.66,382.07,164509778.0,3142216366.0,0.07574211254362956,False,601012,隆基绿能
2024-02-07,383.24,392.01,378.56,385.39,166356017.0,3295976579.0,0.008651970683290999,False,601012,隆基绿能
2024-02-08,387.92,396.89,387.92,393.96,123119019.0,2478967593.0,0.02199357272584782,False,601012,隆基绿能
2024-02-19,393.96,396.69,389.87,393.57,97520976.0,1962738592.0,-0.0009904385404529662,False,601012,隆基绿能
2024-02-20,393.38,393.38,384.8,389.48,88467178.0,1757737151.0,-0.010446426650493135,False,601012,隆基绿能
2024-02-21,386.16,404.29,383.63,397.67,135713889.0,2757569346.0,0.020809999513793278,False,601012,隆基绿能
2024-02-22,395.72,409.17,395.72,401.95,101104877.0,2082462224.0,0.010705187149620918,False,601012,隆基绿能
2024-02-23,401.95,411.12,401.95,407.02,115406792.0,2411162032.0,0.012534621510432562,False,601012,隆基绿能
2024-02-26,407.41,409.17,400.59,403.12,92406540.0,1917118519.0,-0.009628039912059709,False,601012,隆基绿能
2024-02-27,401.56,409.36,399.81,409.36,102484010.0,2128543456.0,0.015360680124493634,False,601012,隆基绿能
2024-02-28,413.65,425.74,401.95,401.95,181017366.0,3852192703.0,-0.018267261722866565,False,601012,隆基绿能
2024-02-29,398.64,414.24,396.89,414.04,139351275.0,2920787468.0,0.02963488474157968,False,601012,隆基绿能
2024-03-01,419.11,422.62,411.12,421.06,162120062.0,3475248721.0,0.01681275382685978,False,601012,隆基绿能
2024-03-04,420.28,428.47,416.57,419.69,141672831.0,3061363899.0,-0.0032589978294893913,False,601012,隆基绿能
2024-03-05,415.21,415.79,406.44,409.75,135556278.0,2850175247.0,-0.02396912588898089,False,601012,隆基绿能
2024-03-06,409.36,425.74,404.29,417.74,155308871.0,3313587664.0,0.019312011803231926,False,601012,隆基绿能
2024-03-07,415.21,418.72,405.46,405.46,109826856.0,2315713399.0,-0.029837004387123302,False,601012,隆基绿能
2024-03-08,405.85,422.03,405.85,419.69,167907180.0,3595525702.0,0.03449411847287225,False,601012,隆基绿能
2024-03-11,428.47,435.48,420.67,431.97,217045156.0,4767220656.0,0.028839797875368865,False,601012,隆基绿能
2024-03-12,433.14,439.77,430.03,435.09,171224489.0,3815728131.0,0.007196764851979449,False,601012,隆基绿能
2024-03-13,433.92,433.92,425.74,426.71,125699278.0,2764116455.0,-0.01944828065183671,False,601012,隆基绿能
2024-03-14,426.71,428.47,415.79,420.08,110653657.0,2394231759.0,-0.015659456258827784,False,601012,隆基绿能
2024-03-15,418.33,420.28,411.7,417.35,93310753.0,1987194354.0,-0.006519971032858092,False,601012,隆基绿能
2024-03-18,417.94,422.42,415.4,422.42,108590171.0,2336927185.0,0.012074881459250427,False,601012,隆基绿能
2024-03-19,418.91,425.54,412.29,412.29,136318535.0,2916690370.0,-0.024273094521125905,False,601012,隆基绿能
2024-03-20,411.7,416.96,407.8,411.51,93926679.0,1983439091.0,-0.0018936640764448981,False,601012,隆基绿能
2024-03-21,409.95,412.48,404.88,406.44,99508222.0,2079052565.0,-0.012397004540744615,False,601012,隆基绿能
2024-03-22,403.9,405.07,391.23,391.62,136915125.0,2776339340.0,-0.03714433474249953,False,601012,隆基绿能
2024-03-25,389.87,395.52,387.33,388.7,80229775.0,1609005780.0,-0.007484144017003657,False,601012,隆基绿能
2024-03-26,389.87,396.5,387.92,394.16,85389396.0,1715647130.0,0.013949080377530287,False,601012,隆基绿能
2024-03-27,393.96,393.96,380.9,380.9,91370469.0,1811244817.0,-0.03422004475114946,False,601012,隆基绿能
2024-03-28,380.9,386.55,380.32,382.27,70429251.0,1384672899.0,0.003590291734817232,False,601012,隆基绿能
2024-03-29,383.05,385.39,375.83,380.32,72830409.0,1420515920.0,-0.00511416160749179,False,601012,隆基绿能
2024-04-01,383.24,393.18,382.46,392.79,101911923.0,2038910511.0,0.03226211429588785,False,601012,隆基绿能
2024-04-02,392.79,394.94,385.97,390.84,88354180.0,1766602099.0,-0.004976848831629289,False,601012,隆基绿能
2024-04-03,388.89,391.62,385.77,386.94,58842673.0,1170345857.0,-0.010028626825801322,False,601012,隆基绿能
2024-04-08,385.97,385.97,378.17,378.37,73266119.0,1431786921.0,-0.022397089399469307,False,601012,隆基绿能
2024-04-09,378.17,385.58,377.59,383.44,61760066.0,1213041343.0,0.013310602000504088,False,601012,隆基绿能
2024-04-10,383.44,383.83,371.93,373.69,67519588.0,1302305275.0,-0.02575657815067764,False,601012,隆基绿能
2024-04-11,372.13,374.86,367.26,370.77,60596159.0,1154142990.0,-0.007844652430944435,False,601012,隆基绿能
2024-04-12,370.77,372.13,361.21,361.8,75958905.0,1421011642.0,-0.024490351308558953,False,601012,隆基绿能
2024-04-15,361.6,371.15,360.82,364.33,80228365.0,1506081290.0,0.006968477374547806,False,601012,隆基绿能
2024-04-16,363.94,363.94,354.0,354.78,73071814.0,1339533054.0,-0.026562171274949295,False,601012,隆基绿能
2024-04-17,355.37,362.58,355.37,362.58,70902674.0,1309818550.0,0.021747260540728734,False,601012,隆基绿能
2024-04-18,361.41,368.82,355.17,366.28,85820272.0,1602270218.0,0.010152928638009144,False,601012,隆基绿能
2024-04-19,364.14,364.14,355.76,359.65,90072914.0,1658497546.0,-0.018266731926166162,False,601012,隆基绿能
2024-04-22,370.38,383.63,370.18,375.25,168203680.0,3255373716.0,0.042461134200206134,False,601012,隆基绿能
2024-04-23,371.15,376.81,365.11,366.09,91924394.0,1739279979.0,-0.02471326570171358,False,601012,隆基绿能
2024-04-24,366.48,367.26,357.7,360.63,70340445.0,1300237522.0,-0.015026702827585225,False,601012,隆基绿能
2024-04-25,358.68,362.19,352.83,356.14,76537608.0,1399919826.0,-0.012528590011104217,False,601012,隆基绿能
2024-04-26,354.78,364.53,353.81,362.97,97796975.0,1814623706.0,0.018996274248327876,False,601012,隆基绿能
2024-04-29,363.36,376.81,362.77,370.38,129473597.0,2460590224.0,0.02020931941236338,False,601012,隆基绿能
2024-04-30,362.58,364.53,353.03,354.78,180880696.0,3306061395.0,-0.04303162657306609,False,601012,隆基绿能
2024-05-06,356.73,364.14,356.73,360.82,111996885.0,2074242531.0,0.016881339963863384,False,601012,隆基绿能
2024-05-07,358.68,365.89,355.37,365.89,101616515.0,1886072659.0,0.01395352275548688,False,601012,隆基绿能
2024-05-08,365.89,365.89,360.63,360.82,67601841.0,1255470468.0,-0.013953522755486843,False,601012,隆基绿能
2024-05-09,362.38,376.22,361.99,369.6,146389948.0,2789006257.0,0.02404212074287231,False,601012,隆基绿能
2024-05-10,368.82,368.82,360.82,362.97,105445146.0,1965177639.0,-0.018101153546032974,False,601012,隆基绿能
2024-05-13,362.58,372.13,356.92,368.82,122782706.0,2308094699.0,0.015988533925476865,False,601012,隆基绿能
2024-05-14,370.18,370.38,364.92,367.06,66436989.0,1250412006.0,-0.0047833977166470325,False,601012,隆基绿能
2024-05-15,367.06,371.35,363.55,363.94,57277051.0,1075756255.0,-0.008536303545229383,False,601012,隆基绿能
2024-05-16,362.77,363.94,358.68,361.41,70768296.0,1311818671.0,-0.006975970938225466,False,601012,隆基绿能
2024-05-17,357.7,362.97,354.0,362.97,79274478.0,1456614251.0,0.004307138274625025,False,601012,隆基绿能
2024-05-20,360.63,365.31,359.65,360.63,62363263.0,1157588691.0,-0.006467684237223701,False,601012,隆基绿能
2024-05-21,360.04,360.43,355.95,356.73,53146244.0,973606667.0,-0.010873308866675379,False,601012,隆基绿能
2024-05-22,360.82,387.14,360.82,381.29,300693205.0,5765513882.0,0.06658104733329917,False,601012,隆基绿能
2024-05-23,380.12,381.1,367.65,369.01,177308015.0,3394936375.0,-0.03273649650657231,False,601012,隆基绿能
2024-05-24,367.65,376.22,364.92,365.7,113040047.0,2145871399.0,-0.00901041878898868,False,601012,隆基绿能
2024-05-27,366.09,367.65,356.34,361.21,97675581.0,1800967636.0,-0.01235381850293962,False,601012,隆基绿能
2024-05-28,359.46,364.53,358.09,360.43,67522872.0,1247997775.0,-0.002161743539032548,False,601012,隆基绿能
2024-05-29,364.33,377.98,364.33,370.38,190074122.0,3645745737.0,0.027231742520496215,False,601012,隆基绿能
2024-05-30,372.52,376.22,367.06,368.43,97719717.0,1856844567.0,-0.00527877134345705,False,601012,隆基绿能
2024-05-31,368.82,369.4,361.99,362.38,83109102.0,1552557291.0,-0.01655734928244096,False,601012,隆基绿能
2024-06-03,361.41,361.8,357.7,361.02,69763786.0,1286583824.0,-0.0037600265476460783,False,601012,隆基绿能
2024-06-04,359.46,363.55,356.73,363.16,66617027.0,1231272622.0,0.00591015004324107,False,601012,隆基绿能
2024-06-05,358.68,359.07,354.98,356.34,72848417.0,1334767802.0,-0.018958177247732716,False,601012,隆基绿能
2024-06-06,355.76,359.65,333.53,334.9,192123427.0,3376060586.0,-0.06205335145566488,False,601012,隆基绿能
2024-06-07,332.36,336.85,322.42,326.32,163618929.0,2739495927.0,-0.025953484790855866,False,601012,隆基绿能
2024-06-11,323.79,325.35,319.89,323.4,76439093.0,1266989618.0,-0.008988547866296565,False,601012,隆基绿能
2024-06-12,324.57,325.15,320.86,324.57,67113587.0,1113468906.0,0.0036112822245852744,False,601012,隆基绿能
2024-06-13,324.57,326.13,321.25,321.84,65970756.0,1093118058.0,-0.008446701726058986,False,601012,隆基绿能
2024-06-14,322.03,327.29,316.77,325.93,83305395.0,1386972976.0,0.012628106742311771,False,601012,隆基绿能
2024-06-17,325.93,329.05,320.67,325.93,66002552.0,1101457019.0,0.0,False,601012,隆基绿能
2024-06-18,325.35,330.22,324.57,326.32,57319469.0,961572891.0,0.001195860625458573,False,601012,隆基绿能
2024-06-19,326.32,326.32,318.33,318.91,74791398.0,1229311837.0,-0.02296956369252491,False,601012,隆基绿能
2024-06-20,317.74,317.74,303.51,303.71,133603956.0,2114995523.0,-0.048835632576344594,False,601012,隆基绿能
2024-06-21,303.71,311.5,301.37,301.37,105776216.0,1656667322.0,-0.007734553003020502,False,601012,隆基绿能
2024-06-24,298.83,301.37,292.4,292.99,101494997.0,1541305225.0,-0.02820026699560966,False,601012,隆基绿能
2024-06-25,292.79,295.72,278.95,281.49,154008165.0,2251920621.0,-0.04004155577173538,False,601012,隆基绿能
2024-06-26,281.49,286.55,277.39,285.77,114266965.0,1654972376.0,0.015090368506672162,False,601012,隆基绿能
2024-06-27,283.24,284.99,277.98,277.98,83292783.0,1197505307.0,-0.027638122820128164,False,601012,隆基绿能
2024-06-28,278.37,281.49,272.52,273.3,101795794.0,1445147114.0,-0.01697907572258974,False,601012,隆基绿能
2024-07-01,273.1,276.61,268.42,273.88,84507015.0,1180658759.0,0.0021199613188398123,False,601012,隆基绿能
2024-07-02,272.52,274.47,268.62,269.4,75838881.0,1053524534.0,-0.01649279027659864,False,601012,隆基绿能
2024-07-03,268.42,273.1,265.31,269.98,84253170.0,1163233797.0,0.002150618204417574,False,601012,隆基绿能
2024-07-04,270.37,271.15,262.19,262.38,85024086.0,1154990920.0,-0.02855404752779679,False,601012,隆基绿能
2024-07-05,261.21,266.48,260.04,263.36,78547206.0,1060008206.0,0.0037280828358208905,False,601012,隆基绿能
2024-07-08,261.02,261.02,253.8,255.17,97012313.0,1275748237.0,-0.03159192778711837,False,601012,隆基绿能
2024-07-09,254.58,257.9,249.13,256.53,148944930.0,1937575320.0,0.005315627134386809,False,601012,隆基绿能
2024-07-10,251.27,272.91,249.71,264.33,216412012.0,2942658170.0,0.02995270571077455,False,601012,隆基绿能
2024-07-11,269.01,284.8,267.25,277.2,224628399.0,3193918854.0,0.04754094476900019,False,601012,隆基绿能
2024-07-12,275.05,280.71,274.27,276.42,122187551.0,1737603228.0,-0.0028178191398674527,False,601012,隆基绿能
2024-07-15,277.8,278.0,270.89,274.05,80608921.0,1118632993.0,-0.008610876683755181,False,601012,隆基绿能
2024-07-16,272.27,277.8,270.3,277.6,88603897.0,1233759733.0,0.012870657140524142,False,601012,隆基绿能
2024-07-17,280.95,283.13,277.01,278.19,97903009.0,1387114496.0,0.002123104847594883,False,601012,隆基绿能
2024-07-18,275.23,279.57,272.47,278.39,82913668.0,1160895097.0,0.0007186747946681427,False,601012,隆基绿能
2024-07-19,276.42,286.08,275.23,283.91,108092133.0,1542319214.0,0.019634278253980564,False,601012,隆基绿能
2024-07-22,281.74,288.06,281.15,283.72,91263939.0,1316820492.0,-0.0006694501950070384,False,601012,隆基绿能
2024-07-23,282.73,285.49,276.22,276.61,70437376.0,1001641776.0,-0.025379264466793262,False,601012,隆基绿能
2024-07-24,275.23,278.78,267.93,269.31,76165723.0,1048446683.0,-0.026745439430386063,False,601012,隆基绿能
2024-07-25,267.34,281.74,266.55,275.82,116835305.0,1636616592.0,0.023885346609484763,False,601012,隆基绿能
2024-07-26,274.64,280.76,272.67,278.98,74002434.0,1042080400.0,0.011391615617897618,False,601012,隆基绿能
2024-07-29,278.98,279.57,272.27,272.87,65220310.0,906148619.0,-0.02214460337001085,False,601012,隆基绿能
2024-07-30,272.87,277.4,271.09,273.85,54100945.0,749656952.0,0.003585019935652057,False,601012,隆基绿能
2024-07-31,273.85,286.08,271.88,286.08,119831895.0,1711856167.0,0.043690980755418926,False,601012,隆基绿能
2024-08-01,285.69,287.47,281.74,283.52,68484842.0,985603978.0,-0.008988824568433218,False,601012,隆基绿能
2024-08-02,282.34,286.87,279.77,280.56,68235196.0,977642917.0,-0.010495061584793446,False,601012,隆基绿能
2024-08-05,279.77,293.58,277.6,278.0,137818031.0,1996329778.0,-0.009166492141285553,False,601012,隆基绿能
2024-08-06,283.13,289.64,281.15,285.1,118874157.0,1718248810.0,0.02521888222798939,False,601012,隆基绿能
2024-08-07,284.11,284.11,278.59,280.76,80946235.0,1151181241.0,-0.015339784056405719,False,601012,隆基绿能
2024-08-08,280.17,283.13,277.4,279.18,63903153.0,905747461.0,-0.005643476777608475,False,601012,隆基绿能
2024-08-09,280.17,281.35,272.47,272.47,74800994.0,1045273754.0,-0.02432821878497339,False,601012,隆基绿能
2024-08-12,277.21,280.76,273.46,274.84,66517081.0,930598240.0,0.008660593863236364,False,601012,隆基绿能
2024-08-13,273.26,279.77,269.71,276.42,68789846.0,957666632.0,0.005732338013005479,False,601012,隆基绿能
2024-08-14,276.61,282.14,272.47,272.67,53696263.0,748831833.0,-0.013659175377091952,False,601012,隆基绿能
2024-08-15,271.29,280.95,269.31,277.6,87214414.0,1219783240.0,0.01791895583386066,False,601012,隆基绿能
2024-08-16,277.4,278.19,270.3,270.7,68626908.0,949536519.0,-0.025170032012394015,False,601012,隆基绿能
2024-08-19,270.5,270.5,265.76,265.96,54337660.0,735997544.0,-0.017665275086001284,False,601012,隆基绿能
2024-08-20,267.34,267.93,261.42,262.41,49785582.0,666636336.0,-0.013437755434380787,False,601012,隆基绿能
2024-08-21,261.42,264.58,260.63,260.83,40856629.0,543335694.0,-0.0060393119880495835,False,601012,隆基绿能
2024-08-22,261.42,262.8,253.33,254.12,62854835.0,816112102.0,-0.026062257713491157,False,601012,隆基绿能
2024-08-23,253.73,256.69,252.35,254.52,38021931.0,490883241.0,0.0015728219662589217,False,601012,隆基绿能
2024-08-26,254.91,261.03,254.71,256.29,52978050.0,691398180.0,0.006930197467045536,False,601012,隆基绿能
2024-08-27,256.88,267.54,250.57,261.03,118238712.0,1560061210.0,0.018325727414405586,False,601012,隆基绿能
2024-08-28,256.49,263.0,252.54,259.25,88004042.0,1144573875.0,-0.006842496136405876,False,601012,隆基绿能
2024-08-29,258.46,271.48,257.48,267.54,125203217.0,1681021266.0,0.03147624075780355,False,601012,隆基绿能
2024-08-30,264.78,276.81,263.59,272.47,147359160.0,2024480108.0,0.018259428432198455,False,601012,隆基绿能
2024-09-02,269.51,273.46,260.24,260.24,103147438.0,1386609640.0,-0.045924234134542795,False,601012,隆基绿能
2024-09-03,260.24,268.72,258.46,266.55,83896692.0,1128573716.0,0.02395756110367401,False,601012,隆基绿能
2024-09-04,265.57,274.25,265.17,269.71,96883427.0,1328252740.0,0.011785464424609421,False,601012,隆基绿能
2024-09-05,269.51,277.01,269.51,271.48,91287801.0,1266618014.0,0.006541164142178128,False,601012,隆基绿能
2024-09-06,271.48,271.48,265.96,266.95,45070111.0,611884045.0,-0.016827096889362514,False,601012,隆基绿能
2024-09-09,265.17,268.13,261.42,262.61,56056204.0,750079454.0,-0.016391333071401896,False,601012,隆基绿能
2024-09-10,262.41,263.79,257.08,259.05,57679299.0,759058414.0,-0.013648948613995914,False,601012,隆基绿能
2024-09-11,257.08,265.37,257.08,263.59,74278751.0,986430133.0,0.017373772380884972,False,601012,隆基绿能
2024-09-12,263.0,274.64,262.21,264.97,108466838.0,1483005238.0,0.0052217463889121735,False,601012,隆基绿能
2024-09-13,264.97,267.54,259.25,259.25,52844146.0,702573447.0,-0.02182376492095774,False,601012,隆基绿能
2024-09-18,259.05,260.24,253.92,255.7,55884229.0,724535112.0,-0.013787964812495813,False,601012,隆基绿能
2024-09-19,257.28,266.55,253.53,262.8,84957323.0,1126781661.0,0.027388404313314615,False,601012,隆基绿能
2024-09-20,262.21,262.21,250.77,252.54,133902626.0,1723833529.0,-0.039823634599921276,False,601012,隆基绿能
2024-09-23,251.95,253.92,250.77,251.16,55858362.0,712384070.0,-0.005479465764625596,False,601012,隆基绿能
2024-09-24,256.09,268.33,253.53,268.13,230834270.0,3067870682.0,0.06538175128114854,False,601012,隆基绿能
2024-09-25,272.27,278.19,270.5,271.09,173952523.0,2418916448.0,0.010978931539575259,False,601012,隆基绿能
2024-09-26,269.71,287.47,269.31,287.27,178539557.0,2528859957.0,0.057971671000003354,False,601012,隆基绿能
2024-09-27,292.0,315.68,291.81,314.89,201126291.0,3112951174.0,0.09180083142305523,False,601012,隆基绿能
2024-09-30,333.44,346.46,325.74,346.46,395953400.0,6817840793.0,0.09554400036110372,False,601012,隆基绿能
2024-10-08,381.18,381.18,355.34,380.39,491217898.0,9315052949.0,0.09342967035713103,False,601012,隆基绿能
2024-10-09,366.98,366.98,342.31,342.31,333385539.0,5958697374.0,-0.10548028295886719,False,601012,隆基绿能
2024-10-10,336.0,348.83,327.12,334.42,202509769.0,3468415805.0,-0.02331907121453552,False,601012,隆基绿能
2024-10-11,329.49,331.86,315.48,319.63,160525512.0,2624754416.0,-0.0452336112134983,False,601012,隆基绿能
2024-10-14,322.58,333.83,318.24,330.48,169800138.0,2808827279.0,0.03338206626748443,False,601012,隆基绿能
2024-10-15,325.15,331.27,321.6,321.6,118726288.0,1963020925.0,-0.02723760578369782,False,601012,隆基绿能
2024-10-16,316.67,319.63,311.93,314.3,112272848.0,1794073983.0,-0.022960593501289463,False,601012,隆基绿能
2024-10-17,314.69,317.65,307.59,307.98,108221616.0,1714793397.0,-0.020313098003255096,False,601012,隆基绿能
2024-10-18,306.8,326.33,304.83,324.56,181629574.0,2900552385.0,0.05243557309792498,False,601012,隆基绿能
2024-10-21,327.12,355.14,327.12,345.47,298251162.0,5173065245.0,0.06243538985935753,False,601012,隆基绿能
2024-10-22,341.33,370.53,333.63,362.64,341557297.0,6083088682.0,0.04850479787504451,False,601012,隆基绿能
2024-10-23,362.64,398.94,353.96,386.31,495626116.0,9517227564.0,0.06322954932120829,False,601012,隆基绿能
2024-10-24,388.68,389.27,365.79,366.98,282227937.0,5360615295.0,-0.05133280529699457,False,601012,隆基绿能
2024-10-25,366.98,403.68,366.78,403.68,480935416.0,9636191051.0,0.09531513423594,False,601012,隆基绿能
2024-10-28,411.96,411.96,387.3,396.18,425165388.0,8535400530.0,-0.01875383145821265,False,601012,隆基绿能
2024-10-29,404.46,417.29,378.03,379.6,364336232.0,7241822670.0,-0.04275058669876213,False,601012,隆基绿能
2024-10-30,374.87,391.64,371.91,379.8,206869055.0,3984188417.0,0.0005267316424125866,False,601012,隆基绿能
2024-10-31,390.65,396.57,382.76,389.47,305103822.0,6047425601.0,0.025142042143434802,False,601012,隆基绿能
2024-11-01,387.3,390.65,372.9,375.07,213943923.0,4116409990.0,-0.037674165304597225,False,601012,隆基绿能
2024-11-04,375.07,383.16,373.49,380.0,133270993.0,2554980762.0,0.013058577503408438,False,601012,隆基绿能
2024-11-05,378.82,390.46,374.87,387.3,170740823.0,3326352847.0,0.019028333800275146,False,601012,隆基绿能
2024-11-06,387.3,394.01,376.45,379.01,215069589.0,4193886605.0,-0.021636996562089745,False,601012,隆基绿能
2024-11-07,369.15,378.62,362.83,378.42,204755080.0,3856961665.0,-0.001557900055001921,False,601012,隆基绿能
2024-11-08,379.8,389.67,377.04,379.41,173910153.0,3373517689.0,0.002612724656379914,False,601012,隆基绿能
2024-11-11,376.45,398.15,375.46,394.99,240059554.0,4752825093.0,0.04024303356496401,False,601012,隆基绿能
2024-11-12,395.98,417.68,392.82,396.57,292140868.0,5999069500.0,0.0039921221344592275,False,601012,隆基绿能
2024-11-13,390.65,398.15,388.29,396.18,154407796.0,3070609819.0,-0.0009839168248829883,False,601012,隆基绿能
2024-11-14,400.52,401.31,378.03,378.62,141929945.0,2785287620.0,-0.04533558985277114,False,601012,隆基绿能
2024-11-15,378.62,382.37,365.0,365.4,142101284.0,2694306667.0,-0.03554041963785759,False,601012,隆基绿能
2024-11-18,364.81,370.13,357.31,359.28,108782288.0,1997738213.0,-0.016890615164423733,False,601012,隆基绿能
2024-11-19,361.85,369.54,352.97,367.77,98080366.0,1798205881.0,0.02335571399552989,False,601012,隆基绿能
2024-11-20,367.96,369.15,362.04,366.98,74567709.0,1381754452.0,-0.0021503921182049308,False,601012,隆基绿能
2024-11-21,374.47,377.83,364.02,367.17,96446881.0,1806966949.0,0.0005176054055491511,False,601012,隆基绿能
2024-11-22,365.0,366.39,349.42,350.21,104835783.0,1902125473.0,-0.047291981506929884,False,601012,隆基绿能
2024-11-25,349.22,353.56,346.26,351.39,71174377.0,1263982359.0,0.0033637431944660645,False,601012,隆基绿能
2024-11-26,354.94,365.99,353.17,355.14,93722756.0,1709683460.0,0.010615360180795718,False,601012,隆基绿能
2024-11-27,356.13,362.83,352.57,362.04,75487903.0,1367008140.0,0.019242625028281543,False,601012,隆基绿能
2024-11-28,359.09,370.13,357.9,360.47,68824250.0,1268653008.0,-0.004345967449876235,False,601012,隆基绿能
2024-11-29,361.06,367.77,358.69,365.0,81069399.0,1495120558.0,0.012488618073397684,False,601012,隆基绿能
2024-12-02,358.69,364.02,350.6,363.62,102282432.0,1862712745.0,-0.003787987291364686,False,601012,隆基绿能
2024-12-03,365.99,368.75,360.07,364.61,77452289.0,1426455960.0,0.0027189228949221927,False,601012,隆基绿能
2024-12-04,362.24,365.0,353.17,353.76,84109629.0,1523541153.0,-0.030209572076912924,False,601012,隆基绿能
2024-12-05,350.8,355.14,350.8,353.96,52114950.0,931582332.0,0.0005651952900132384,False,601012,隆基绿能
2024-12-06,354.15,354.35,342.91,352.18,107096301.0,1896650647.0,-0.005041503866517388,False,601012,隆基绿能
2024-12-09,352.38,353.17,346.26,347.84,71200924.0,1260159814.0,-0.012399804599787416,False,601012,隆基绿能
2024-12-10,358.3,359.87,346.46,347.64,93592783.0,1673014321.0,-0.0005751423635852251,False,601012,隆基绿能
2024-12-11,346.26,350.8,345.87,349.02,55553522.0,981421663.0,0.003961765581465695,False,601012,隆基绿能
2024-12-12,346.66,352.57,345.67,350.8,61791364.0,1094649199.0,0.005087033347302936,False,601012,隆基绿能
2024-12-13,349.02,349.02,335.61,335.8,126250329.0,2179286417.0,-0.04370051585458751,False,601012,隆基绿能
2024-12-16,337.19,338.57,330.28,332.65,74362004.0,1255440826.0,-0.00942485845554401,False,601012,隆基绿能
2024-12-17,330.48,332.45,327.52,329.1,66575973.0,1112520077.0,-0.010729230238602162,False,601012,隆基绿能
2024-12-18,331.27,332.06,327.12,328.11,48528898.0,810443880.0,-0.0030127379340501373,False,601012,隆基绿能
2024-12-19,323.57,330.28,320.61,327.91,64976901.0,1073593550.0,-0.0006097375268934467,False,601012,隆基绿能
2024-12-20,328.11,329.29,321.8,322.39,75248402.0,1238069616.0,-0.016977187706653157,False,601012,隆基绿能
2024-12-23,321.8,327.52,319.63,320.41,82953216.0,1356910143.0,-0.006160567088278891,False,601012,隆基绿能
2024-12-24,320.02,327.32,319.63,323.37,80271169.0,1319262920.0,0.00919575276822808,False,601012,隆基绿能
2024-12-25,328.5,329.29,321.8,322.78,55585923.0,914200229.0,-0.0018262018539704575,False,601012,隆基绿能
2024-12-26,323.97,323.97,318.24,319.43,58244075.0,945650138.0,-0.010432819126086281,False,601012,隆基绿能
2024-12-27,320.22,321.99,316.67,318.64,61083079.0,990279529.0,-0.00247621860820133,False,601012,隆基绿能
2024-12-30,319.03,321.01,316.07,320.41,57291361.0,925326617.0,0.005539486820029973,False,601012,隆基绿能
2024-12-31,319.63,323.57,309.76,309.96,87113389.0,1390268494.0,-0.03315816879766937,False,601012,隆基绿能
2025-01-02,309.76,311.73,301.87,304.43,82825307.0,1287616503.0,-0.018002081230888978,False,601012,隆基绿能
2025-01-03,304.43,307.0,295.36,295.95,72200723.0,1101114343.0,-0.028250654528126407,False,601012,隆基绿能
2025-01-06,295.95,301.47,294.17,299.3,64829229.0,979232009.0,0.011255893721919256,False,601012,隆基绿能
2025-01-07,296.94,301.28,296.34,300.68,46637103.0,707882488.0,0.0046001614506149015,False,601012,隆基绿能
2025-01-08,300.68,301.47,292.2,297.73,60062092.0,903552090.0,-0.009859540774898198,False,601012,隆基绿能
2025-01-09,295.95,299.3,294.57,295.55,50701098.0,761659148.0,-0.007349008263991391,False,601012,隆基绿能
2025-01-10,294.96,295.95,285.3,285.3,63916311.0,938941440.0,-0.03529676905092422,False,601012,隆基绿能
2025-01-13,283.13,290.43,281.94,288.65,53287864.0,776602990.0,0.011673623287488052,False,601012,隆基绿能
2025-01-14,290.03,298.91,288.06,298.12,67300762.0,1004866708.0,0.0322812085065505,False,601012,隆基绿能
2025-01-15,297.13,310.75,293.58,301.08,110917934.0,1697709224.0,0.00987992015283802,False,601012,隆基绿能
2025-01-16,299.9,307.79,299.3,303.84,72388466.0,1112620997.0,0.009125236897644398,False,601012,隆基绿能
2025-01-17,299.7,308.38,297.73,299.11,74709947.0,1139120440.0,-0.015689848352728755,False,601012,隆基绿能
2025-01-20,300.29,302.85,298.51,298.71,50221355.0,764214989.0,-0.0013381956431443853,False,601012,隆基绿能
2025-01-21,299.9,300.68,290.43,292.0,66324390.0,986145005.0,-0.02271940079982081,False,601012,隆基绿能
2025-01-22,291.02,291.21,284.9,288.25,54116013.0,788366302.0,-0.012925643119113308,False,601012,隆基绿能
2025-01-23,289.64,294.77,286.48,286.68,68503277.0,1008420686.0,-0.005461548023449924,False,601012,隆基绿能
2025-01-24,286.08,296.74,285.3,295.16,87251250.0,1292681977.0,0.029150971064447518,False,601012,隆基绿能
2025-01-27,295.16,301.67,292.0,293.98,63660381.0,954286489.0,-0.0040058443763242605,False,601012,隆基绿能
2025-02-05,296.15,301.47,293.19,297.53,64403335.0,969896083.0,0.012003322423932138,False,601012,隆基绿能
2025-02-06,296.15,304.63,292.2,304.43,82076989.0,1250605841.0,0.02292611542708646,False,601012,隆基绿能
2025-02-07,304.63,326.53,303.84,320.22,198533145.0,3195290593.0,0.050567083909048155,False,601012,隆基绿能
2025-02-10,321.6,321.6,311.34,316.27,121138517.0,1929731046.0,-0.012411980425093786,False,601012,隆基绿能
2025-02-11,317.26,318.44,307.39,309.37,98180582.0,1543449901.0,-0.022058307572621994,False,601012,隆基绿能
2025-02-12,309.76,312.72,307.0,312.72,80259537.0,1260615368.0,0.010770249908506536,False,601012,隆基绿能
2025-02-13,311.73,313.9,309.76,310.16,70244018.0,1110070261.0,-0.008219928122025736,False,601012,隆基绿能
2025-02-14,309.96,316.07,309.37,311.93,63170778.0,1001485234.0,0.005690510300209726,False,601012,隆基绿能
2025-02-17,309.96,318.84,309.96,316.47,101910124.0,1629038807.0,0.014449646698943592,False,601012,隆基绿能
2025-02-18,316.86,322.78,311.54,312.33,114096394.0,1838039504.0,-0.013168129207056052,False,601012,隆基绿能
2025-02-19,309.76,328.7,309.37,322.58,147753489.0,2401647540.0,0.03229084633426517,False,601012,隆基绿能
2025-02-20,322.39,322.39,315.09,316.47,87543674.0,1407786861.0,-0.019122717127209317,False,601012,隆基绿能
2025-02-21,317.46,320.61,314.89,318.64,74850146.0,1206176997.0,0.00683348851156162,False,601012,隆基绿能
2025-02-24,318.64,324.95,316.67,322.78,97591238.0,1590802955.0,0.012909037734287629,False,601012,隆基绿能
2025-02-25,320.22,329.49,318.84,324.56,128376030.0,2115512292.0,0.005499442290515472,False,601012,隆基绿能
2025-02-26,328.11,345.08,326.73,343.89,250774618.0,4279579459.0,0.05785141989683612,False,601012,隆基绿能
2025-02-27,345.08,345.27,332.25,337.38,150262991.0,2568978065.0,-0.01911194726286259,False,601012,隆基绿能
2025-02-28,337.38,341.33,328.31,329.69,112993068.0,1915809517.0,-0.023057072518041084,False,601012,隆基绿能
2025-03-03,329.49,341.33,329.49,335.61,128477102.0,2196117440.0,0.017796952512824465,False,601012,隆基绿能
2025-03-04,334.42,345.08,331.46,343.89,141920605.0,2454627943.0,0.02437206726807911,False,601012,隆基绿能
2025-03-05,342.71,342.71,333.04,336.59,103316987.0,1761565352.0,-0.02145626633287738,False,601012,隆基绿能
2025-03-06,338.76,340.54,333.63,337.97,92256510.0,1577909152.0,0.004091561685247697,False,601012,隆基绿能
2025-03-07,337.97,346.26,332.45,342.31,148750692.0,2563603535.0,0.012759625101660252,False,601012,隆基绿能
2025-03-10,343.5,346.26,336.79,339.75,89986800.0,1554372682.0,-0.007506706217805453,False,601012,隆基绿能
2025-03-11,335.41,341.92,331.46,341.92,85021431.0,1452929871.0,0.006366738539584382,False,601012,隆基绿能
2025-03-12,341.33,343.1,335.41,336.0,65633035.0,1124377462.0,-0.01746563160763329,False,601012,隆基绿能
2025-03-13,337.38,337.97,329.89,331.66,61605074.0,1039732835.0,-0.013000812177251434,False,601012,隆基绿能
2025-03-14,333.24,348.23,332.06,345.67,188600350.0,3280948686.0,0.041374214930512486,False,601012,隆基绿能
2025-03-17,349.22,354.94,346.26,348.63,105926981.0,1878658779.0,0.008526625186426814,False,601012,隆基绿能
2025-03-18,348.63,354.55,347.84,353.17,87154831.0,1551810019.0,0.012938339507156836,False,601012,隆基绿能
2025-03-19,352.38,352.38,346.85,348.43,67185740.0,1188455117.0,-0.013512178216846697,False,601012,隆基绿能
2025-03-20,347.25,349.02,342.71,343.89,64635649.0,1131237530.0,-0.013115510398174369,False,601012,隆基绿能
2025-03-21,344.29,345.87,336.4,336.59,80968476.0,1394690756.0,-0.02145626633287738,False,601012,隆基绿能
2025-03-24,336.99,339.95,332.45,336.4,67638630.0,1151645829.0,-0.0005646443633575973,False,601012,隆基绿能
2025-03-25,337.38,344.68,335.21,338.76,66999979.0,1155843974.0,0.006990963954605297,False,601012,隆基绿能
2025-03-26,337.38,348.23,336.0,342.51,77109605.0,1342127283.0,0.011008962302947293,False,601012,隆基绿能
2025-03-27,340.74,341.92,335.61,336.2,58344355.0,998057210.0,-0.01859463338183024,False,601012,隆基绿能
2025-03-28,335.61,340.34,332.65,332.84,48176585.0,818938803.0,-0.010044326942286127,False,601012,隆基绿能
2025-03-31,331.86,332.06,311.73,312.72,137934424.0,2227587397.0,-0.06235367254752964,False,601012,隆基绿能
2025-04-01,312.72,319.82,309.96,316.47,66493317.0,1063764206.0,0.01192022887712768,False,601012,隆基绿能
2025-04-02,315.48,318.24,314.1,314.89,44738069.0,716440082.0,-0.005005078872136047,False,601012,隆基绿能
2025-04-03,308.77,317.46,307.0,310.94,51242757.0,811316063.0,-0.012623403968096443,False,601012,隆基绿能
2025-04-07,295.95,295.95,279.77,279.77,153699632.0,2208421130.0,-0.10563213048108817,False,601012,隆基绿能
2025-04-08,283.91,289.04,281.15,286.48,120651323.0,1736527369.0,0.0237008886496709,False,601012,隆基绿能
2025-04-09,282.93,290.23,276.42,290.23,100811229.0,1453952422.0,0.013004986398270472,False,601012,隆基绿能
2025-04-10,301.67,302.46,294.17,296.54,82702234.0,1243323650.0,0.021508404501432415,False,601012,隆基绿能
2025-04-11,295.55,295.55,290.62,292.0,79030264.0,1172564272.0,-0.015428314321598366,False,601012,隆基绿能
2025-04-14,294.77,298.91,293.98,293.98,66135437.0,991448454.0,0.006757935545559904,False,601012,隆基绿能
2025-04-15,293.78,294.17,289.24,290.62,48122381.0,709303445.0,-0.011495165921291867,False,601012,隆基绿能
2025-04-16,291.02,295.55,284.11,295.55,69318313.0,1008031182.0,0.016821455377828642,False,601012,隆基绿能
2025-04-17,292.0,296.34,290.23,295.36,54062151.0,804286565.0,-0.0006430759558911763,False,601012,隆基绿能
2025-04-18,293.58,294.96,291.41,292.99,32496418.0,482603371.0,-0.00805647257268402,False,601012,隆基绿能
2025-04-21,292.0,294.37,290.43,293.38,33240350.0,493156315.0,0.001330218317813281,False,601012,隆基绿能
2025-04-22,293.19,294.57,289.24,292.0,39106385.0,578932672.0,-0.004714894791334949,False,601012,隆基绿能
2025-04-23,292.99,297.33,292.4,293.98,51057120.0,762252905.0,0.006757935545559904,False,601012,隆基绿能
2025-04-24,294.37,298.51,290.23,290.23,55009842.0,818367524.0,-0.012838025725393883,False,601012,隆基绿能
2025-04-25,290.23,295.55,289.24,293.78,49858241.0,738475260.0,0.012157475814820976,False,601012,隆基绿能
2025-04-28,293.78,300.88,292.6,294.96,70294672.0,1056992522.0,0.004008566022620381,False,601012,隆基绿能
2025-04-29,294.96,298.12,292.6,293.19,37879393.0,566080849.0,-0.0060188909070349825,False,601012,隆基绿能
2025-04-30,290.03,296.74,288.25,290.03,68110306.0,1008039346.0,-0.01083649711287629,False,601012,隆基绿能
2025-05-06,292.4,298.71,291.02,296.54,84579146.0,1269076687.0,0.022197750683902343,False,601012,隆基绿能
2025-05-07,302.66,303.25,295.16,297.92,61118931.0,921366124.0,0.004642877498822112,False,601012,隆基绿能
2025-05-08,296.15,302.85,295.55,301.28,66488295.0,1013941618.0,0.011215070820139785,False,601012,隆基绿能
2025-05-09,301.47,301.47,294.37,294.37,53092116.0,797244309.0,-0.0232025854204133,False,601012,隆基绿能
2025-05-12,297.73,303.64,297.53,303.64,99346258.0,1517265367.0,0.031005309660138446,False,601012,隆基绿能
2025-05-13,308.58,318.24,306.41,308.38,155788623.0,2465768378.0,0.015489999594639165,False,601012,隆基绿能
2025-05-14,305.62,308.77,302.07,306.41,76118090.0,1176080371.0,-0.00640871433363005,False,601012,隆基绿能
2025-05-15,305.62,305.62,297.73,297.73,66450676.0,1010161820.0,-0.028737038875206605,False,601012,隆基绿能
2025-05-16,297.53,299.5,296.94,298.91,43780807.0,661757848.0,0.003955489201235563,False,601012,隆基绿能
2025-05-19,297.92,298.51,294.17,297.73,36278046.0,545336701.0,-0.003955489201235537,False,601012,隆基绿能
2025-05-20,297.92,298.32,295.36,298.12,30116891.0,453421117.0,0.001309054479123172,False,601012,隆基绿能
2025-05-21,298.32,300.49,296.94,298.51,40698816.0,617024153.0,0.0013073430955440179,False,601012,隆基绿能
2025-05-22,297.53,298.32,295.36,296.15,30219036.0,454481130.0,-0.007937350386063115,False,601012,隆基绿能
2025-05-23,295.95,300.29,294.37,294.37,45995597.0,692593713.0,-0.006028603234545217,False,601012,隆基绿能
2025-05-26,294.57,298.91,293.98,295.75,36720120.0,550921118.0,0.00467702337006718,False,601012,隆基绿能
2025-05-27,294.17,295.55,283.72,284.9,112400532.0,1633303771.0,-0.03737626135463358,False,601012,隆基绿能
2025-05-28,285.3,285.89,282.34,283.13,38955608.0,560052880.0,-0.006232085378350762,False,601012,隆基绿能
2025-05-29,283.13,286.87,282.34,286.68,43385098.0,626880166.0,0.012460455000206712,False,601012,隆基绿能
2025-05-30,285.89,286.68,283.52,283.72,50510967.0,728441639.0,-0.010378774791832407,False,601012,隆基绿能
2025-06-03,282.53,284.51,280.95,283.13,32764258.0,469992048.0,-0.002081680208374254,False,601012,隆基绿能
2025-06-04,284.11,287.07,283.91,285.69,38805343.0,561672358.0,0.009001150748552431,False,601012,隆基绿能
2025-06-05,285.69,286.87,284.11,286.08,30876307.0,446328806.0,0.0013641851110849125,False,601012,隆基绿能
2025-06-06,286.28,286.87,284.31,285.49,35512024.0,513919733.0,-0.002064489772220761,False,601012,隆基绿能
2025-06-09,281.35,287.47,277.6,285.69,83383371.0,1197979083.0,0.0007003046611357576,False,601012,隆基绿能
2025-06-10,284.7,288.85,281.55,282.14,68546562.0,989361101.0,-0.012503905227708128,False,601012,隆基绿能
2025-06-11,282.53,290.43,282.53,290.43,97979745.0,1435315923.0,0.028959181753733625,False,601012,隆基绿能
2025-06-12,288.25,291.81,287.66,290.82,51390170.0,756075947.0,0.0013419356852498437,False,601012,隆基绿能
2025-06-13,289.64,290.43,283.72,284.51,60291819.0,874908405.0,-0.02193611675179343,False,601012,隆基绿能
2025-06-16,284.7,289.83,284.31,288.85,51363319.0,748669103.0,0.015139119893728396,False,601012,隆基绿能
2025-06-17,289.04,289.64,285.69,287.66,34222684.0,497606694.0,-0.004128295051531396,False,601012,隆基绿能
2025-06-18,286.87,289.64,285.89,287.86,36100991.0,526557421.0,0.0006950236587814902,False,601012,隆基绿能
2025-06-19,286.68,290.43,282.53,282.73,52158994.0,756133678.0,-0.017981872203889825,False,601012,隆基绿能
2025-06-20,285.1,291.81,280.17,280.95,83756030.0,1212495276.0,-0.006315661072427687,False,601012,隆基绿能
2025-06-23,279.18,284.7,277.8,281.94,50439486.0,717926979.0,0.0035175647845720748,False,601012,隆基绿能
2025-06-24,281.94,286.68,281.94,286.28,69402562.0,1002883775.0,0.015276070527617367,False,601012,隆基绿能
2025-06-25,287.07,289.24,283.32,288.85,77500707.0,1125039221.0,0.008937169356877954,False,601012,隆基绿能
2025-06-26,287.86,291.81,285.49,285.49,64464156.0,942710353.0,-0.011700520014346013,False,601012,隆基绿能
2025-06-27,285.69,293.58,285.69,287.47,72478796.0,1063024012.0,0.006911504753776647,False,601012,隆基绿能
2025-06-30,292.2,299.9,292.2,296.34,108319500.0,1621976530.0,0.030388936813883306,False,601012,隆基绿能
2025-07-01,294.57,294.96,291.02,293.19,63491858.0,942363553.0,-0.010686580761734347,False,601012,隆基绿能
2025-07-02,295.16,307.98,294.57,307.0,209882275.0,3215872899.0,0.04602688456834307,False,601012,隆基绿能
2025-07-03,307.0,309.17,302.46,306.6,109059164.0,1687486007.0,-0.001303781149483381,False,601012,隆基绿能
2025-07-04,311.73,314.69,305.81,307.2,129398270.0,2028999626.0,0.001955034835803295,False,601012,隆基绿能
2025-07-07,304.83,308.58,304.04,305.22,51664448.0,800112618.0,-0.00646617321078836,False,601012,隆基绿能
2025-07-08,304.04,325.54,303.84,324.95,222980267.0,3603593421.0,0.06263849627762921,False,601012,隆基绿能
2025-07-09,322.58,330.48,321.01,322.98,148994088.0,2462427050.0,-0.006080922539436874,False,601012,隆基绿能
2025-07-10,321.6,331.86,321.6,324.76,165854856.0,2752068610.0,0.005496046193324762,False,601012,隆基绿能
2025-07-11,326.14,326.73,320.41,320.61,117601029.0,1919925271.0,-0.012861016789330578,False,601012,隆基绿能
2025-07-14,319.63,323.18,317.06,318.84,89263490.0,1444926449.0,-0.005536021645192668,False,601012,隆基绿能
2025-07-15,318.64,320.81,313.11,316.07,93218572.0,1493745062.0,-0.008725701517176662,False,601012,隆基绿能
2025-07-16,316.07,317.06,310.75,313.9,84228181.0,1336311192.0,-0.006889244194637969,False,601012,隆基绿能
2025-07-17,319.23,322.78,314.89,319.82,120886920.0,1953775775.0,0.01868387368338811,False,601012,隆基绿能
2025-07-18,317.65,323.57,315.68,317.06,80595606.0,1301639696.0,-0.008667307116214197,False,601012,隆基绿能
2025-07-21,317.65,322.78,316.47,321.8,80640345.0,1309532199.0,0.014839204143201145,False,601012,隆基绿能
2025-07-22,321.2,328.5,319.23,326.93,122046160.0,2007611624.0,0.015815846145012878,False,601012,隆基绿能
2025-07-23,328.7,329.89,322.39,322.78,104135028.0,1720972204.0,-0.012775104095619489,False,601012,隆基绿能
2025-07-24,321.01,333.04,320.61,333.04,124333839.0,2069868451.0,0.031291626279043805,False,601012,隆基绿能
2025-07-25,333.04,333.04,324.95,325.94,91042684.0,1513165941.0,-0.02154928753887734,False,601012,隆基绿能
2025-07-28,323.57,327.32,320.61,323.77,75549999.0,1239477502.0,-0.0066799281803814736,False,601012,隆基绿能
2025-07-29,323.77,326.73,320.81,326.73,78420198.0,1288865023.0,0.009100754588243573,False,601012,隆基绿能
2025-07-30,326.93,329.89,321.8,323.18,85300086.0,1409445113.0,-0.010924698211602983,False,601012,隆基绿能
2025-07-31,320.81,321.6,309.37,310.94,128435942.0,2045926013.0,-0.03860947602250708,False,601012,隆基绿能
2025-08-01,311.14,319.03,311.14,314.1,73006498.0,1166848956.0,0.010111439023006265,False,601012,隆基绿能
2025-08-04,311.34,313.11,307.59,311.34,66055488.0,1036215323.0,-0.008825843936897719,False,601012,隆基绿能
2025-08-05,311.14,314.1,309.56,314.1,55017401.0,869796099.0,0.008825843936897742,False,601012,隆基绿能
2025-08-06,312.92,316.07,311.34,314.5,43235357.0,687706352.0,0.001272669595894252,False,601012,隆基绿能
2025-08-07,315.68,317.46,311.14,312.52,47971614.0,762028498.0,-0.0063156090119517025,False,601012,隆基绿能
2025-08-08,312.52,316.27,310.94,312.13,61465129.0,976494489.0,-0.0012486994338449765,False,601012,隆基绿能
2025-08-11,312.92,317.65,311.73,315.88,69100117.0,1103728328.0,0.011942626934681717,False,601012,隆基绿能
2025-08-12,315.68,315.88,310.75,312.52,68997798.0,1091781724.0,-0.01069392750083665,False,601012,隆基绿能
2025-08-13,312.72,314.69,310.94,312.33,73335522.0,1161049476.0,-0.0006081459737723506,False,601012,隆基绿能
2025-08-14,312.33,312.92,306.21,307.0,87492570.0,1374152542.0,-0.01721257356757397,False,601012,隆基绿能
2025-08-15,306.21,319.23,305.81,318.84,155680825.0,2488498436.0,0.03784166197252515,False,601012,隆基绿能
2025-08-18,321.6,327.52,320.02,321.8,157541848.0,2587967729.0,0.009240824998560552,False,601012,隆基绿能
2025-08-19,322.98,324.56,314.89,315.09,125239882.0,2023846783.0,-0.02107192225548928,False,601012,隆基绿能
2025-08-20,319.82,323.57,313.31,319.63,139107645.0,2244340968.0,0.014305764518231089,False,601012,隆基绿能
2025-08-21,318.24,324.95,317.46,319.63,102652532.0,1669520799.0,0.0,False,601012,隆基绿能
2025-08-22,319.63,327.12,318.05,325.94,135135078.0,2220132731.0,0.019549238526818013,False,601012,隆基绿能
2025-08-25,325.94,335.01,325.35,330.87,186489890.0,3121220247.0,0.015012233638322455,False,601012,隆基绿能
2025-08-26,331.27,336.2,327.12,332.45,138440095.0,2339696846.0,0.004763923862298621,False,601012,隆基绿能
2025-08-27,332.65,342.12,326.53,326.53,152330048.0,2580395397.0,-0.017967644738930085,False,601012,隆基绿能
2025-08-28,325.74,336.2,323.77,333.24,160517844.0,2692371996.0,0.02034112299717475,False,601012,隆基绿能
2025-08-29,334.03,341.33,331.27,338.76,177731547.0,3040019681.0,0.016428940946689636,False,601012,隆基绿能
2025-09-01,338.17,338.17,331.46,336.99,141622645.0,2399715327.0,-0.005238635731810609,False,601012,隆基绿能
2025-09-02,336.99,344.68,327.91,330.28,167230605.0,2840008508.0,-0.020112476772359916,False,601012,隆基绿能
2025-09-03,331.66,341.13,330.67,338.96,259791261.0,4450596885.0,0.025941326769076078,False,601012,隆基绿能
2025-09-04,338.76,357.11,337.58,343.3,338670513.0,5975921430.0,0.012722594145342702,False,601012,隆基绿能
2025-09-05,344.88,359.09,341.33,357.11,338285539.0,6071716055.0,0.03943915710507294,False,601012,隆基绿能
2025-09-08,362.83,364.02,352.18,354.94,217614487.0,3922496632.0,-0.006095096462300479,False,601012,隆基绿能
2025-09-09,351.39,356.13,345.87,347.44,146856909.0,2603150424.0,-0.021356772879852357,False,601012,隆基绿能
2025-09-10,345.27,346.85,335.41,339.36,153766867.0,2648424099.0,-0.023530497410194046,False,601012,隆基绿能
2025-09-11,338.17,342.51,335.61,340.93,109961425.0,1891692039.0,0.004615686802235051,False,601012,隆基绿能
2025-09-12,341.13,342.51,335.01,337.78,109656683.0,1881430322.0,-0.009282381628832109,False,601012,隆基绿能
2025-09-15,337.97,345.27,337.38,338.57,106744870.0,1843544711.0,0.002336069665903976,False,601012,隆基绿能
2025-09-16,341.13,345.27,332.45,336.4,119800928.0,2045195615.0,-0.006429937556886237,False,601012,隆基绿能
2025-09-17,335.41,344.68,331.86,341.33,132376823.0,2279274111.0,0.014548823159866388,False,601012,隆基绿能
2025-09-18,341.53,343.3,328.31,331.86,153904661.0,2622599869.0,-0.028136558024017596,False,601012,隆基绿能
2025-09-19,331.86,337.58,331.07,333.44,110138554.0,1869844831.0,0.004749745890305668,False,601012,隆基绿能
2025-09-22,333.44,333.63,324.16,327.52,106842351.0,1771746495.0,-0.017913817211968,False,601012,隆基绿能
2025-09-23,326.53,329.49,317.06,321.4,103434227.0,1687496776.0,-0.018862668609567236,False,601012,隆基绿能
2025-09-24,321.2,343.3,319.23,343.3,180419126.0,3038409287.0,0.06591824716023419,False,601012,隆基绿能
2025-09-25,342.91,356.13,339.95,350.4,226022677.0,4013782259.0,0.020470658598589937,False,601012,隆基绿能
2025-09-26,348.23,351.79,344.88,345.27,96418760.0,1698219493.0,-0.014748639413726982,False,601012,隆基绿能
2025-09-29,344.88,349.22,343.1,346.85,117091910.0,2053870973.0,0.004565690182801011,False,601012,隆基绿能
2025-09-30,347.05,356.13,344.49,355.14,169237697.0,3014925216.0,0.02361966809937835,False,601012,隆基绿能
2025-10-09,356.13,377.04,352.57,372.5,275340655.0,5131257215.0,0.047724959888925625,False,601012,隆基绿能
2025-10-10,374.28,379.21,360.27,363.03,188872474.0,3528008334.0,-0.02575156234154349,False,601012,隆基绿能
2025-10-13,348.23,360.86,347.84,357.7,157447206.0,2824417781.0,-0.014790829213098731,False,601012,隆基绿能
2025-10-14,363.03,393.42,363.03,380.39,556940097.0,10927964906.0,0.06150239594295382,False,601012,隆基绿能
2025-10-15,380.2,399.33,371.71,389.07,461251232.0,9042907864.0,0.022562233807833912,False,601012,隆基绿能
2025-10-16,387.69,401.5,384.93,399.53,356063887.0,7120042855.0,0.026529580238500428,False,601012,隆基绿能
2025-10-17,396.38,409.2,385.13,388.68,339417902.0,6805387264.0,-0.02753247328302187,False,601012,隆基绿能
2025-10-20,387.69,388.09,373.29,376.05,218274742.0,4185835833.0,-0.03303426969882616,False,601012,隆基绿能
2025-10-21,376.45,380.0,373.49,375.07,140583302.0,2680751281.0,-0.0026094380553890327,False,601012,隆基绿能
2025-10-22,378.22,382.56,369.34,370.33,137123602.0,2597092644.0,-0.012718175186101108,False,601012,隆基绿能
2025-10-23,367.96,377.04,362.64,375.66,174756453.0,3274446752.0,0.014289978954352184,False,601012,隆基绿能
2025-10-24,375.86,384.34,368.75,371.71,142630836.0,2710507388.0,-0.01057049862722421,False,601012,隆基绿能
2025-10-27,374.87,382.37,372.3,376.05,164710636.0,3152114268.0,0.011608132914362124,False,601012,隆基绿能
2025-10-28,378.62,379.21,370.13,372.9,116418558.0,2207676661.0,-0.008411826087637108,False,601012,隆基绿能
2025-10-29,372.9,410.19,371.12,410.19,390006627.0,7852274544.0,0.09531017980432493,False,601012,隆基绿能
2025-10-30,414.53,436.82,414.33,424.39,492543812.0,10673662671.0,0.034032376796403786,False,601012,隆基绿能
2025-10-31,422.42,438.79,414.33,416.5,319061395.0,6863229668.0,-0.018766382178606385,False,601012,隆基绿能
2025-11-03,421.63,431.69,418.28,429.32,289819163.0,6249206921.0,0.030316100006426323,False,601012,隆基绿能
2025-11-04,429.72,432.68,417.88,421.23,195737981.0,4212139097.0,-0.01902355881866301,False,601012,隆基绿能
2025-11-05,414.53,444.32,409.0,431.1,330328825.0,7153463684.0,0.02316107895842828,False,601012,隆基绿能
2025-11-06,431.1,437.22,422.62,429.52,221645802.0,4818581107.0,-0.0036717756387749764,False,601012,隆基绿能
2025-11-07,426.96,459.71,426.96,442.54,422335016.0,9584105295.0,0.029862549728470994,False,601012,隆基绿能
2025-11-10,451.42,465.04,445.9,449.84,403103509.0,9280405739.0,0.016361108141161082,False,601012,隆基绿能
2025-11-11,449.84,455.56,442.15,442.74,280837054.0,6387793972.0,-0.015909273685615864,False,601012,隆基绿能
2025-11-12,439.98,439.98,398.94,410.19,522345318.0,10945020730.0,-0.07636222330923027,False,601012,隆基绿能
2025-11-13,410.38,426.96,408.21,420.25,321939600.0,6821922566.0,0.02422930529962507,False,601012,隆基绿能
2025-11-14,414.33,455.96,410.38,431.69,404831662.0,8888797854.0,0.026857965769989774,False,601012,隆基绿能
2025-11-17,434.06,436.03,419.46,427.94,231245721.0,4997065752.0,-0.00872473921990994,False,601012,隆基绿能
2025-11-18,424.98,431.69,414.53,417.29,173462373.0,3693621417.0,-0.025201575103794404,False,601012,隆基绿能
2025-11-19,417.29,423.01,407.23,418.28,196251424.0,4120662266.0,0.0023696409953774425,False,601012,隆基绿能
2025-11-20,418.28,420.25,394.6,396.57,233883865.0,4822149607.0,-0.05329849447097002,False,601012,隆基绿能
2025-11-21,388.68,392.63,371.12,371.71,287123974.0,5515259064.0,-0.06473858990136805,False,601012,隆基绿能
2025-11-24,375.26,376.65,365.2,370.13,161506415.0,3026319105.0,-0.004259685077860412,False,601012,隆基绿能
2025-11-25,373.09,379.41,370.92,374.47,137779698.0,2619061640.0,0.011657397659284219,False,601012,隆基绿能
2025-11-26,377.24,378.82,368.95,371.12,147489566.0,2791746110.0,-0.008986232495985416,False,601012,隆基绿能
2025-11-27,370.13,376.25,365.4,366.58,157044053.0,2953523047.0,-0.012308681899786473,False,601012,隆基绿能
2025-11-28,364.81,369.34,362.04,366.39,125989153.0,2337017110.0,-0.0005184386925949366,False,601012,隆基绿能
2025-12-01,368.95,371.91,365.0,369.94,127434712.0,2380406032.0,0.0096424904752962,False,601012,隆基绿能
2025-12-02,367.96,368.16,360.07,361.26,126276537.0,2319595364.0,-0.02374290962199145,False,601012,隆基绿能
2025-12-03,361.06,361.85,354.74,355.53,112054210.0,2028587487.0,-0.015988286835944575,False,601012,隆基绿能
2025-12-04,352.57,355.73,351.19,353.36,86869694.0,1555532232.0,-0.006122266580195842,False,601012,隆基绿能
2025-12-05,353.56,356.52,351.39,355.53,102873797.0,1849427406.0,0.006122266580195748,False,601012,隆基绿能
2025-12-08,354.94,358.49,353.17,356.72,108315049.0,1956004320.0,0.00334152645075436,False,601012,隆基绿能
2025-12-09,356.32,360.27,353.17,359.09,150069026.0,2715269483.0,0.006621893128801389,False,601012,隆基绿能
2025-12-10,360.86,365.79,351.19,359.09,171883421.0,3112585783.0,0.0,False,601012,隆基绿能
2025-12-11,358.3,360.27,352.38,352.77,100935567.0,1822141144.0,-0.017756766944588602,False,601012,隆基绿能
2025-12-12,354.15,360.07,352.38,358.89,129753760.0,2349187324.0,0.017199648347488432,False,601012,隆基绿能
2025-12-15,358.1,362.44,354.35,355.14,120415202.0,2188971476.0,-0.010503856920233796,False,601012,隆基绿能
2025-12-16,354.94,354.94,341.33,344.49,133384102.0,2338261249.0,-0.03044701547448101,False,601012,隆基绿能
2025-12-17,345.08,351.59,344.09,350.8,91202372.0,1607351227.0,0.018151198041820405,False,601012,隆基绿能
2025-12-18,349.22,353.17,347.44,349.22,69934436.0,1243572701.0,-0.004514164404046501,False,601012,隆基绿能
2025-12-19,349.42,363.23,349.42,356.72,138915627.0,2517253951.0,0.0212490642252398,False,601012,隆基绿能
2025-12-22,356.92,360.66,356.92,357.31,90095066.0,1635920071.0,0.0016525920039133096,False,601012,隆基绿能
2025-12-23,357.51,358.69,353.56,355.53,85374901.0,1540542116.0,-0.004994118454667737,False,601012,隆基绿能
2025-12-24,353.96,359.68,350.6,357.7,87031250.0,1570606116.0,0.006085012396505253,False,601012,隆基绿能
2025-12-25,355.93,361.26,354.15,360.47,95561755.0,1734543765.0,0.007714089244121857,False,601012,隆基绿能
2025-12-26,371.71,381.38,368.95,375.26,275273234.0,5236282801.0,0.04021038355013461,False,601012,隆基绿能
2025-12-29,375.46,378.42,367.17,368.95,152993339.0,2885659169.0,-0.016957985554852867,False,601012,隆基绿能
2025-12-30,365.99,369.94,363.03,363.82,98250988.0,1817628693.0,-0.014001893670305592,False,601012,隆基绿能
2025-12-31,363.43,365.79,358.49,359.09,102076729.0,1868825732.0,-0.013086186386047378,False,601012,隆基绿能
2026-01-05,363.62,365.0,359.68,364.81,106353240.0,1958453795.0,0.015803616657145778,False,601012,隆基绿能
2026-01-06,364.81,372.5,364.02,371.52,147992462.0,2771718349.0,0.018226028404358136,False,601012,隆基绿能
2026-01-07,371.52,371.91,366.19,367.96,147104468.0,2746859052.0,-0.009628461900570135,False,601012,隆基绿能
2026-01-08,365.6,373.49,362.83,370.33,153637712.0,2873301340.0,0.006420263421965402,False,601012,隆基绿能
2026-01-09,367.17,370.33,360.66,362.83,229018741.0,4231356213.0,-0.02046009502115445,False,601012,隆基绿能
2026-01-12,357.11,383.75,355.53,379.41,364382289.0,6919241186.0,0.04468300955022724,False,601012,隆基绿能
2026-01-13,379.41,379.41,363.43,365.0,278558180.0,5201821676.0,-0.038720060977503266,False,601012,隆基绿能
2026-01-14,363.62,376.25,362.44,366.78,255312684.0,4786478140.0,0.00486485968619737,False,601012,隆基绿能
2026-01-15,365.0,374.67,363.03,365.0,160109424.0,2981575224.0,-0.004864859686197418,False,601012,隆基绿能
2026-01-16,367.17,373.88,364.41,369.54,194850570.0,3645110363.0,0.01236163534451554,False,601012,隆基绿能
2026-01-19,363.03,366.78,351.19,361.45,228742554.0,4184561250.0,-0.02213526948070081,False,601012,隆基绿能
2026-01-20,359.68,362.83,341.33,342.91,316555022.0,5578437512.0,-0.05265569738137498,False,601012,隆基绿能
2026-01-21,341.53,344.68,337.38,339.75,153578284.0,2658057827.0,-0.009257969033677984,False,601012,隆基绿能
2026-01-22,339.36,353.76,338.37,347.05,191560397.0,3360706958.0,0.021258808754339605,False,601012,隆基绿能
2026-01-23,347.44,381.77,347.44,381.77,498597065.0,9394050972.0,0.09534947124861783,False,601012,隆基绿能
2026-01-26,391.25,395.59,374.47,376.65,536787523.0,10439391593.0,-0.013501958762506878,False,601012,隆基绿能
2026-01-27,370.92,382.56,362.24,378.82,386428304.0,7306070379.0,0.0057447839568917965,False,601012,隆基绿能
2026-01-28,378.03,383.55,370.92,371.32,258433969.0,4916577972.0,-0.01999693369686375,False,601012,隆基绿能
2026-01-29,368.56,380.79,366.98,370.33,275455171.0,5210968053.0,-0.0026697245008098676,False,601012,隆基绿能
2026-01-30,366.58,371.32,349.42,352.77,291651273.0,5264912030.0,-0.048578213527487826,False,601012,隆基绿能
2026-02-02,358.3,360.07,347.44,348.04,171096790.0,3067558742.0,-0.01349887080561026,False,601012,隆基绿能
2026-02-03,351.79,366.58,351.79,366.39,283126265.0,5170147381.0,0.05138092415328317,False,601012,隆基绿能
2026-02-04,363.03,383.55,361.06,380.99,409458710.0,7779064977.0,0.039074788211982896,False,601012,隆基绿能
2026-02-05,375.07,375.07,358.3,359.68,325825007.0,6013712042.0,-0.05755838079781818,False,601012,隆基绿能
2026-02-06,356.13,368.36,355.14,362.24,211197425.0,3887739122.0,0.007092228309491837,False,601012,隆基绿能
2026-02-09,370.53,389.67,369.74,378.42,428820049.0,8275472542.0,0.04369771432885142,False,601012,隆基绿能
2026-02-10,374.87,380.39,370.33,371.12,226249434.0,4280477047.0,-0.019479229460126608,False,601012,隆基绿能
2026-02-11,370.92,374.67,365.99,366.78,158110407.0,2959090907.0,-0.011763247174799306,False,601012,隆基绿能
2026-02-12,366.78,367.96,363.03,364.81,142980786.0,2647753652.0,-0.0053855431635205534,False,601012,隆基绿能
2026-02-13,363.03,363.82,357.11,357.7,148402387.0,2707298690.0,-0.019682023840196315,False,601012,隆基绿能
2026-02-24,362.04,363.62,358.89,360.66,130471940.0,2391080125.0,0.00824104001415368,False,601012,隆基绿能
2026-02-25,361.45,367.37,360.86,366.39,142362468.0,2628915859.0,0.01576265357198109,False,601012,隆基绿能
2026-02-26,365.79,365.79,358.3,360.47,135456546.0,2475716261.0,-0.01628960434201295,False,601012,隆基绿能
2026-02-27,358.49,365.0,358.3,361.45,115607932.0,2120773487.0,0.0027149839372122243,False,601012,隆基绿能
2026-03-02,354.55,365.99,353.17,357.51,163628686.0,2976079934.0,-0.010960385675481696,False,601012,隆基绿能
2026-03-03,359.09,369.54,353.17,354.94,227733841.0,4166800912.0,-0.007214572664405632,False,601012,隆基绿能
2026-03-04,347.44,356.32,346.85,348.43,155940111.0,2771722872.0,-0.01851141191321651,False,601012,隆基绿能
2026-03-05,353.76,355.14,349.42,350.4,119452315.0,2130166382.0,0.00563800986903395,False,601012,隆基绿能
2026-03-06,350.4,356.72,346.85,355.14,120323418.0,2154129920.0,0.013436718868452399,False,601012,隆基绿能
2026-03-09,355.34,364.81,353.56,362.83,206275509.0,3764605465.0,0.02142232707907895,False,601012,隆基绿能
2026-03-10,360.07,367.37,357.11,366.19,182834037.0,3357305878.0,0.009217919375536529,False,601012,隆基绿能
2026-03-11,365.99,373.88,362.83,370.73,231193577.0,4333875458.0,0.012321710470993674,False,601012,隆基绿能
2026-03-12,369.74,376.25,364.22,373.69,250082130.0,4690086895.0,0.00795254184440022,False,601012,隆基绿能
2026-03-13,373.29,384.14,370.53,372.3,341948340.0,6538240298.0,-0.0037265958220269258,False,601012,隆基绿能
2026-03-16,373.88,378.62,367.17,368.56,201316284.0,3784642047.0,-0.01009646025100971,False,601012,隆基绿能
2026-03-17,370.33,383.35,370.13,370.73,271053214.0,5173834238.0,0.005870514228636225,False,601012,隆基绿能
2026-03-18,370.13,374.28,360.86,365.79,183500858.0,3402104019.0,-0.013414636616014768,False,601012,隆基绿能
2026-03-19,362.04,370.73,361.26,365.4,171859699.0,3195484336.0,-0.0010667542963768088,False,601012,隆基绿能
2026-03-20,365.0,386.71,363.43,374.67,446958792.0,8522747284.0,0.02505299459919729,False,601012,隆基绿能
2026-03-23,375.86,382.76,368.75,371.12,402690738.0,7694518391.0,-0.009520178099615266,False,601012,隆基绿能
2026-03-24,373.69,378.82,350.6,375.66,390051589.0,7216531581.0,0.01215901854178599,False,601012,隆基绿能
2026-03-25,371.12,378.42,369.54,372.7,263203670.0,4980370423.0,-0.007910672500061437,False,601012,隆基绿能
2026-03-26,372.7,376.05,361.26,362.44,245895227.0,4577231092.0,-0.027914863131352864,False,601012,隆基绿能
2026-03-27,357.11,369.74,356.72,365.4,207588734.0,3819551092.0,0.008133700590046387,False,601012,隆基绿能
2026-03-30,363.03,366.39,351.19,354.35,217317199.0,3916247299.0,-0.03070751868764117,False,601012,隆基绿能
2026-03-31,353.17,355.53,345.87,346.06,160019139.0,2842679053.0,-0.023672954827762764,False,601012,隆基绿能
2026-04-01,349.61,355.73,346.06,352.97,134902214.0,2398083291.0,0.019770897057599702,False,601012,隆基绿能
2026-04-02,351.19,351.19,341.53,342.51,134821843.0,2361042861.0,-0.03008221312975652,False,601012,隆基绿能
2026-04-03,341.33,342.31,327.71,328.7,181112872.0,3057167201.0,-0.04115537368617184,False,601012,隆基绿能
2026-04-07,328.7,330.28,323.37,329.49,112080260.0,1858517890.0,0.0024005237981904832,False,601012,隆基绿能
2026-04-08,333.83,343.7,332.06,341.72,165925492.0,2846702533.0,0.0364456838150538,False,601012,隆基绿能
2026-04-09,336.59,339.75,332.84,333.83,111997124.0,1901557997.0,-0.02335980691797173,False,601012,隆基绿能
2026-04-10,336.59,340.74,334.62,337.78,117060231.0,2007435124.0,0.011762914624328949,False,601012,隆基绿能
2026-04-13,335.41,355.53,334.42,348.83,216395314.0,3790707315.0,0.03218990152078441,False,601012,隆基绿能
2026-04-14,347.05,347.84,342.31,346.26,131676074.0,2303441650.0,-0.0073947595596294225,False,601012,隆基绿能
2026-04-15,347.05,348.43,342.51,342.91,98993635.0,1732878734.0,-0.009721915885998916,False,601012,隆基绿能
2026-04-16,344.29,346.06,342.31,345.47,90707687.0,1584881031.0,0.0074377866926182415,False,601012,隆基绿能
2026-04-17,344.29,345.67,339.95,344.09,107334437.0,1866684287.0,-0.004002557695786872,False,601012,隆基绿能
2026-04-20,344.09,351.19,342.31,348.23,135147018.0,2376243054.0,0.01195992994180795,False,601012,隆基绿能
2026-04-21,348.23,351.0,344.88,347.05,90529742.0,1593667052.0,-0.003394319217977585,False,601012,隆基绿能
2026-04-22,345.27,348.43,343.3,346.26,78820050.0,1382718187.0,-0.0022789238346626606,False,601012,隆基绿能
2026-04-23,349.02,351.0,342.71,345.87,125580645.0,2208322354.0,-0.0011269560379581147,False,601012,隆基绿能
2026-04-24,345.47,346.46,340.54,343.1,97503657.0,1695872844.0,-0.00804103204856787,False,601012,隆基绿能
2026-04-27,341.33,343.89,337.78,338.17,109004163.0,1875866995.0,-0.01447322224277542,False,601012,隆基绿能
2026-04-28,336.0,339.55,333.24,334.42,97787267.0,1664112757.0,-0.011151039587105645,False,601012,隆基绿能
2026-04-29,321.2,327.32,312.13,326.53,245595378.0,3992226560.0,-0.023875859924989255,False,601012,隆基绿能
2026-04-30,322.98,329.1,322.98,324.76,131505381.0,2167954847.0,-0.005435380115288069,False,601012,隆基绿能
2026-05-06,326.14,328.5,323.37,326.53,145902230.0,2408376086.0,0.005435380115287994,False,601012,隆基绿能
2026-05-07,326.33,331.86,325.74,326.53,147596740.0,2453039029.0,0.0,False,601012,隆基绿能
2026-05-08,326.33,326.53,320.02,322.78,160281637.0,2621482231.0,-0.011550851501857492,False,601012,隆基绿能
2026-05-11,322.58,330.48,322.19,327.71,180960813.0,3002893118.0,0.015158094347091106,False,601012,隆基绿能
2026-05-12,328.5,333.63,323.18,329.49,197345160.0,3281304288.0,0.005416933513596926,False,601012,隆基绿能
2026-05-13,325.74,331.86,324.56,331.07,143368010.0,2393881568.0,0.004783828912416757,False,601012,隆基绿能
2026-05-14,331.27,336.2,321.6,321.6,209469059.0,3490763287.0,-0.029021296075969646,False,601012,隆基绿能
2026-05-15,321.2,321.2,306.8,307.79,245767572.0,3870130809.0,-0.04389080505677921,False,601012,隆基绿能
2026-05-18,304.83,305.03,296.94,298.71,155326289.0,2364623510.0,-0.029944529179929548,False,601012,隆基绿能
2026-05-19,298.91,302.26,296.15,300.68,118854454.0,1798613429.0,0.006573373241165662,False,601012,隆基绿能
2026-05-20,301.08,308.77,297.53,302.85,137308724.0,2109013586.0,0.007191057117688038,False,601012,隆基绿能
2026-05-21,303.05,305.03,290.82,291.81,151848601.0,2300599121.0,-0.03713472787749763,False,601012,隆基绿能
2026-05-22,294.96,297.92,290.62,296.74,108489399.0,1617887906.0,0.016753428973188884,False,601012,隆基绿能
2020-01-02,8480.27,8608.52,8390.05,8495.3,14809916.0,16696837095.0,,False,600519,贵州茅台
2020-01-03,8397.57,8397.57,8096.1,8108.58,13031878.0,14266380596.0,-0.04659030907302925,False,600519,贵州茅台
2020-01-06,8050.69,8216.39,8023.93,8104.29,6341478.0,6853917601.0,-0.0005292092146698641,False,600519,贵州茅台
2020-01-07,8100.61,8262.25,8092.34,8228.64,4785359.0,5220697068.0,0.015227200841391118,False,600519,贵州茅台
2020-01-08,8157.37,8235.93,8138.8,8180.6,2500825.0,2720371915.0,-0.0058552543871887314,False,600519,贵州茅台
2020-01-09,8224.66,8310.29,8194.58,8290.06,3740587.0,4110949814.0,0.013291709198762956,False,600519,贵州茅台
2020-01-10,8337.42,8389.98,8288.56,8363.74,3597587.0,3993457118.0,0.008848488721528342,False,600519,贵州茅台
2020-01-13,8363.74,8489.29,8359.98,8452.22,3851575.0,4325687959.0,0.010523433278974209,False,600519,贵州茅台
2020-01-14,8451.7,8456.89,8292.32,8325.4,3514465.0,3916300790.0,-0.015118045996935286,False,600519,贵州茅台
2020-01-15,8337.5,8432.15,8307.35,8360.96,2602911.0,2895603674.0,0.004262170279459297,False,600519,贵州茅台
2020-01-16,8411.63,8411.63,8289.16,8322.39,2319165.0,2571593141.0,-0.00462377984238622,False,600519,贵州茅台
2020-01-17,8344.94,8365.84,8277.36,8326.15,2347275.0,2599645144.0,0.00045169126709353446,False,600519,贵州茅台
2020-01-20,8358.93,8358.93,8134.44,8202.1,3539130.0,3858246844.0,-0.015010945420651125,False,600519,贵州茅台
2020-01-21,8126.92,8172.03,8061.52,8084.07,3287405.0,3542441308.0,-0.014494760460252012,False,600519,贵州茅台
2020-01-22,8044.22,8149.48,7934.31,8085.65,3620004.0,3875275065.0,0.00019542700863443515,False,600519,贵州茅台
2020-01-23,8089.33,8089.33,7796.13,7914.92,5346843.0,5638945742.0,-0.021341299701317148,False,600519,贵州茅台
2020-02-03,7405.2,7598.26,7367.61,7547.44,12344288.0,12314991759.0,-0.04754115297581042,False,600519,贵州茅台
2020-02-04,7630.74,7946.49,7600.74,7803.72,6262418.0,6490469043.0,0.03339211016574977,False,600519,贵州茅台
2020-02-05,7893.86,7923.94,7766.29,7893.79,4741824.0,4956355235.0,0.01147583132309955,False,600519,贵州茅台
2020-02-06,7964.76,8081.81,7909.05,8051.74,4717121.0,5011246407.0,0.019811842738045995,False,600519,贵州茅台
2020-02-07,8044.3,8096.85,7976.71,8089.33,3127871.0,3348894576.0,0.004657692204634975,False,600519,贵州茅台
2020-02-10,7984.08,8078.81,7947.99,8017.84,3053342.0,3251908506.0,-0.008876850426398833,False,600519,贵州茅台
2020-02-11,7991.6,8267.36,7990.09,8254.73,4791793.0,5222918915.0,0.029117310466973887,False,600519,贵州茅台
2020-02-12,8187.07,8260.67,8163.61,8249.24,2812543.0,3072293973.0,-0.0006652944961117869,False,600519,贵州茅台
2020-02-13,8254.73,8374.19,8179.62,8202.1,3035736.0,3335277425.0,-0.005730855847248463,False,600519,贵州茅台
2020-02-14,8197.97,8220.97,8142.78,8179.55,2328760.0,2534568401.0,-0.0027530821673115513,False,600519,贵州茅台
2020-02-17,8138.2,8241.12,8137.45,8223.3,2702822.0,2946182657.0,0.005334451482168262,False,600519,贵州茅台
2020-02-18,8194.66,8246.31,8141.96,8149.48,2666496.0,2897729692.0,-0.009017466822408905,False,600519,贵州茅台
2020-02-19,8156.99,8281.04,8104.37,8243.45,3705147.0,4052365602.0,0.011464824079604792,False,600519,贵州茅台
2020-02-20,8244.95,8450.19,8235.26,8405.09,4680262.0,5220660940.0,0.019418529099353748,False,600519,贵州茅台
2020-02-21,8355.92,8446.74,8345.02,8366.59,2894008.0,3225337160.0,-0.004591080634175583,False,600519,贵州茅台
2020-02-24,8311.11,8344.94,8160.75,8173.38,3865036.0,4221857466.0,-0.023363862072634037,False,600519,贵州茅台
2020-02-25,8104.37,8135.12,8028.29,8080.39,3838562.0,4127432130.0,-0.011442393313490472,False,600519,贵州茅台
2020-02-26,7984.08,8149.48,7931.45,8072.04,4356097.0,4663278433.0,-0.0010339002544893874,False,600519,贵州茅台
2020-02-27,8089.33,8232.1,8089.33,8174.96,3449829.0,3758783810.0,0.012669585364568364,False,600519,贵州茅台
2020-02-28,8046.48,8134.44,7893.64,7946.49,4994657.0,5307929213.0,-0.02834550206669489,False,600519,贵州茅台
2020-03-02,7894.69,8243.83,7893.94,8164.59,4766304.0,5154329159.0,0.027076189093901148,False,600519,贵州茅台
2020-03-03,8254.73,8411.7,8254.73,8367.5,5025015.0,5585227657.0,0.024548643271152904,False,600519,贵州茅台
2020-03-04,8457.71,8562.96,8391.86,8487.18,5379299.0,6080149243.0,0.014201635567030755,False,600519,贵州茅台
2020-03-05,8542.74,8833.54,8499.51,8803.54,6242645.0,7210485104.0,0.036597123651077215,False,600519,贵州茅台
2020-03-06,8743.4,8841.13,8660.55,8687.01,3064100.0,3553622358.0,-0.013325106898942009,False,600519,贵州茅台
2020-03-09,8532.89,8532.89,8354.79,8375.09,4340409.0,4865288500.0,-0.036566982500464404,False,600519,贵州茅台
2020-03-10,8367.5,8780.98,8367.5,8690.77,5806293.0,6635936156.0,0.03699971902477031,False,600519,贵州茅台
2020-03-11,8687.01,8792.86,8578.0,8709.71,3554757.0,4124607952.0,0.0021769523001563375,False,600519,贵州茅台
2020-03-12,8579.65,8668.22,8458.46,8559.2,3663063.0,4172606105.0,-0.017431767404712757,False,600519,贵州茅台
2020-03-13,8194.58,8487.63,8119.4,8360.2,7588531.0,8348496480.0,-0.023524377586834507,False,600519,贵州茅台
2020-03-16,8299.68,8329.53,7984.08,8021.67,5123254.0,5548946745.0,-0.04133572062730625,False,600519,贵州茅台
2020-03-17,7931.45,8104.37,7601.57,7857.03,7935912.0,8277472787.0,-0.020737957190483228,False,600519,贵州茅台
2020-03-18,7818.69,7969.04,7578.04,7578.04,7345988.0,7582762547.0,-0.03615408141757526,False,600519,贵州茅台
2020-03-19,7472.78,7630.74,7218.0,7487.89,10226507.0,10075880470.0,-0.011967542123611497,False,600519,贵州茅台
2020-03-20,7600.66,7841.24,7600.66,7783.2,6013919.0,6169094444.0,0.03868051578263173,False,600519,贵州茅台
2020-03-23,7517.97,7783.2,7454.21,7660.81,4847210.0,4918121944.0,-0.01584984239177035,False,600519,贵州茅台
2020-03-24,7841.24,7960.62,7781.1,7938.97,4665096.0,4900364144.0,0.03566582163507353,False,600519,贵州茅台
2020-03-25,8179.4,8204.81,8075.8,8120.16,3704866.0,4015061222.0,0.022566314490570182,False,600519,贵州茅台
2020-03-26,8069.26,8203.61,7984.08,8006.03,3004856.0,3231754298.0,-0.014154850659985362,False,600519,贵州茅台
2020-03-27,8156.99,8209.62,8081.89,8085.57,3626112.0,3931759353.0,0.009885983718671398,False,600519,贵州茅台
2020-03-30,7970.92,8096.85,7946.49,8059.26,3068741.0,3279823025.0,-0.003259250582421358,False,600519,贵州茅台
2020-03-31,8134.44,8382.53,8132.94,8352.46,4798437.0,5293170703.0,0.03573436536275447,False,600519,贵州茅台
2020-04-01,8397.57,8487.78,8292.32,8292.32,3320535.0,3700184247.0,-0.007226321009659283,False,600519,贵州茅台
2020-04-02,8299.84,8608.07,8298.93,8608.07,4520561.0,5095167594.0,0.037370350114310245,False,600519,贵州茅台
2020-04-03,8563.19,8630.32,8510.19,8568.9,2761761.0,3148421866.0,-0.00456076571089646,False,600519,贵州茅台
2020-04-07,8735.5,8769.71,8637.32,8720.47,4348800.0,5041525481.0,0.017533765905225655,False,600519,贵州茅台
2020-04-08,8660.7,8768.28,8660.7,8719.04,2422442.0,2809422100.0,-0.0001639954337253141,False,600519,贵州茅台
2020-04-09,8765.95,8788.5,8630.32,8709.56,2281697.0,2640230492.0,-0.0010878671763573657,False,600519,贵州茅台
2020-04-10,8704.9,8882.48,8671.97,8758.43,2780434.0,3252600672.0,0.005595392200642382,False,600519,贵州茅台
2020-04-13,8758.43,8795.87,8634.38,8738.13,1598147.0,1854563731.0,-0.002320457176589631,False,600519,贵州茅台
2020-04-14,8841.13,8958.03,8765.95,8909.54,3679955.0,4340858665.0,0.01942640480009424,False,600519,贵州茅台
2020-04-15,8961.42,9051.56,8924.58,8943.37,2933229.0,3501318260.0,0.0037898628841854095,False,600519,贵州茅台
2020-04-16,8968.71,8999.76,8902.02,8999.76,2172774.0,2588431844.0,0.006285434664787237,False,600519,贵州茅台
2020-04-17,9096.74,9281.38,9059.22,9217.03,3824569.0,4676618151.0,0.0238549495473982,False,600519,贵州茅台
2020-04-20,9179.44,9258.38,9147.86,9226.8,2423864.0,2963483323.0,0.001059432982609179,False,600519,贵州茅台
2020-04-21,9179.59,9201.92,8968.93,9021.56,2922422.0,3517018487.0,-0.02249502472120328,False,600519,贵州茅台
2020-04-22,9066.67,9393.7,9038.25,9356.11,4403473.0,5430377598.0,0.03641233769120276,False,600519,贵州茅台
2020-04-23,9397.46,9515.34,9380.69,9414.45,2689851.0,3377042463.0,0.006216137169741982,False,600519,贵州茅台
2020-04-24,9382.42,9471.81,9286.04,9401.67,1912240.0,2390444036.0,-0.0013584099129067097,False,600519,贵州茅台
2020-04-27,9450.08,9609.24,9404.68,9592.93,2590391.0,3284513346.0,0.020139035750967826,False,600519,贵州茅台
2020-04-28,9662.92,9772.91,9561.95,9616.46,3466190.0,4458549425.0,0.0024498447653369887,False,600519,贵州茅台
2020-04-29,9606.46,9683.89,9457.6,9584.66,2344406.0,2976724957.0,-0.0033123098104896084,False,600519,贵州茅台
2020-04-30,9555.34,9660.66,9464.22,9515.49,2466087.0,3134408881.0,-0.00724290671918041,False,600519,贵州茅台
2020-05-06,9404.98,9773.36,9397.46,9773.36,3583481.0,4598589768.0,0.026739319802111357,False,600519,贵州茅台
2020-05-07,9768.85,9886.05,9720.73,9863.57,2793474.0,3647628296.0,0.00918785518933155,False,600519,贵州茅台
2020-05-08,9901.16,10059.04,9837.33,9883.19,2907868.0,3839218026.0,0.001987162092040445,False,600519,贵州茅台
2020-05-11,9923.72,10036.49,9876.13,9946.34,2367119.0,3135990964.0,0.006369310164138418,False,600519,贵州茅台
2020-05-12,9908.68,10036.41,9893.64,10021.45,1972181.0,2621824685.0,0.007523151460905676,False,600519,贵州茅台
2020-05-13,10021.45,10058.96,9945.37,10043.63,2201431.0,2931464950.0,0.002210806937628655,False,600519,贵州茅台
2020-05-14,9998.9,10035.58,9962.13,9973.26,1857492.0,2467976357.0,-0.007031091233666608,False,600519,贵州茅台
2020-05-15,9991.38,10025.21,9787.49,9871.09,2639808.0,3469736812.0,-0.010297228458508924,False,600519,贵州茅台
2020-05-18,9818.46,10160.53,9811.92,10120.76,3436211.0,4587989708.0,0.024978476842325667,False,600519,贵州茅台
2020-05-19,10254.51,10254.51,10059.04,10120.01,2478746.0,3342210487.0,-7.410785265019532e-05,False,600519,贵州茅台
2020-05-20,10120.01,10218.27,10050.09,10156.77,2118340.0,2859455106.0,0.0036258262182118904,False,600519,贵州茅台
2020-05-21,10186.84,10314.35,10170.76,10270.29,2305158.0,3147105462.0,0.011114782907657689,False,600519,贵州茅台
2020-05-22,10269.54,10270.29,9945.37,9985.36,3442746.0,4608696074.0,-0.028135240828025883,False,600519,贵州茅台
2020-05-25,9998.9,10273.9,9931.23,10246.24,3156100.0,4260387678.0,0.025790788718842415,False,600519,贵州茅台
2020-05-26,10298.71,10299.24,10186.84,10209.4,2247019.0,3056188321.0,-0.00360194448378876,False,600519,贵州茅台
2020-05-27,10216.92,10224.43,10021.45,10059.04,2677741.0,3596654307.0,-0.014837131851303063,False,600519,贵州茅台
2020-05-28,10058.81,10126.25,9932.21,10104.15,2648591.0,3536546893.0,0.004474497860977655,False,600519,贵州茅台
2020-05-29,10014.68,10299.46,10014.68,10274.05,3044435.0,4144247222.0,0.016675068143227174,False,600519,贵州茅台
2020-06-01,10382.31,10676.26,10382.31,10671.75,3547976.0,4986178912.0,0.0379787644248505,False,600519,贵州茅台
2020-06-02,10645.52,10734.9,10575.22,10605.67,2596010.0,3679210598.0,-0.006211299344411316,False,600519,贵州茅台
2020-06-03,10637.92,10656.72,10493.35,10519.89,2355736.0,3308382799.0,-0.00812101278622975,False,600519,贵州茅台
2020-06-04,10495.08,10607.85,10495.08,10585.22,1803741.0,2534459742.0,0.0061909375181927575,False,600519,贵州茅台
2020-06-05,10564.62,10742.27,10533.27,10713.1,1834706.0,2597524609.0,0.012008603190998023,False,600519,贵州茅台
2020-06-08,10713.1,10788.28,10540.26,10571.01,2930045.0,4145298455.0,-0.013351942919947934,False,600519,贵州茅台
2020-06-09,10585.3,10713.1,10530.27,10649.58,2261191.0,3199849660.0,0.007405105987696679,False,600519,贵州茅台
2020-06-10,10713.1,10775.73,10652.96,10703.03,2270074.0,3234843851.0,0.005006424192681803,False,600519,贵州茅台
2020-06-11,10607.93,10660.4,10502.52,10528.61,3071171.0,4314846228.0,-0.016430565316808123,False,600519,贵州茅台
2020-06-12,10428.7,10648.22,10399.68,10648.22,2842742.0,3992323389.0,0.011296428402450927,False,600519,贵州茅台
2020-06-15,10540.19,10612.36,10382.31,10397.35,3461541.0,4819512189.0,-0.023841776050372854,False,600519,贵州茅台
2020-06-16,10513.88,10630.4,10473.5,10554.32,2920664.0,4099718932.0,0.014984288795525052,False,600519,贵州茅台
2020-06-17,10614.32,10614.62,10487.71,10562.74,1945307.0,2730097120.0,0.0007974595370965279,False,600519,贵州茅台
2020-06-18,10561.99,10624.39,10525.91,10622.89,2101041.0,2956800081.0,0.005678392535286764,False,600519,贵州茅台
2020-06-19,10675.51,10864.97,10638.67,10824.67,3895833.0,5603232657.0,0.0188166815814924,False,600519,贵州茅台
2020-06-22,10789.03,10855.12,10774.75,10818.35,2324700.0,3343536637.0,-0.0005840220246190993,False,600519,贵州茅台
2020-06-23,10788.28,11141.63,10777.16,11085.24,3393426.0,4963194685.0,0.02437072730265978,False,600519,贵州茅台
2020-06-24,11131.83,11147.88,10990.36,11104.52,2513899.0,3663537115.0,0.0017377389256766236,False,600519,贵州茅台
2020-06-29,11013.18,11150.08,10929.59,11128.56,2808061.0,4064048236.0,0.00216254422408255,False,600519,贵州茅台
2020-06-30,11128.18,11172.75,11067.33,11126.35,2244614.0,3281641199.0,-0.00019860785842440993,False,600519,贵州茅台
2020-07-01,11165.29,11455.07,11135.02,11365.1,3868249.0,5759640251.0,0.02123108720512316,False,600519,贵州茅台
2020-07-02,11401.07,11795.81,11370.65,11743.33,4588372.0,7014289615.0,0.03273816362608107,False,600519,贵州茅台
2020-07-03,11788.97,11807.98,11537.06,11726.52,3512581.0,5395637032.0,-0.0014324763792263934,False,600519,贵州茅台
2020-07-06,11697.7,12290.95,11650.62,12169.26,5182196.0,8228068998.0,0.037060156435110445,False,600519,贵州茅台
2020-07-07,12192.76,13270.73,12176.86,12838.57,6666393.0,11219852098.0,0.0535408214512376,False,600519,贵州茅台
2020-07-08,12777.72,13074.34,12625.6,12787.91,5316998.0,8963189092.0,-0.003953728018278678,False,600519,贵州茅台
2020-07-09,12861.38,13021.1,12792.93,12975.47,3503324.0,5951732803.0,0.014560458577793865,False,600519,贵州茅台
2020-07-10,12846.17,13208.21,12845.71,13035.17,3710044.0,6352507468.0,0.004590437208290993,False,600519,贵州茅台
2020-07-13,13041.49,13591.54,13041.49,13553.43,6072716.0,10679460274.0,0.03898856271249774,False,600519,贵州茅台
2020-07-14,13553.43,13553.74,13297.95,13401.39,4609351.0,8135834910.0,-0.011281218903003844,False,600519,贵州茅台
2020-07-15,13271.18,13558.07,13269.89,13329.37,4071294.0,7176560649.0,-0.005388561662136707,False,600519,贵州茅台
2020-07-16,13157.32,13157.32,12169.26,12275.74,10224219.0,16901373196.0,-0.0823449142623971,False,600519,贵州茅台
2020-07-17,12321.37,12721.36,12321.37,12534.71,6590206.0,10863420089.0,0.020876639125361602,False,600519,贵州茅台
2020-07-20,12568.56,12655.95,12084.68,12450.37,4528033.0,7363822989.0,-0.0067512547766315255,False,600519,贵州茅台
2020-07-21,12523.99,12951.13,12404.96,12686.45,4196950.0,7026353151.0,0.018784153412011232,False,600519,贵州茅台
2020-07-22,12610.39,13005.89,12610.39,12763.12,3920121.0,6637265372.0,0.006025267377891971,False,600519,贵州茅台
2020-07-23,12716.87,12861.38,12549.55,12747.3,3432052.0,5739050333.0,-0.0012402776612834144,False,600519,贵州茅台
2020-07-24,12586.43,12671.24,12055.17,12133.51,7875201.0,12705941887.0,-0.04934843816509789,False,600519,贵州茅台
2020-07-27,12291.02,12395.91,12169.26,12340.77,3878817.0,6279664444.0,0.0169373689257837,False,600519,贵州茅台
2020-07-28,12397.43,12777.72,12397.43,12701.66,5491152.0,9133721867.0,0.028824278350402795,False,600519,贵州茅台
2020-07-29,12853.78,12853.78,12420.25,12716.87,5074843.0,8411789967.0,0.001196764865267514,False,600519,贵州茅台
2020-07-30,12710.79,12934.32,12705.46,12777.72,3837304.0,6486855475.0,0.004773570828079502,False,600519,贵州茅台
2020-07-31,12815.75,12967.86,12519.12,12763.88,4068474.0,6846747330.0,-0.001083722347428344,False,600519,贵州茅台
2020-08-03,12830.05,12903.82,12625.6,12686.45,3466114.0,5790041422.0,-0.006084812173615954,False,600519,贵州茅台
2020-08-04,12739.69,12800.46,12625.6,12701.59,3194051.0,5337185768.0,0.001192687721834849,False,600519,贵州茅台
2020-08-05,12641.5,12725.16,12498.66,12686.45,2552169.0,4236612469.0,-0.0011926877218348347,False,600519,贵州茅台
2020-08-06,12701.66,12732.31,12397.43,12457.97,3264878.0,5372942645.0,-0.018173916018765016,False,600519,贵州茅台
2020-08-07,12509.77,12547.04,12157.85,12405.04,3424205.0,5560065753.0,-0.0042577370930547516,False,600519,贵州茅台
2020-08-10,12381.99,12511.21,12230.94,12427.78,2362354.0,3857721122.0,0.0018314477659975275,False,600519,贵州茅台
2020-08-11,12473.49,12674.51,12473.49,12492.58,3581818.0,5936904876.0,0.005200578647213028,False,600519,贵州茅台
2020-08-12,12420.25,12481.09,12209.19,12374.23,2793392.0,4529267493.0,-0.009518783761374935,False,600519,贵州茅台
2020-08-13,12397.43,12464.97,12237.71,12435.46,2054134.0,3341652186.0,0.004935984634791835,False,600519,贵州茅台
2020-08-14,12472.73,12668.96,12405.04,12633.21,3765318.0,6230475427.0,0.015776991908194687,False,600519,贵州茅台
2020-08-17,12732.08,12962.92,12701.66,12853.78,4357201.0,7363610867.0,0.01730887066814068,False,600519,贵州茅台
2020-08-18,12909.91,13081.95,12861.38,12967.86,3042281.0,5192751797.0,0.008836057062264908,False,600519,贵州茅台
2020-08-19,12929.83,13059.13,12800.46,12830.96,2691498.0,4578143762.0,-0.010612988111945344,False,600519,贵州茅台
2020-08-20,12732.08,12770.11,12595.18,12656.03,2238233.0,3727183935.0,-0.01372721901841385,False,600519,贵州茅台
2020-08-21,12724.48,12914.62,12709.27,12747.3,2508241.0,4217048420.0,0.0071857030335592655,False,600519,贵州茅台
2020-08-24,12929.83,12990.68,12861.46,12902.07,3093344.0,5260286523.0,0.012068279137514348,False,600519,贵州茅台
2020-08-25,12966.34,13285.63,12919.41,13135.19,4187249.0,7227309774.0,0.017907124591522633,False,600519,贵州茅台
2020-08-26,13188.43,13272.1,13044.07,13135.19,2621573.0,4530374186.0,0.0,False,600519,贵州茅台
2020-08-27,13173.14,13188.28,12967.86,13165.61,2263553.0,3896759446.0,0.002313238651673708,False,600519,贵州茅台
2020-08-28,13165.61,13416.61,13093.36,13363.36,4229962.0,7389242302.0,0.01490850664046503,False,600519,贵州茅台
2020-08-31,13466.65,13812.11,13466.65,13587.74,4781036.0,8608932570.0,0.016651282090384693,False,600519,贵州茅台
2020-09-01,13629.57,13705.62,13500.34,13705.47,3163992.0,5661594315.0,0.008627107635184744,False,600519,贵州茅台
2020-09-02,13880.56,13903.38,13462.24,13652.38,3200929.0,5746351923.0,-0.003881157813418353,False,600519,贵州茅台
2020-09-03,13652.38,13781.68,13536.02,13637.17,3043735.0,5471333880.0,-0.0011147125236564274,False,600519,贵州茅台
2020-09-04,13431.82,13515.4,13279.7,13462.24,3085796.0,5433479408.0,-0.012910423493122563,False,600519,贵州茅台
2020-09-07,13386.18,13523.01,12960.03,13108.57,3111202.0,5446354619.0,-0.026622514603941095,False,600519,贵州茅台
2020-09-08,13173.22,13217.33,12755.43,13016.54,3447238.0,5865962724.0,-0.007045358329567062,False,600519,贵州茅台
2020-09-09,12927.32,13013.5,12778.02,12838.57,2596355.0,4401806095.0,-0.013766935113155895,False,600519,贵州茅台
2020-09-10,12958.28,13081.95,12929.83,12973.95,2477833.0,4236694402.0,0.010489579578742896,False,600519,贵州茅台
2020-09-11,12838.57,13203.64,12838.57,13180.83,3108800.0,5339883408.0,0.015820000373039454,False,600519,贵州茅台
2020-09-14,13272.1,13454.63,13162.42,13431.82,3105601.0,5448188995.0,0.018863017556710486,False,600519,贵州茅台
2020-09-15,13462.16,13462.16,13293.01,13386.18,2082087.0,3654872009.0,-0.0034036873787710725,False,600519,贵州茅台
2020-09-16,13386.18,13422.77,13074.34,13120.74,2251598.0,3916457762.0,-0.020028647108437332,False,600519,贵州茅台
2020-09-17,12929.83,12929.83,12610.39,12705.62,6367985.0,10683350187.0,-0.032149769097784754,False,600519,贵州茅台
2020-09-18,12663.63,12891.81,12435.53,12891.81,4720140.0,7853673241.0,0.014547810756058769,False,600519,贵州茅台
2020-09-21,12874.77,12874.77,12676.26,12677.32,2244407.0,3756765108.0,-0.016777655819406486,False,600519,贵州茅台
2020-09-22,12549.55,12830.81,12549.55,12668.88,2326547.0,3890070212.0,-0.0006659775675996681,False,600519,贵州茅台
2020-09-23,12435.46,12671.31,12329.13,12549.39,3572552.0,5878691069.0,-0.009476533816863227,False,600519,贵州茅台
2020-09-24,12442.84,12617.08,12373.09,12392.26,3005078.0,4915392273.0,-0.012599974646106592,False,600519,贵州茅台
2020-09-25,12397.43,12549.55,12359.4,12436.3,2258296.0,3700843486.0,0.003547531245215814,False,600519,贵州茅台
2020-09-28,12436.9,12690.25,12436.9,12633.21,2423222.0,4019640150.0,0.01570944542171199,False,600519,贵州茅台
2020-09-29,12696.57,12697.1,12567.04,12567.04,1743078.0,2895081366.0,-0.005251547272248881,False,600519,贵州茅台
2020-09-30,12625.6,12868.23,12625.6,12690.25,2708781.0,4536012540.0,0.009756468516471698,False,600519,贵州茅台
2020-10-09,12868.99,12978.66,12838.57,12899.41,3423988.0,5817280605.0,0.016347591803716914,False,600519,贵州茅台
2020-10-12,12929.83,13314.76,12929.83,13314.76,4372904.0,7597987786.0,0.0316916204317938,False,600519,贵州茅台
2020-10-13,13314.84,13314.84,13196.04,13226.46,2294389.0,3995560518.0,-0.0066538256928783505,False,600519,贵州茅台
2020-10-14,13234.07,13287.15,13127.59,13150.4,2048139.0,3554316589.0,-0.005767192214392269,False,600519,贵州茅台
2020-10-15,13090.55,13196.04,13089.56,13119.98,1620436.0,2801250556.0,-0.002315917287561337,False,600519,贵州茅台
2020-10-16,13119.98,13192.84,12952.65,13021.1,1737738.0,2991246892.0,-0.007565140505738899,False,600519,贵州茅台
2020-10-19,13119.98,13188.28,12868.23,12922.23,1922632.0,3284383415.0,-0.007622034538920548,False,600519,贵州茅台
2020-10-20,12929.76,13195.81,12891.81,13188.43,2773493.0,4787807536.0,0.02039084599690993,False,600519,贵州茅台
2020-10-21,13189.19,13250.42,13104.77,13183.34,1890137.0,3275357440.0,-0.00038601884236104655,False,600519,贵州茅台
2020-10-22,13158.01,13272.1,13047.8,13253.08,2248087.0,3897729793.0,0.005276067015020218,False,600519,贵州茅台
2020-10-23,13240.0,13291.79,13036.32,13046.43,1929169.0,3339987454.0,-0.015715445124378034,False,600519,贵州茅台
2020-10-26,12313.77,12647.81,12169.26,12496.31,6601529.0,10821908227.0,-0.043081132396910214,False,600519,贵州茅台
2020-10-27,12496.31,12503.91,12291.86,12359.4,4394440.0,7156688307.0,-0.011016493566217322,False,600519,贵州茅台
2020-10-28,12367.01,12754.9,12360.01,12662.19,3463653.0,5739452181.0,0.024203480375764305,False,600519,贵州茅台
2020-10-29,12586.36,12990.68,12526.73,12747.3,3937376.0,6633168613.0,0.006699096935535826,False,600519,贵州茅台
2020-10-30,12762.51,12899.41,12663.63,12701.81,2605545.0,4379602068.0,-0.0035749814786219455,False,600519,贵州茅台
2020-11-02,12739.69,12891.81,12716.87,12732.16,2106643.0,3544422245.0,0.0023865731071831277,False,600519,贵州茅台
2020-11-03,12815.67,12974.71,12743.49,12891.81,2349749.0,3976621208.0,0.012461149920880923,False,600519,贵州茅台
2020-11-04,12929.83,12960.26,12815.75,12926.64,1644371.0,2788396253.0,0.0026980722025543077,False,600519,贵州茅台
2020-11-05,13059.13,13176.87,13021.86,13096.4,2352414.0,4053043271.0,0.013047085054606186,False,600519,贵州茅台
2020-11-06,13162.19,13170.1,12853.78,12934.55,2305153.0,3932702367.0,-0.01243535757828605,False,600519,贵州茅台
2020-11-09,12940.33,13315.3,12934.55,13253.61,4146970.0,7198679683.0,0.024367942452329882,False,600519,贵州茅台
2020-11-10,13332.33,13420.26,13203.64,13272.1,3018944.0,5287968173.0,0.0013941193653037292,False,600519,贵州茅台
2020-11-11,13272.1,13519.28,13165.61,13168.28,3485073.0,6122365404.0,-0.007853180141044152,False,600519,贵州茅台
2020-11-12,13158.08,13310.12,13099.22,13194.44,2347309.0,4071729792.0,0.0019846213582219263,False,600519,贵州茅台
2020-11-13,13112.37,13149.49,12861.38,12967.86,2815548.0,4791276459.0,-0.01732154016632796,False,600519,贵州茅台
2020-11-16,13013.5,13158.39,12908.99,13158.39,3061349.0,5247897161.0,0.014585589417397604,False,600519,贵州茅台
2020-11-17,13234.07,13251.94,12937.97,13050.01,2522403.0,4355288047.0,-0.008270677935505136,False,600519,贵州茅台
2020-11-18,13043.92,13085.98,12801.75,12881.54,3517895.0,5973146815.0,-0.012993621305685705,False,600519,贵州茅台
2020-11-19,12811.95,13119.98,12782.28,13083.4,2781576.0,4767508753.0,0.015548972342478696,False,600519,贵州茅台
2020-11-20,13081.95,13203.64,13026.05,13081.65,2187466.0,3771894859.0,-0.00013376622652046445,False,600519,贵州茅台
2020-11-23,13469.92,13765.71,13469.92,13615.95,6663724.0,11926870595.0,0.04003141481165844,False,600519,贵州茅台
2020-11-24,13462.16,13557.31,13321.3,13412.8,3246536.0,5736960168.0,-0.01503242477240894,False,600519,贵州茅台
2020-11-25,13397.59,13453.72,13112.37,13134.28,2822632.0,4910540741.0,-0.02098386864512942,False,600519,贵州茅台
2020-11-26,13127.59,13233.99,13121.35,13191.4,2322830.0,4027749313.0,0.004339495856258894,False,600519,贵州茅台
2020-11-27,13178.24,13234.29,13066.74,13218.09,2156861.0,3737697985.0,0.0020212438094539893,False,600519,贵州茅台
2020-11-30,13196.04,13225.7,13035.63,13035.63,3194007.0,5520322173.0,-0.013899968289079556,False,600519,贵州茅台
2020-12-01,13127.59,13226.38,13082.03,13211.25,2819620.0,4891829153.0,0.013382361708460303,False,600519,贵州茅台
2020-12-02,13279.7,13302.52,13165.61,13218.93,2357169.0,4101369306.0,0.0005811538336971988,False,600519,贵州茅台
2020-12-03,13218.93,13353.17,13173.98,13302.52,2950578.0,5147357781.0,0.006303597788930047,False,600519,贵州茅台
2020-12-04,13325.34,13691.17,13325.34,13638.01,6249119.0,11176048847.0,0.024907256379488957,False,600519,贵州茅台
2020-12-07,13710.95,13997.61,13694.6,13784.73,5833133.0,10617305104.0,0.010700710433332802,False,600519,贵州茅台
2020-12-08,13804.5,14260.85,13789.29,14070.7,6145400.0,11333352154.0,0.020533163355657868,False,600519,贵州茅台
2020-12-09,14192.01,14192.4,13987.04,13994.64,3115212.0,5766037609.0,-0.005420221968632959,False,600519,贵州茅台
2020-12-10,13994.64,14068.95,13903.38,13940.64,3265354.0,6009239911.0,-0.0038660838380500727,False,600519,贵州茅台
2020-12-11,13954.94,13974.26,13727.0,13842.53,3077579.0,5595359665.0,-0.00706257837462999,False,600519,贵州茅台
2020-12-14,13901.63,13918.43,13804.5,13910.98,3305200.0,6026813428.0,0.004932719414022457,False,600519,贵州茅台
2020-12-15,13945.21,13973.5,13728.44,13812.18,2960497.0,5383582284.0,-0.007127644776447841,False,600519,贵州茅台
2020-12-16,13922.39,14037.77,13844.13,13994.64,3215016.0,5901298275.0,0.013123587575105455,False,600519,贵州茅台
2020-12-17,14036.48,14207.61,13994.64,14188.67,3603064.0,6683421886.0,0.01376935963786716,False,600519,贵州茅台
2020-12-18,14084.47,14215.29,14002.86,14032.67,2707698.0,5020968993.0,-0.011055576307272517,False,600519,贵州茅台
2020-12-21,13994.64,14080.06,13976.39,14013.66,3069672.0,5663526809.0,-0.0013556142932931081,False,600519,贵州茅台
2020-12-22,14070.47,14443.31,14013.74,14306.48,4065060.0,7618583444.0,0.02068001327778381,False,600519,贵州茅台
2020-12-23,14435.7,14498.15,13850.29,14007.19,4770609.0,8901002262.0,-0.021141812267820317,False,600519,贵州茅台
2020-12-24,13827.32,14138.24,13652.54,13921.17,3785714.0,6921989374.0,-0.006160066112895714,False,600519,贵州茅台
2020-12-25,13713.15,14047.89,13690.41,13918.59,2308805.0,4218997634.0,-0.00018534642593084414,False,600519,贵州茅台
2020-12-28,13892.73,14365.81,13888.54,14245.64,3008037.0,5616528738.0,0.023225538313232725,False,600519,贵州茅台
2020-12-29,14245.64,14350.6,14108.73,14200.0,2286759.0,4275994834.0,-0.0032089303783501976,False,600519,贵州茅台
2020-12-30,14222.82,14701.98,14222.74,14701.98,3445210.0,6604461376.0,0.034740213984620655,False,600519,贵州茅台
2020-12-31,14762.83,15203.81,14747.62,15196.36,3886007.0,7682300728.0,0.03307374689778307,False,600519,贵州茅台
2021-01-04,15211.42,15249.52,15088.43,15188.75,4351400.0,8686920261.0,-0.0005009032489344302,False,600519,贵州茅台
2021-01-05,15135.51,15663.73,15078.16,15663.73,5211605.0,10592557370.0,0.030792826422405127,False,600519,贵州茅台
2021-01-06,15704.43,16162.29,15485.61,15972.15,4741020.0,9882593867.0,0.01949873192879739,False,600519,贵州茅台
2021-01-07,15949.33,16276.38,15782.0,16276.38,3793139.0,7991178754.0,0.018868396534782433,False,600519,贵州茅台
2021-01-08,16291.59,16359.13,15690.89,15896.09,5386164.0,11345202869.0,-0.02364181009147053,False,600519,贵州茅台
2021-01-11,15896.09,16356.24,15657.27,15970.1,5107990.0,10768565415.0,0.004645056912881508,False,600519,贵州茅台
2021-01-12,15880.88,16435.34,15858.06,16435.34,4105859.0,8800558288.0,0.02871567051116058,False,600519,贵州茅台
2021-01-13,16458.92,16529.88,16238.35,16458.92,3438993.0,7418330854.0,0.001433685028267132,False,600519,贵州茅台
2021-01-14,16398.07,16451.31,16094.68,16230.75,3615220.0,7722089684.0,-0.013959988307803591,False,600519,贵州茅台
2021-01-15,16086.24,16233.41,15432.14,15835.24,5950939.0,12372103227.0,-0.024669755004620098,False,600519,贵州茅台
2021-01-18,15675.98,15907.35,15517.86,15690.73,3914404.0,8076715790.0,-0.009167744062496824,False,600519,贵州茅台
2021-01-19,15767.63,15944.01,15263.67,15283.14,4634519.0,9479278513.0,-0.02631983210370912,False,600519,贵州茅台
2021-01-20,15272.42,15633.62,15078.47,15520.59,4508242.0,9126453277.0,0.015417269487542252,False,600519,贵州茅台
2021-01-21,15576.65,15896.24,15523.41,15743.98,3831017.0,7953455967.0,0.014290540487466636,False,600519,贵州茅台
2021-01-22,15736.37,15972.15,15668.68,15819.65,2924761.0,6090260364.0,0.004794768217078112,False,600519,贵州茅台
2021-01-25,15842.85,16576.81,15842.85,16542.58,5595716.0,12029474558.0,0.04468482471983016,False,600519,贵州茅台
2021-01-26,16618.64,16633.85,16163.13,16290.76,3174746.0,6820173362.0,-0.015339587005928235,False,600519,贵州茅台
2021-01-27,16290.76,16290.76,15858.06,15888.49,3712017.0,7809446387.0,-0.025003128201417594,False,600519,贵州茅台
2021-01-28,15820.03,16045.62,15668.07,15880.88,3512864.0,7337084455.0,-0.000479077812720326,False,600519,贵州茅台
2021-01-29,15981.2,16348.48,15897.76,16095.21,3370133.0,7166179277.0,0.013405842295212479,False,600519,贵州茅台
2021-02-01,16200.32,16428.5,15934.12,16043.03,2934059.0,6219639111.0,-0.0032472248543079538,False,600519,贵州茅台
2021-02-02,16065.09,16352.36,15988.12,16314.41,3458225.0,7372233582.0,0.016774279009604303,False,600519,贵州茅台
2021-02-03,16352.44,16719.57,16276.38,16655.99,3871415.0,8384049314.0,0.020721145136948765,False,600519,贵州茅台
2021-02-04,16664.28,17721.48,16664.28,17651.89,6385101.0,14596930188.0,0.058072948311208655,False,600519,贵州茅台
2021-02-05,17683.45,17984.64,17424.85,17592.18,3972906.0,9253566205.0,-0.0033883746756798562,False,600519,贵州茅台
2021-02-08,17774.72,18093.25,17592.18,18016.58,3578573.0,8420758625.0,0.023837959921044885,False,600519,贵州茅台
2021-02-09,18016.58,18683.08,17873.6,18683.08,3329655.0,7972930045.0,0.03632585639133612,False,600519,贵州茅台
2021-02-10,18900.38,19784.17,18900.38,19782.65,6137057.0,15675929714.0,0.05718698949561207,False,600519,贵州茅台
2021-02-18,19683.62,19987.09,18748.26,18793.9,6591232.0,16704135269.0,-0.051272941832070325,False,600519,贵州茅台
2021-02-19,18643.0,18989.06,18113.94,18710.23,5938546.0,14525164525.0,-0.004461915997695547,False,600519,贵州茅台
2021-02-22,18672.2,18672.2,17327.65,17402.19,7893547.0,18498777223.0,-0.07247437273246,False,600519,贵州茅台
2021-02-23,17228.17,17834.73,17227.1,17546.55,5745460.0,13316110795.0,0.00826128902119446,False,600519,贵州茅台
2021-02-24,17554.08,17630.21,16432.3,16649.06,8211578.0,18195034445.0,-0.052503591014406846,False,600519,贵州茅台
2021-02-25,16801.18,16919.07,16133.47,16352.44,5972643.0,12982145755.0,-0.017976636693507818,False,600519,贵州茅台
2021-02-26,15972.15,16580.23,15723.44,16145.41,6652506.0,14097015494.0,-0.01274132293587889,False,600519,贵州茅台
2021-03-01,16573.01,16573.01,16124.26,16413.28,4491626.0,9686945529.0,0.01645496450524051,False,600519,贵州茅台
2021-03-02,16580.61,16580.61,15462.56,15652.71,7076450.0,14796698646.0,-0.047446698317636454,False,600519,贵州茅台
2021-03-03,15515.8,16350.69,15462.56,16276.38,5421546.0,11366685429.0,0.039070912192181326,False,600519,贵州茅台
2021-03-04,15934.12,15941.73,15288.39,15462.56,6508829.0,13297304316.0,-0.051293359059892435,False,600519,贵州茅台
2021-03-05,15211.57,15934.12,15120.3,15668.75,6377920.0,13100315985.0,0.013246664857689602,False,600519,贵州茅台
2021-03-08,15781.7,15858.06,14907.34,14907.34,6309959.0,12724245990.0,-0.049814573819530986,False,600519,贵州茅台
2021-03-09,14869.31,15211.57,14452.36,14732.33,8226581.0,16100769579.0,-0.011809310555783459,False,600519,贵州茅台
2021-03-10,15036.64,15210.58,14960.58,14983.47,5117174.0,10136910284.0,0.016903194904597938,False,600519,贵州茅台
2021-03-11,15021.43,15819.96,14918.6,15576.65,5676897.0,11521736384.0,0.038825404613442166,False,600519,贵州茅台
2021-03-12,15743.98,15797.22,15226.86,15409.32,4032251.0,8181594631.0,-0.010800476898937207,False,600519,贵州茅台
2021-03-15,15591.86,15742.45,14840.03,15024.85,6248487.0,12459955712.0,-0.025267024157882713,False,600519,贵州茅台
2021-03-16,15020.89,15363.61,14945.37,15291.43,3464850.0,6918600717.0,0.017587043737247753,False,600519,贵州茅台
2021-03-17,15211.57,15591.86,15029.11,15442.48,3137491.0,6352656523.0,0.009829612712374003,False,600519,贵州茅台
2021-03-18,15477.77,15868.41,15477.77,15741.69,3386488.0,6997030294.0,0.01919045352411995,False,600519,贵州茅台
2021-03-19,15477.77,15538.62,15152.47,15287.63,3578077.0,7211521835.0,-0.0292686023275028,False,600519,贵州茅台
2021-03-22,15212.33,15410.01,14873.49,15135.44,3691407.0,7323391311.0,-0.010004990917362526,False,600519,贵州茅台
2021-03-23,15203.05,15278.5,14983.4,15181.15,2744619.0,5459520703.0,0.0030155129345324455,False,600519,贵州茅台
2021-03-24,15067.06,15310.45,15067.06,15127.91,2935739.0,5857848160.0,-0.0035131445685315796,False,600519,贵州茅台
2021-03-25,14983.47,15126.99,14806.94,14991.0,3157523.0,6216733244.0,-0.009091361075072012,False,600519,贵州茅台
2021-03-26,15097.48,15378.9,14892.13,15310.45,5001642.0,9987629444.0,0.021085580761348397,False,600519,贵州茅台
2021-03-29,15540.14,15944.39,15410.46,15470.93,5699220.0,11740129413.0,0.01042717734076702,False,600519,贵州茅台
2021-03-30,15515.8,15865.67,15478.38,15637.87,3262697.0,6717493350.0,0.010732757451960668,False,600519,贵州茅台
2021-03-31,15554.59,15561.59,15211.57,15280.02,3715441.0,7489086233.0,-0.023149443946212475,False,600519,贵州茅台
2021-04-01,15371.29,15567.52,15220.85,15550.03,2658763.0,5379775870.0,0.01751647524579083,False,600519,贵州茅台
2021-04-02,15637.49,16466.52,15637.49,16443.71,5202757.0,10981752658.0,0.05588046538451706,False,600519,贵州茅台
2021-04-06,16436.1,16443.56,15989.64,16170.13,3274177.0,6967525037.0,-0.016777320132183096,False,600519,贵州茅台
2021-04-07,16003.03,16103.73,15591.86,15675.52,4020097.0,8317799925.0,-0.031065453323721556,False,600519,贵州茅台
2021-04-08,15569.27,15812.43,15546.22,15743.98,2854762.0,5893307514.0,0.004357810171442596,False,600519,贵州茅台
2021-04-09,15531.01,15622.28,15249.68,15363.69,2880886.0,5832453812.0,-0.02445113674101812,False,600519,贵州茅台
2021-04-12,15295.23,15439.74,15148.44,15279.19,3194307.0,6409917318.0,-0.005515161380803748,False,600519,贵州茅台
2021-04-13,15363.69,15590.34,15280.02,15371.29,2899215.0,5883787293.0,0.006009711899782569,False,600519,贵州茅台
2021-04-14,15477.77,15576.65,15333.26,15569.04,2411465.0,4908790023.0,0.012782843150430642,False,600519,贵州茅台
2021-04-15,15446.59,15568.28,15135.51,15330.22,3436621.0,6903769490.0,-0.015458283185672021,False,600519,贵州茅台
2021-04-16,15402.32,15728.76,15302.84,15629.74,3029370.0,6183895054.0,0.019349465891517325,False,600519,贵州茅台
2021-04-19,15629.89,15959.68,15462.56,15880.88,3175391.0,6610577917.0,0.01594036028260553,False,600519,贵州茅台
2021-04-20,15752.34,16192.72,15743.98,15932.6,2829037.0,5949669953.0,0.0032514547647810236,False,600519,贵州茅台
2021-04-21,15789.61,15955.42,15706.71,15820.03,2614975.0,5446145952.0,-0.007090465994045875,False,600519,贵州茅台
2021-04-22,15895.33,15964.54,15603.27,15633.69,2685002.0,5539295656.0,-0.011848657648653317,False,600519,贵州茅台
2021-04-23,15637.27,16123.35,15610.87,16040.14,3346277.0,7002695288.0,0.02566612955701797,False,600519,贵州茅台
2021-04-26,16215.53,16238.35,15771.36,15803.45,3404511.0,7160836874.0,-0.01486605995238723,False,600519,贵州茅台
2021-04-27,15873.88,15936.02,15706.63,15929.86,2210785.0,4607779002.0,0.007967064806430113,False,600519,贵州茅台
2021-04-28,15287.63,15572.85,15234.39,15531.01,8134295.0,16463574637.0,-0.025356664972662146,False,600519,贵州茅台
2021-04-29,15569.35,15591.4,15318.05,15412.06,4128378.0,8370431228.0,-0.0076883506345420275,False,600519,贵州茅台
2021-04-30,15409.32,15485.38,15239.79,15263.14,3840137.0,7723747038.0,-0.00970954842706906,False,600519,贵州茅台
2021-05-06,15211.57,15263.59,14854.1,14899.73,5354614.0,10584968907.0,-0.024097679417738303,False,600519,贵州茅台
2021-05-07,14945.37,14968.03,14458.6,14473.81,5249339.0,10101703446.0,-0.029002282610404596,False,600519,贵州茅台
2021-05-10,14450.99,14519.44,14192.47,14291.5,4600318.0,8677753608.0,-0.012675854429041237,False,600519,贵州茅台
2021-05-11,14268.45,14952.97,14247.92,14899.73,4249412.0,8209251914.0,0.04167813703944589,False,600519,贵州茅台
2021-05-12,14824.28,15203.96,14823.68,15089.88,3269887.0,6473203286.0,0.012681228479994946,False,600519,贵州茅台
2021-05-13,14951.07,15097.86,14854.1,14994.81,2507751.0,4934954969.0,-0.006320179231456336,False,600519,贵州茅台
2021-05-14,15074.67,15443.55,15029.03,15286.49,3561129.0,7150302044.0,0.019265290552126044,False,600519,贵州茅台
2021-05-17,15402.48,15859.58,15402.48,15652.4,4452400.0,9178509985.0,0.023654828078605396,False,600519,贵州茅台
2021-05-18,15705.95,15797.22,15554.29,15662.67,1750428.0,3595891742.0,0.0006559142526712158,False,600519,贵州茅台
2021-05-19,15660.31,15780.56,15515.8,15584.25,2240972.0,4606452358.0,-0.0050193852478396025,False,600519,贵州茅台
2021-05-20,15774.4,15775.16,15556.57,15659.4,2185716.0,4500663211.0,0.004810586786442835,False,600519,贵州茅台
2021-05-21,15630.5,15819.12,15493.14,15531.77,2424823.0,4976601458.0,-0.008183772030663264,False,600519,贵州茅台
2021-05-24,15599.47,15820.49,15447.35,15753.79,3254808.0,6705879397.0,0.014193367622596586,False,600519,贵州茅台
2021-05-25,15858.06,16733.49,15858.06,16690.9,6775695.0,14636718750.0,0.057782689481223615,False,600519,贵州茅台
2021-05-26,16793.42,17050.65,16680.1,16884.84,3860420.0,8558038174.0,0.011552517200919472,False,600519,贵州茅台
2021-05-27,16816.54,17645.42,16741.09,17074.99,4537338.0,10240368980.0,0.011198641878663691,False,600519,贵州茅台
2021-05-28,17044.34,17113.02,16774.64,16960.9,2580731.0,5741331986.0,-0.006704124811604393,False,600519,贵州茅台
2021-05-31,16850.62,16872.29,16519.77,16869.63,3173900.0,6960864260.0,-0.005395731100604736,False,600519,贵州茅台
2021-06-01,16900.05,17105.03,16778.36,17044.18,3061634.0,6832594466.0,0.01029383259016082,False,600519,贵州茅台
2021-06-02,17113.02,17219.5,16794.94,16900.05,2286277.0,5088908384.0,-0.008492215978563826,False,600519,贵州茅台
2021-06-03,16884.84,17191.66,16809.39,16901.73,2345031.0,5242453019.0,9.940304927044918e-05,False,600519,贵州茅台
2021-06-04,16846.81,17402.04,16839.51,17124.43,3142219.0,7058715115.0,0.013090115369006068,False,600519,贵州茅台
2021-06-07,17227.1,17333.58,17037.03,17272.74,2546627.0,5756592694.0,0.008623437281140376,False,600519,贵州茅台
2021-06-08,17189.07,17341.11,16437.24,16664.28,4731363.0,10479943156.0,-0.03586202969801209,False,600519,贵州茅台
2021-06-09,16671.88,16839.21,16429.33,16728.92,2550235.0,5591378817.0,0.0038714517168815044,False,600519,贵州茅台
2021-06-10,16694.7,17123.44,16657.28,17025.4,2556663.0,5707338424.0,0.017567388397256613,False,600519,贵州茅台
2021-06-11,17029.35,17067.38,16571.56,16571.56,3397066.0,7513797036.0,-0.027018373565991814,False,600519,贵州茅台
2021-06-15,16695.46,16800.27,16337.23,16679.49,2936130.0,6412821567.0,0.006491847869507319,False,600519,贵州茅台
2021-06-16,16671.88,16694.7,16337.23,16413.28,2759315.0,5978924528.0,-0.016089057671466647,False,600519,贵州茅台
2021-06-17,16395.41,16641.46,16309.54,16404.99,2106753.0,4558702643.0,-0.0005052064094982219,False,600519,贵州茅台
2021-06-18,16329.62,16401.88,15705.95,15903.24,5402821.0,11329180836.0,-0.031062694790551695,False,600519,贵州茅台
2021-06-21,15858.06,15969.79,15591.86,15832.51,3548826.0,7367986471.0,-0.004457441031635586,False,600519,贵州茅台
2021-06-22,15911.3,15956.94,15621.45,15781.78,3322818.0,6900830616.0,-0.003209310950325004,False,600519,贵州茅台
2021-06-23,15820.03,15842.85,15471.31,15500.59,3707901.0,7596735684.0,-0.01797802235321928,False,600519,贵州茅台
2021-06-24,15515.88,15820.03,15371.29,15729.14,3147370.0,6452557073.0,0.014636955258563566,False,600519,贵州茅台
2021-06-25,15738.38,16191.65,15681.87,16061.14,3587543.0,7459680452.0,0.020887646834635676,False,600519,贵州茅台
2021-06-28,16122.56,16260.75,15915.27,16145.67,2745242.0,5750241214.0,0.005249212455161403,False,600519,贵州茅台
2021-06-29,16183.98,16237.72,15746.36,15830.82,3303063.0,6835635172.0,-0.019693229334900857,False,600519,贵州茅台
2021-06-30,15853.85,15922.94,15710.28,15790.13,2191566.0,4511484217.0,-0.002573611637797406,False,600519,贵州茅台
2021-07-01,15815.23,16199.33,15597.42,16160.94,3370124.0,6970730878.0,0.023212158425512858,False,600519,贵州茅台
2021-07-02,15930.62,15930.62,15443.11,15454.62,4627531.0,9388640194.0,-0.04468923194840026,False,600519,贵州茅台
2021-07-05,15354.82,15507.44,15239.66,15308.75,3442095.0,6872797768.0,-0.009483427416309803,False,600519,贵州茅台
2021-07-06,15316.43,15462.3,15047.8,15453.86,3528251.0,7015883091.0,0.009434249973733964,False,600519,贵州茅台
2021-07-07,15431.59,15576.54,15347.22,15385.53,2812212.0,5658210730.0,-0.0044313530076752,False,600519,贵州茅台
2021-07-08,15355.58,15385.53,15109.14,15239.66,3551669.0,7027713780.0,-0.009526217021069946,False,600519,贵州茅台
2021-07-09,15082.42,15246.64,14932.56,15140.69,3090790.0,6072340993.0,-0.006515418690814349,False,600519,贵州茅台
2021-07-12,15167.1,15345.45,14898.01,15055.4,3901024.0,7658786228.0,-0.005649090780695823,False,600519,贵州茅台
2021-07-13,15109.14,15397.04,15086.11,15223.53,2992471.0,5946287259.0,0.011105526383566428,False,600519,贵州茅台
2021-07-14,15155.2,15159.04,14932.56,15063.08,3077069.0,6011814880.0,-0.01059554047681052,False,600519,贵州茅台
2021-07-15,15009.49,15454.62,14975.55,15339.39,4219005.0,8391506229.0,0.018177313095427874,False,600519,贵州茅台
2021-07-16,15201.27,15328.71,14970.95,15016.24,3540764.0,6958296859.0,-0.02129174772102237,False,600519,贵州茅台
2021-07-19,15016.17,15247.33,14901.85,15162.88,3005234.0,5900348210.0,0.009718053678299069,False,600519,贵州茅台
2021-07-20,15162.88,15269.83,15058.55,15201.27,2347521.0,4639300956.0,0.00252864120718374,False,600519,贵州茅台
2021-07-21,15270.37,15400.88,15063.15,15116.82,2978013.0,5902656221.0,-0.005570945822232062,False,600519,贵州茅台
2021-07-22,15047.72,15154.44,14886.19,14894.25,3909047.0,7619076855.0,-0.014832798741004221,False,600519,贵州茅台
2021-07-23,14877.44,14877.44,14549.38,14587.08,4758547.0,9057761876.0,-0.020839027005842354,False,600519,贵州茅台
2021-07-26,14425.85,14425.85,13665.79,13850.89,9861948.0,17894360803.0,-0.05178671492783978,False,600519,贵州茅台
2021-07-27,13842.37,13896.11,13074.63,13150.56,8657699.0,15230805685.0,-0.051885147228199084,False,600519,贵州茅台
2021-07-28,13074.63,13728.74,12914.32,13580.57,8536884.0,14792470948.0,0.03217575147174936,False,600519,贵州茅台
2021-07-29,13896.19,13995.92,13315.24,13433.85,6386385.0,11299569857.0,-0.010862453656751703,False,600519,贵州茅台
2021-07-30,13243.53,13243.53,12727.3,12890.29,7773589.0,13109725032.0,-0.041303326324832676,False,600519,贵州茅台
2021-08-02,12775.21,13481.38,12442.93,13473.85,9740065.0,16515259089.0,0.04427645516638946,False,600519,贵州茅台
2021-08-03,13281.92,13581.26,12965.61,13430.09,5437475.0,9447823227.0,-0.0032530579974850695,False,600519,贵州茅台
2021-08-04,13313.09,13512.24,13189.79,13235.85,3817549.0,6614683378.0,-0.014568654661206205,False,600519,贵州茅台
2021-08-05,12996.93,13397.08,12870.1,13043.92,4805969.0,8177369851.0,-0.014606932445973296,False,600519,贵州茅台
2021-08-06,12967.14,13005.61,12641.62,12828.95,4568610.0,7616109615.0,-0.016617788980555236,False,600519,贵州茅台
2021-08-09,12675.4,13120.69,12667.72,13003.99,4769775.0,8028155490.0,0.01355189760750726,False,600519,贵州茅台
2021-08-10,13051.59,13841.45,12859.66,13811.66,8328505.0,14549496463.0,0.06025692950185058,False,600519,贵州茅台
2021-08-11,13665.86,13704.25,13435.54,13439.3,3866259.0,6821292779.0,-0.02732991254377188,False,600519,贵州茅台
2021-08-12,13297.27,13427.79,12945.57,12974.82,4755097.0,8130692626.0,-0.03517269428193244,False,600519,贵州茅台
2021-08-13,12974.82,13151.4,12890.37,13051.9,3790452.0,6418412544.0,0.005923160917321738,False,600519,贵州茅台
2021-08-16,13020.88,13156.01,12937.05,13045.45,2805697.0,4773049794.0,-0.0004943030714865458,False,600519,贵州茅台
2021-08-17,13051.59,13051.59,12505.58,12552.56,6120077.0,10140291982.0,-0.038514785129571356,False,600519,贵州茅台
2021-08-18,12473.18,12613.91,12283.85,12437.4,5997026.0,9701556273.0,-0.009216566588233983,False,600519,贵州茅台
2021-08-19,12454.45,12615.52,12283.85,12437.17,4129195.0,6682355678.0,-1.8492781986284857e-05,False,600519,贵州茅台
2021-08-20,11939.68,12265.04,11711.89,11884.63,11454454.0,17825198286.0,-0.045443600820427324,False,600519,贵州茅台
2021-08-23,11806.93,12276.18,11798.41,12054.99,7159720.0,11218832883.0,0.014232713452505614,False,600519,贵州茅台
2021-08-24,12091.92,12610.53,12021.06,12477.17,7259447.0,11703813764.0,0.03442189230471745,False,600519,贵州茅台
2021-08-25,12649.61,12904.73,12613.98,12783.04,5423890.0,9037626406.0,0.024218717930706193,False,600519,贵州茅台
2021-08-26,12782.81,12782.81,12243.32,12245.47,5402037.0,8722233201.0,-0.04296321965590223,False,600519,贵州茅台
2021-08-27,12199.4,12475.79,12161.78,12253.37,3609545.0,5791426192.0,0.0006449285169276566,False,600519,贵州茅台
2021-08-30,12322.24,12383.66,11868.89,12176.37,5158770.0,8098190333.0,-0.006303812892457851,False,600519,贵州茅台
2021-08-31,12205.54,12409.38,11939.14,11961.4,4367709.0,6888080927.0,-0.01781238977741295,False,600519,贵州茅台
2021-09-01,11969.08,12552.49,11754.88,12452.83,7731610.0,12370243405.0,0.040263107788780346,False,600519,贵州茅台
2021-09-02,12537.13,12613.98,12290.69,12428.19,4283679.0,6939707277.0,-0.0019806268436731358,False,600519,贵州茅台
2021-09-03,12360.78,12742.89,12145.66,12730.83,5283518.0,8631165696.0,0.024059331284924435,False,600519,贵州茅台
2021-09-06,12660.05,13114.24,12484.62,12826.42,5533806.0,9306030671.0,0.007480495417166283,False,600519,贵州茅台
2021-09-07,12752.41,12932.44,12675.4,12813.59,3121122.0,5204051657.0,-0.0010007797244100131,False,600519,贵州茅台
2021-09-08,12744.5,12830.33,12499.43,12537.98,3306367.0,5428265636.0,-0.021743888751078966,False,600519,贵州茅台
2021-09-09,12483.47,12629.34,12468.19,12545.5,1995013.0,3257785762.0,0.0005995978409134439,False,600519,贵州茅台
2021-09-10,12545.5,12812.06,12537.21,12764.31,3338811.0,5528034093.0,0.01729095963774376,False,600519,贵州茅台
2021-09-13,12782.88,12928.76,12591.72,12698.43,2772002.0,4605031711.0,-0.005174631402953556,False,600519,贵州茅台
2021-09-14,12736.82,12921.08,12690.76,12721.47,3376061.0,5638962654.0,0.0018127534970053185,False,600519,贵州茅台
2021-09-15,12667.72,12744.5,12360.63,12404.7,4157005.0,6781755393.0,-0.025215684217996286,False,600519,贵州茅台
2021-09-16,12306.89,12621.66,12168.69,12576.13,4596802.0,7458455126.0,0.013725139729074336,False,600519,贵州茅台
2021-09-17,12437.4,13094.59,12437.4,12944.11,5513025.0,9242101552.0,0.028840285642335952,False,600519,贵州茅台
2021-09-22,12735.52,12959.47,12552.56,12573.21,3174300.0,5227723003.0,-0.029072498496679016,False,600519,贵州茅台
2021-09-23,12575.59,12712.87,12476.4,12552.56,3034181.0,4964210091.0,-0.0016437310895893805,False,600519,贵州茅台
2021-09-24,12498.82,13204.99,12498.82,13005.53,6953660.0,11756596091.0,0.03545002278691826,False,600519,贵州茅台
2021-09-27,13435.46,14306.08,13435.46,14241.59,12686892.0,23270689702.0,0.09079190542745193,False,600519,贵州茅台
2021-09-28,14187.85,14279.98,13780.95,13988.7,4922105.0,8973408813.0,-0.017916696211053126,False,600519,贵州茅台
2021-09-29,13888.43,14164.9,13711.08,13972.88,4329065.0,7870151768.0,-0.0011315527726266786,False,600519,贵州茅台
2021-09-30,13958.91,14204.89,13845.44,14049.66,4053929.0,7411735790.0,0.005479888128382999,False,600519,贵州茅台
2021-10-08,13991.46,14418.17,13874.84,14123.36,4745196.0,8780381118.0,0.005231967898277436,False,600519,贵州茅台
2021-10-11,14122.67,14509.53,14057.41,14334.64,3767557.0,7040475327.0,0.01484882156410724,False,600519,贵州茅台
2021-10-12,14326.04,14410.5,14145.01,14364.35,3060642.0,5688160837.0,0.0020704568776380057,False,600519,贵州茅台
2021-10-13,14356.75,14970.56,14295.33,14816.63,5014261.0,9625769127.0,0.031000756059364493,False,600519,贵州茅台
2021-10-14,14809.18,14907.99,14556.37,14671.53,2662255.0,5097602232.0,-0.009841317402951166,False,600519,贵州茅台
2021-10-15,14511.07,14817.32,14511.07,14717.36,2856078.0,5452953879.0,0.003118868194771609,False,600519,贵州茅台
2021-10-18,14494.95,14494.95,13719.53,13819.33,6965202.0,12651498607.0,-0.0629594126886875,False,600519,贵州茅台
2021-10-19,13819.33,14117.22,13818.41,13912.85,4031456.0,7330114082.0,0.006744536816718589,False,600519,贵州茅台
2021-10-20,14072.69,14201.67,13865.48,14134.11,2866339.0,5246404615.0,0.015778151372209878,False,600519,贵州茅台
2021-10-21,14134.88,14279.98,14041.98,14157.14,2301870.0,4238584294.0,0.0016280655741218667,False,600519,贵州茅台
2021-10-22,14241.59,14748.38,14233.92,14594.75,3596260.0,6794850056.0,0.0304427845412911,False,600519,贵州茅台
2021-10-25,14433.53,14471.99,14264.62,14380.02,3246133.0,6076219948.0,-0.014822131893034997,False,600519,贵州茅台
2021-10-26,14310.92,14425.77,14157.14,14288.04,2113026.0,3934223714.0,-0.0064169194302214055,False,600519,贵州茅台
2021-10-27,14220.86,14266.93,13820.1,13965.21,3464729.0,6302270905.0,-0.022853586804234723,False,600519,贵州茅台
2021-10-28,14012.81,14155.45,13834.69,14015.03,2949093.0,5383196101.0,0.003561088300080982,False,600519,贵州茅台
2021-10-29,14011.27,14187.85,13919.14,14019.56,2877586.0,5266898950.0,0.0003231721983040405,False,600519,贵州茅台
2021-11-01,13665.79,14021.25,13512.24,13842.37,4168998.0,7486936394.0,-0.012719319072726575,False,600519,贵州茅台
2021-11-02,13794.0,14158.83,13727.21,13854.96,3250024.0,5875341369.0,0.0009091129626661407,False,600519,贵州茅台
2021-11-03,13819.33,13895.96,13521.37,13550.63,2782931.0,4958314535.0,-0.022210250556565458,False,600519,贵州茅台
2021-11-04,13649.97,13942.17,13584.56,13851.58,3113043.0,5592211731.0,0.021966264839347344,False,600519,贵州茅台
2021-11-05,13851.66,14164.74,13851.66,13972.42,2707723.0,4956331383.0,0.008686081063861942,False,600519,贵州茅台
2021-11-08,13972.88,14055.8,13835.07,13973.65,1770572.0,3220439334.0,8.80266886037502e-05,False,600519,贵州茅台
2021-11-09,13972.73,14033.3,13681.14,13742.64,2735192.0,4915170028.0,-0.016670005225914213,False,600519,贵州茅台
2021-11-10,13742.64,13780.95,13320.3,13466.1,3534877.0,6204803250.0,-0.02032799186999991,False,600519,贵州茅台
2021-11-11,13457.96,13585.94,13370.21,13585.94,2265187.0,3987243285.0,0.008860018242730772,False,600519,贵州茅台
2021-11-12,13650.43,13704.56,13563.37,13618.03,1760663.0,3124400972.0,0.002359215576560107,False,600519,贵州茅台
2021-11-15,13617.27,13696.5,13435.46,13520.99,2494735.0,4410975373.0,-0.007151357238929795,False,600519,贵州茅台
2021-11-16,13573.66,13957.53,13550.63,13880.75,3352624.0,6033536262.0,0.02625969541489508,False,600519,贵州茅台
2021-11-17,13857.72,13976.72,13742.64,13780.95,2450546.0,4411450908.0,-0.007215784498280766,False,600519,贵州茅台
2021-11-18,13675.15,13873.08,13589.01,13757.92,1952089.0,3485674964.0,-0.0016725454144409298,False,600519,贵州茅台
2021-11-19,13774.73,14195.53,13728.74,14037.45,3115559.0,5699883800.0,0.020114099882163814,False,600519,贵州茅台
2021-11-22,14195.53,14656.17,14187.85,14235.99,4257268.0,7994018410.0,0.01404450703277508,False,600519,贵州茅台
2021-11-23,14218.56,14717.59,14218.56,14559.67,4578220.0,8676297616.0,0.022482112473331244,False,600519,贵州茅台
2021-11-24,14587.08,15093.78,14564.04,14901.85,5451235.0,10555736753.0,0.023229988641366967,False,600519,贵州茅台
2021-11-25,14993.98,15248.87,14942.16,15017.24,3975288.0,7803035266.0,0.007713508139738388,False,600519,贵州茅台
2021-11-26,15084.8,15101.46,14779.01,14901.93,3265557.0,6337346211.0,-0.007708139693185556,False,600519,贵州茅台
2021-11-29,15047.72,15278.04,14979.24,15239.66,4239934.0,8372476083.0,0.022410505533905188,False,600519,贵州茅台
2021-11-30,15242.73,15277.27,14798.2,14823.31,3692487.0,7192172533.0,-0.027700298539987782,False,600519,贵州茅台
2021-12-01,14970.95,15047.34,14733.1,14840.35,2625440.0,5071457098.0,0.001148880608414271,False,600519,贵州茅台
2021-12-02,14894.17,14910.68,14737.55,14848.11,2042182.0,3939731543.0,0.0005227620547998761,False,600519,贵州茅台
2021-12-03,14832.75,15267.45,14825.46,15138.93,3581839.0,7045848180.0,0.019396987378201946,False,600519,贵州茅台
2021-12-06,15224.3,15278.04,14970.95,15103.77,3106388.0,6122543819.0,-0.0023251902668129805,False,600519,贵州茅台
2021-12-07,15206.95,15261.69,14945.84,15016.01,3697989.0,7286659622.0,-0.005827416292665,False,600519,贵州茅台
2021-12-08,15085.19,15700.3,14970.95,15684.95,6104807.0,12285101988.0,0.04358468863825596,False,600519,贵州茅台
2021-12-09,15776.61,16252.46,15700.3,16019.3,6423918.0,13404724467.0,0.02109259142621291,False,600519,贵州茅台
2021-12-10,15815.46,16090.16,15784.75,16045.78,4314822.0,8944582265.0,0.001651641350628635,False,600519,贵州茅台
2021-12-13,16537.14,16736.75,16260.75,16262.29,6580656.0,14139012290.0,0.013403043956115822,False,600519,贵州茅台
2021-12-14,16262.29,16643.85,16122.56,16506.43,4044941.0,8673733691.0,0.014901071352576194,False,600519,贵州茅台
2021-12-15,16446.16,16621.21,16314.65,16391.27,3007827.0,6444715086.0,-0.0070011259381396705,False,600519,贵州茅台
2021-12-16,16237.72,16460.75,16016.84,16268.35,3721136.0,7865499278.0,-0.007527373582459197,False,600519,贵州茅台
2021-12-17,16126.4,16183.98,15631.2,15744.06,4840318.0,9988869785.0,-0.03275835116524455,False,600519,贵州茅台
2021-12-20,15744.06,16012.46,15669.59,15807.48,3225769.0,6654596508.0,0.004020094449380548,False,600519,贵州茅台
2021-12-21,15700.3,15885.56,15453.32,15648.09,2628589.0,5354186590.0,-0.010134380917962314,False,600519,贵州茅台
2021-12-22,15661.91,15838.49,15661.91,15723.33,1743079.0,3570928372.0,0.004796731819222312,False,600519,贵州茅台
2021-12-23,15761.72,16276.11,15546.75,16276.11,3909854.0,8126298013.0,0.03455279190502092,False,600519,贵州茅台
2021-12-24,16497.83,17020.51,16497.83,16844.92,5612959.0,12295953400.0,0.03435073912959756,False,600519,贵州茅台
2021-12-27,16644.62,16644.62,16214.69,16366.85,3755590.0,8020677686.0,-0.02879117996454927,False,600519,贵州茅台
2021-12-28,16375.91,16548.65,16250.0,16415.68,2765070.0,5901940633.0,0.0029790279220213416,False,600519,贵州茅台
2021-12-29,16506.43,16539.06,15669.59,15669.59,5404902.0,11195625154.0,-0.046515084241167626,False,600519,贵州茅台
2021-12-30,15669.59,16037.95,15569.78,15930.62,3526136.0,7272866657.0,0.01652115206098214,False,600519,贵州茅台
2021-12-31,15892.24,15915.11,15569.78,15738.69,2966491.0,6061415344.0,-0.012121031361127669,False,600519,贵州茅台
2022-01-04,15777.07,15884.17,15462.3,15748.13,3384262.0,6913653122.0,0.0005996159842649746,False,600519,贵州茅台
2022-01-05,15700.3,15853.85,15493.01,15539.07,2839551.0,5774992117.0,-0.013364130475089745,False,600519,贵州茅台
2022-01-06,15523.8,15631.2,14882.73,15218.31,5179475.0,10226933847.0,-0.020858189428239075,False,600519,贵州茅台
2022-01-07,15162.88,15269.44,14888.95,14909.53,2981669.0,5831695311.0,-0.020498702348938243,False,600519,贵州茅台
2022-01-10,14802.12,15178.24,14721.81,15093.78,2962670.0,5792738145.0,0.012282132616849215,False,600519,贵州茅台
2022-01-11,14955.59,15086.11,14826.38,14898.39,2227664.0,4332180604.0,-0.013029585006593071,False,600519,贵州茅台
2022-01-12,14955.59,15192.06,14955.59,15101.46,2747410.0,5384359628.0,0.01353827446662782,False,600519,贵州茅台
2022-01-13,15084.73,15109.06,14322.67,14413.49,5674735.0,10781720544.0,-0.04662685427950348,False,600519,贵州茅台
2022-01-14,14413.49,14533.33,14303.01,14333.72,2932164.0,5506186026.0,-0.005549770203269045,False,600519,贵州茅台
2022-01-17,14341.4,14420.48,14090.65,14292.34,2735382.0,5074077665.0,-0.0028910739949702903,False,600519,贵州茅台
2022-01-18,14292.88,14655.02,14218.56,14527.73,3121577.0,5906705861.0,0.01633550747367311,False,600519,贵州茅台
2022-01-19,14732.95,14732.95,14501.7,14679.2,2637094.0,5026993463.0,0.010372288904130967,False,600519,贵州茅台
2022-01-20,14709.91,15201.19,14709.91,15120.81,3401391.0,6665294954.0,0.02964041495645377,False,600519,贵州茅台
2022-01-21,15047.72,15304.84,14978.7,15239.58,3081258.0,6091427695.0,0.007824050078563726,False,600519,贵州茅台
2022-01-24,15009.33,15231.98,14828.45,14972.48,2398580.0,4685441775.0,-0.017682141450303623,False,600519,贵州茅台
2022-01-25,14917.2,15093.78,14825.08,14917.2,2551012.0,4971078498.0,-0.003698939769787733,False,600519,贵州茅台
2022-01-26,14909.83,15116.82,14732.95,15009.33,2390513.0,4655706528.0,0.006157098136853596,False,600519,贵州茅台
2022-01-27,15362.57,15437.89,14986.3,15086.11,4266516.0,8450329058.0,0.005102445193039132,False,600519,贵州茅台
2022-01-28,15009.33,15109.14,14433.6,14487.27,4102011.0,7889492895.0,-0.04050412014853784,False,600519,贵州茅台
2022-02-07,14594.68,14691.18,14203.21,14341.09,3515042.0,6601799703.0,-0.010141489344514039,False,600519,贵州茅台
2022-02-08,14348.15,14378.79,13742.56,14118.75,4171306.0,7585130459.0,-0.015625142206197384,False,600519,贵州茅台
2022-02-09,14119.44,14648.5,14026.39,14556.21,3388479.0,6346699784.0,0.030514005452063956,False,600519,贵州茅台
2022-02-10,14587.08,14632.37,14259.94,14379.79,2303183.0,4315456868.0,-0.012193958116107002,False,600519,贵州茅台
2022-02-11,14256.95,14593.14,14134.11,14202.98,3374649.0,6296909575.0,-0.012371946825340907,False,600519,贵州茅台
2022-02-14,14126.43,14410.5,14105.78,14346.54,2019587.0,3762313349.0,0.010056996405368621,False,600519,贵州茅台
2022-02-15,14347.54,14671.53,14272.3,14515.06,2710586.0,5131842112.0,0.01167793297272845,False,600519,贵州茅台
2022-02-16,14587.08,14640.82,14494.95,14529.88,1458685.0,2769034316.0,0.0010204876502497655,False,600519,贵州茅台
2022-02-17,14591.76,14675.21,14441.21,14487.19,1821366.0,3450265032.0,-0.0029424080928911658,False,600519,贵州茅台
2022-02-18,14415.33,14648.34,14323.43,14640.82,1938549.0,3670339742.0,0.010548707213325683,False,600519,贵州茅台
2022-02-21,14587.08,14640.05,14348.69,14410.42,2081573.0,3920377358.0,-0.01586196188079888,False,600519,贵州茅台
2022-02-22,14280.06,14287.66,13819.49,13879.76,5229881.0,9473992638.0,-0.03751989214989102,False,600519,贵州茅台
2022-02-23,13906.93,14080.37,13819.95,14026.7,2811161.0,5118197820.0,0.01053099232149268,False,600519,贵州茅台
2022-02-24,13880.75,13926.74,13420.88,13543.79,6535925.0,11578557075.0,-0.035034516494419805,False,600519,贵州茅台
2022-02-25,13627.4,13882.9,13627.4,13812.12,3897913.0,6999524161.0,0.019618327897354557,False,600519,贵州茅台
2022-02-28,13719.99,13796.3,13565.98,13745.63,2892303.0,5158148387.0,-0.004825512171450904,False,600519,贵州茅台
2022-03-01,13834.69,14307.39,13834.69,14268.31,4737930.0,8721229267.0,0.03732003878616542,False,600519,贵州茅台
2022-03-02,14126.43,14210.81,14011.27,14163.9,2007448.0,3690612341.0,-0.007344520129790877,False,600519,贵州茅台
2022-03-03,14170.96,14205.12,13773.27,13819.33,3154693.0,5703580558.0,-0.024628137371023744,False,600519,贵州茅台
2022-03-04,13604.37,13764.75,13474.62,13669.63,3104703.0,5509157654.0,-0.010891752900788821,False,600519,贵州茅台
2022-03-07,13513.77,13573.66,13080.77,13105.34,4915581.0,8487507372.0,-0.042156803065529956,False,600519,贵州茅台
2022-03-08,13512.09,13716.92,13297.27,13460.03,5721546.0,10087484369.0,0.026704772305357144,False,600519,贵州茅台
2022-03-09,13543.72,13857.72,13213.66,13659.49,5643442.0,10018590069.0,0.014709965119910283,False,600519,贵州茅台
2022-03-10,13880.75,13980.56,13750.24,13776.57,3646178.0,6587438866.0,0.008534804975859607,False,600519,贵州茅台
2022-03-11,13558.3,13642.75,13190.4,13581.41,4772677.0,8335618341.0,-0.014267377234813384,False,600519,贵州茅台
2022-03-14,13281.92,13435.46,13051.59,13051.59,4900661.0,8416841920.0,-0.039791980473821736,False,600519,贵州茅台
2022-03-15,12667.72,12936.43,12306.89,12306.89,8905587.0,14567142622.0,-0.058750697279891594,False,600519,贵州茅台
2022-03-16,12544.89,12927.99,12230.11,12859.28,7759281.0,12753010156.0,0.043906461536298534,False,600519,贵州茅台
2022-03-17,13205.14,13473.85,13141.11,13206.29,6835196.0,11843531813.0,0.026627501562758466,False,600519,贵州茅台
2022-03-18,13189.79,13397.08,12992.32,13111.4,3834868.0,6564085394.0,-0.00721115046154196,False,600519,贵州茅台
2022-03-21,13235.85,13248.52,13013.28,13084.61,2787716.0,4763083283.0,-0.002045350367446671,False,600519,贵州茅台
2022-03-22,13234.93,13234.93,12946.64,13013.21,2105404.0,3578291198.0,-0.005471735044706811,False,600519,贵州茅台
2022-03-23,13089.98,13589.01,13028.56,13452.28,5806739.0,10096341448.0,0.03318361303728133,False,600519,贵州茅台
2022-03-24,13343.34,13358.69,13184.8,13212.28,2581532.0,4457504430.0,-0.018001908251177413,False,600519,贵州茅台
2022-03-25,13143.72,13312.63,12936.43,12974.82,2970866.0,5054831352.0,-0.01813614403560446,False,600519,贵州茅台
2022-03-28,12475.79,12781.35,12314.56,12750.64,5754164.0,9392008017.0,-0.0174290897002683,False,600519,贵州茅台
2022-03-29,12756.01,12986.34,12756.01,12798.24,2593498.0,4343365464.0,0.003726195048494422,False,600519,贵州茅台
2022-03-30,13036.24,13282.68,13013.21,13282.68,4243343.0,7276379091.0,0.03715326944528398,False,600519,贵州茅台
2022-03-31,13205.14,13347.94,13119.16,13197.46,2517386.0,4338022922.0,-0.0064365440828827985,False,600519,贵州茅台
2022-04-01,13281.46,13765.59,13218.12,13665.86,4486191.0,7936957252.0,0.03487636506996527,False,600519,贵州茅台
2022-04-06,13458.5,13732.81,13458.5,13550.63,2781977.0,4910792426.0,-0.008467711194126018,False,600519,贵州茅台
2022-04-07,13496.88,13704.17,13436.23,13550.63,2019571.0,3568182341.0,0.0,False,600519,贵州茅台
2022-04-08,13573.66,13732.58,13562.45,13696.5,2294132.0,4081618543.0,0.010707285032547158,False,600519,贵州茅台
2022-04-11,13589.01,13589.01,13097.89,13205.14,4386359.0,7568782591.0,-0.03653417800479318,False,600519,贵州茅台
2022-04-12,13274.24,13726.98,13113.01,13681.14,4162956.0,7284546261.0,0.03541209431813418,False,600519,贵州茅台
2022-04-13,13565.98,13780.95,13443.76,13581.34,3114766.0,5534915753.0,-0.007321450271813671,False,600519,贵州茅台
2022-04-14,13727.21,14094.95,13667.32,13888.43,3764986.0,6834657201.0,0.022359327636354176,False,600519,贵州茅台
2022-04-15,13836.23,13957.53,13787.78,13865.32,2104113.0,3800797635.0,-0.0016653609217607244,False,600519,贵州茅台
2022-04-18,13674.46,13803.98,13573.66,13748.86,1979315.0,3525102977.0,-0.00843484691396562,False,600519,贵州茅台
2022-04-19,13819.33,14072.61,13631.24,13744.86,2420476.0,4359851980.0,-0.00029097554119429154,False,600519,贵州茅台
2022-04-20,13832.31,13972.88,13578.88,13796.3,2415572.0,4342043328.0,0.0037355042282966005,False,600519,贵州茅台
2022-04-21,13744.1,13865.4,13589.01,13665.63,2895261.0,5160788004.0,-0.009516518770997653,False,600519,贵州茅台
2022-04-22,13535.27,13726.28,13513.62,13612.04,2789975.0,4955360846.0,-0.00392922628268276,False,600519,贵州茅台
2022-04-25,13435.46,13638.92,13066.95,13113.01,5365802.0,9352986852.0,-0.037349828066949975,False,600519,贵州茅台
2022-04-26,13077.16,13427.63,13051.59,13300.96,4456396.0,7692845226.0,0.014231345922958065,False,600519,贵州茅台
2022-04-27,13566.9,13896.11,13566.9,13780.33,5740244.0,10289893014.0,0.035405999975180236,False,600519,贵州茅台
2022-04-28,13765.59,14164.82,13715.69,14088.04,4401006.0,8038681950.0,0.022083997436596337,False,600519,贵州茅台
2022-04-29,14095.72,14195.53,13903.63,14037.22,3488527.0,6384066537.0,-0.003613837191785923,False,600519,贵州茅台
2022-05-05,14049.66,14356.75,14041.83,14103.4,3366094.0,6235017580.0,0.004703529773641197,False,600519,贵州茅台
2022-05-06,13934.42,13965.21,13673.46,13765.59,2859618.0,5138176680.0,-0.024243903059575553,False,600519,贵州茅台
2022-05-09,13665.79,13665.79,13343.34,13450.82,3035182.0,5324616273.0,-0.023131929275793665,False,600519,贵州茅台
2022-05-10,13205.14,13703.87,13090.06,13559.76,4011919.0,7018451097.0,0.008066512508359122,False,600519,贵州茅台
2022-05-11,13473.85,13730.89,13450.82,13573.66,3031267.0,5372950033.0,0.0010245668416253107,False,600519,贵州茅台
2022-05-12,13458.5,13650.43,13435.46,13532.74,2203823.0,3888480084.0,-0.003019215468258616,False,600519,贵州茅台
2022-05-13,13665.79,13803.52,13558.3,13652.27,2073052.0,3690141231.0,0.008793873556955363,False,600519,贵州茅台
2022-05-16,13796.3,13796.3,13379.19,13496.88,2776531.0,4881208653.0,-0.01144726054791173,False,600519,贵州茅台
2022-05-17,13588.09,13627.4,13473.85,13573.66,2014474.0,3557048801.0,0.0056726024592149964,False,600519,贵州茅台
2022-05-18,13617.11,13619.11,13381.88,13519.92,2485044.0,4362486907.0,-0.003966996644651099,False,600519,贵州茅台
2022-05-19,13397.08,13489.21,13351.01,13481.53,1977626.0,3459059182.0,-0.002843552910513809,False,600519,贵州茅台
2022-05-20,13512.16,13828.16,13450.82,13819.41,4194960.0,7493460272.0,0.024753525150085172,False,600519,贵州茅台
2022-05-23,13819.33,13849.2,13604.37,13673.46,2215713.0,3950856594.0,-0.01061739797013447,False,600519,贵州茅台
2022-05-24,13711.85,13719.53,13477.69,13512.24,2734222.0,4824599922.0,-0.01186078636988568,False,600519,贵州茅台
2022-05-25,13552.7,13604.37,13412.43,13477.77,2238869.0,3929477102.0,-0.0025542798050967423,False,600519,贵州茅台
2022-05-26,13519.92,13519.92,13281.92,13380.19,2805344.0,4888109192.0,-0.0072664066337899645,False,600519,贵州茅台
2022-05-27,13512.16,13665.79,13458.57,13475.08,2511958.0,4436904896.0,0.0070667987994472515,False,600519,贵州茅台
2022-05-30,13558.3,13746.78,13558.3,13653.58,3446569.0,6135631304.0,0.013159704608537137,False,600519,贵州茅台
2022-05-31,13625.63,13933.73,13565.83,13850.27,4075082.0,7329201058.0,0.014302968721971059,False,600519,贵州茅台
2022-06-01,13834.69,13932.81,13658.11,13729.13,2176001.0,3897858999.0,-0.008784874150320046,False,600519,贵州茅台
2022-06-02,13726.98,13787.09,13665.79,13711.85,1691473.0,3019718032.0,-0.0012594304054794178,False,600519,贵州茅台
2022-06-06,13742.56,13780.95,13496.88,13727.21,3674126.0,6535329352.0,0.0011195719973209315,False,600519,贵州茅台
2022-06-07,13697.57,14011.27,13591.39,13956.76,3504859.0,6356031009.0,0.01658398423654796,False,600519,贵州茅台
2022-06-08,14011.27,14448.88,14011.27,14322.97,4435381.0,8236953846.0,0.02590056355602885,False,600519,贵州茅台
2022-06-09,14372.11,14497.63,14195.53,14226.24,2632902.0,4897066622.0,-0.006776395574480089,False,600519,贵州茅台
2022-06-10,14164.9,14640.82,14088.04,14591.68,4734462.0,8882462598.0,0.02536335657916573,False,600519,贵州茅台
2022-06-13,14510.3,14525.66,14188.46,14249.27,3675518.0,6847248995.0,-0.023745825934670402,False,600519,贵州茅台
2022-06-14,14080.37,14398.37,14065.01,14364.43,2941623.0,5467949348.0,0.008049334534471712,False,600519,贵州茅台
2022-06-15,14356.75,14625.46,14302.93,14395.91,3366362.0,6354869100.0,0.0021891265938951405,False,600519,贵州茅台
2022-06-16,14545.54,14645.65,14397.67,14410.5,2688670.0,5087605391.0,0.001012969075117272,False,600519,贵州茅台
2022-06-17,14418.86,14986.3,14418.86,14978.62,5054161.0,9749530916.0,0.038666743479298576,False,600519,贵州茅台
2022-06-20,14970.95,15124.49,14817.4,14909.68,3497478.0,6802792459.0,-0.0046131845747007,False,600519,贵州茅台
2022-06-21,14963.27,15101.39,14802.04,14938.24,2371702.0,4617805127.0,0.0019137017732669868,False,600519,贵州茅台
2022-06-22,15009.33,15032.37,14832.75,14863.46,1964665.0,3813775294.0,-0.005018516188513091,False,600519,贵州茅台
2022-06-23,14914.9,15086.41,14894.17,15025.46,2684352.0,5239860443.0,0.010840243568103683,False,600519,贵州茅台
2022-06-24,15124.49,15508.36,15086.11,15423.99,3963465.0,7921199792.0,0.026177993934509675,False,600519,贵州茅台
2022-06-27,15507.9,15738.23,15357.12,15435.81,4011517.0,8124448900.0,0.0007660451835736516,False,600519,贵州茅台
2022-06-28,15506.37,15669.59,15362.49,15631.2,2524571.0,5112298787.0,0.012578782206860185,False,600519,贵州茅台
2022-06-29,15569.78,15677.27,15439.34,15585.14,3036012.0,6142508408.0,-0.002951020742739946,False,600519,贵州茅台
2022-06-30,15520.53,16118.08,15520.46,15869.75,3898243.0,7984019438.0,0.018096885245744775,False,600519,贵州茅台
2022-07-01,15947.35,16046.45,15638.57,15745.97,2159645.0,4385555299.0,-0.007830321906485598,False,600519,贵州茅台
2022-07-04,15675.82,15709.03,15528.37,15660.22,2507589.0,5042804258.0,-0.005460720519416455,False,600519,贵州茅台
2022-07-05,15716.71,15943.08,15598.14,15776.7,2632940.0,5345189852.0,0.0074104290773945175,False,600519,贵州茅台
2022-07-06,15768.86,15823.19,15411.89,15536.06,3275166.0,6566374982.0,-0.015370394533209887,False,600519,贵州茅台
2022-07-07,15559.34,15593.09,15404.21,15442.93,2093177.0,4179088240.0,-0.006012480106892534,False,600519,贵州茅台
2022-07-08,15559.34,15636.09,15490.74,15512.77,1564389.0,3134903462.0,0.004512262264987286,False,600519,贵州茅台
2022-07-11,15444.48,15479.95,15136.4,15238.06,2394921.0,4709248310.0,-0.017867310129871118,False,600519,贵州茅台
2022-07-12,15248.93,15309.46,14977.78,15120.18,2344686.0,4562731381.0,-0.0077659701252447595,False,600519,贵州茅台
2022-07-13,15093.72,15303.25,15060.12,15201.51,1985377.0,3893406034.0,0.005364489580963029,False,600519,贵州茅台
2022-07-14,15210.12,15340.5,15062.68,15155.8,2052724.0,4014985518.0,-0.0030114680480647586,False,600519,贵州茅台
2022-07-15,15094.57,15518.05,15089.92,15128.64,3341623.0,6588730699.0,-0.0017936608556499353,False,600519,贵州茅台
2022-07-18,15150.84,15202.36,14915.23,15145.4,2422072.0,4701936868.0,0.001107219367631215,False,600519,贵州茅台
2022-07-19,15093.72,15145.33,14946.27,15078.98,2195603.0,4250852886.0,-0.004395134452432459,False,600519,贵州茅台
2022-07-20,15200.42,15287.73,15093.72,15133.3,1870461.0,3659970961.0,0.003595892698717001,False,600519,贵州茅台
2022-07-21,15078.98,15178.31,15012.31,15047.16,1406137.0,2735503093.0,-0.005708344664547259,False,600519,贵州茅台
2022-07-22,15126.47,15225.64,15016.12,15109.24,2511357.0,4894378605.0,0.004117208134607019,False,600519,贵州茅台
2022-07-25,15128.72,15150.37,14985.08,15091.0,1691244.0,3285451347.0,-0.001207937567241345,False,600519,贵州茅台
2022-07-26,15155.72,15248.69,15109.4,15134.15,2068510.0,4041100077.0,0.0028552400444431664,False,600519,贵州茅台
2022-07-27,15070.44,15117.0,14876.43,14896.61,2148987.0,4149807166.0,-0.015820109393835276,False,600519,贵州茅台
2022-07-28,14908.25,15039.4,14687.55,14728.99,3486986.0,6669448409.0,-0.011316009712563595,False,600519,贵州茅台
2022-07-29,14706.48,14891.88,14574.56,14732.4,3703236.0,7028415881.0,0.00023148941819982208,False,600519,贵州茅台
2022-08-01,14666.98,14806.59,14598.46,14669.23,2103741.0,3988198590.0,-0.004297047286207151,False,600519,贵州茅台
2022-08-02,14589.3,14651.23,14418.65,14589.15,2822088.0,5284516568.0,-0.0054740009504450505,False,600519,贵州茅台
2022-08-03,14666.83,14775.55,14566.02,14628.1,2459842.0,4642442196.0,0.002666234712301949,False,600519,贵州茅台
2022-08-04,14666.91,14923.77,14590.31,14868.75,3035714.0,5797110733.0,0.016317358600823544,False,600519,贵州茅台
2022-08-05,14960.24,15016.12,14782.53,14930.44,2008584.0,3857406327.0,0.004140386911743009,False,600519,贵州茅台
2022-08-08,14862.08,14999.67,14802.79,14833.98,1679901.0,3220702892.0,-0.0064815869214275065,False,600519,贵州茅台
2022-08-09,14833.98,14891.88,14783.31,14822.11,1387461.0,2651800008.0,-0.0008005101571969579,False,600519,贵州茅台
2022-08-10,14821.96,14884.19,14469.64,14558.26,2792662.0,5259452686.0,-0.017961454769565594,False,600519,贵州茅台
2022-08-11,14635.86,14798.83,14573.86,14798.05,2606149.0,4940834195.0,0.016336885199944664,False,600519,贵州茅台
2022-08-12,14798.05,14977.32,14744.51,14961.8,2025983.0,3882570566.0,0.011004870831344018,False,600519,贵州茅台
2022-08-15,14903.28,15051.04,14865.18,14898.86,1932314.0,3717178491.0,-0.004215586206717575,False,600519,贵州茅台
2022-08-16,14930.29,15006.73,14868.67,14882.95,1483584.0,2854189586.0,-0.001068437513604239,False,600519,贵州茅台
2022-08-17,14977.32,14977.32,14705.71,14884.19,1836063.0,3508295541.0,8.331334489763574e-05,False,600519,贵州茅台
2022-08-18,14806.59,14846.01,14597.61,14709.59,2316777.0,4384060205.0,-0.011799913759424168,False,600519,贵州茅台
2022-08-19,14728.99,14809.31,14651.38,14705.78,1354417.0,2572000762.0,-0.000259048247314579,False,600519,贵州茅台
2022-08-22,14628.18,14798.83,14600.01,14697.79,1542667.0,2925285473.0,-0.0005434714353843225,False,600519,贵州茅台
2022-08-23,14733.64,14733.64,14488.42,14511.78,2375636.0,4452538978.0,-0.012736408956252014,False,600519,贵州茅台
2022-08-24,14511.62,14552.29,14364.25,14389.09,1872761.0,3486382969.0,-0.008490452850498268,False,600519,贵州茅台
2022-08-25,14426.34,14651.38,14389.09,14628.1,2192534.0,4107597895.0,0.01647405592863252,False,600519,贵州茅台
2022-08-26,14744.51,14837.63,14635.86,14728.99,2314195.0,4397161135.0,0.006873324106150429,False,600519,贵州茅台
2022-08-29,14612.58,14744.28,14542.74,14580.15,1356962.0,2555981192.0,-0.010156645981023877,False,600519,贵州茅台
2022-08-30,14607.54,14628.1,14389.09,14511.7,1823539.0,3400091358.0,-0.004705793981190854,False,600519,贵州茅台
2022-08-31,14434.87,14942.86,14434.17,14930.75,4469151.0,8518225337.0,0.028467624104476914,False,600519,贵州茅台
2022-09-01,14838.8,14868.67,14596.21,14596.21,2684508.0,5088658955.0,-0.02266093874259232,False,600519,贵州茅台
2022-09-02,14666.44,14689.88,14481.98,14550.5,1939132.0,3635162804.0,-0.0031365486858954514,False,600519,贵州茅台
2022-09-05,14454.58,14503.94,14123.69,14240.09,3682187.0,6764549173.0,-0.02156413109965593,False,600519,贵州茅台
2022-09-06,14242.88,14342.53,14162.49,14317.69,2083004.0,3832086313.0,0.005434609482444233,False,600519,贵州茅台
2022-09-07,14240.32,14260.73,14053.92,14108.24,2830616.0,5151537330.0,-0.014736811817300856,False,600519,贵州茅台
2022-09-08,14123.69,14216.81,14084.89,14084.89,1659057.0,3026766448.0,-0.001656432282539363,False,600519,贵州茅台
2022-09-09,14162.49,14372.02,14092.65,14316.06,2708986.0,4991679523.0,0.01627939243865292,False,600519,贵州茅台
2022-09-13,14589.3,14654.33,14420.36,14581.54,2869309.0,5387987148.0,0.018374361135503153,False,600519,贵州茅台
2022-09-14,14465.22,14589.3,14457.38,14503.94,1604157.0,3002693247.0,-0.005336008491194041,False,600519,贵州茅台
2022-09-15,14511.7,14691.12,14511.39,14589.3,2081021.0,3917954256.0,0.005868046662398371,False,600519,贵州茅台
2022-09-16,14525.67,14632.76,14396.15,14426.34,2412127.0,4501527357.0,-0.011232680956021377,False,600519,贵州茅台
2022-09-19,14395.3,14655.96,14378.84,14524.43,1858351.0,3479680771.0,0.006776356922415457,False,600519,贵州茅台
2022-09-20,14511.54,14625.0,14422.84,14573.78,1411630.0,2645281859.0,0.0033919644758934287,False,600519,贵州茅台
2022-09-21,14563.46,14612.58,14340.97,14340.97,2099454.0,3904096421.0,-0.0161035479182713,False,600519,贵州茅台
2022-09-22,14278.89,14286.81,14099.24,14129.97,2270429.0,4147900996.0,-0.014822402288625323,False,600519,贵州茅台
2022-09-23,14129.97,14395.3,14129.97,14235.67,2828769.0,5191904760.0,0.007452713158611498,False,600519,贵州茅台
2022-09-26,14123.69,14651.38,14123.53,14457.38,3513492.0,6566771227.0,0.015454224115033603,False,600519,贵州茅台
2022-09-27,14502.85,14721.23,14365.11,14651.38,2882019.0,5422668135.0,0.013329518153369475,False,600519,贵州茅台
2022-09-28,14593.18,14739.85,14542.82,14612.58,2144597.0,4042506330.0,-0.002651727430989701,False,600519,贵州茅台
2022-09-29,14728.83,14761.43,14520.47,14592.02,2158966.0,4075515187.0,-0.001407997602885118,False,600519,贵州茅台
2022-09-30,14733.8,14759.95,14480.66,14531.1,2128908.0,4000917951.0,-0.004183623791364975,False,600519,贵州茅台
2022-10-10,14666.91,14674.67,13814.83,13859.84,4858413.0,8865386496.0,-0.04729573047012589,False,600519,贵州茅台
2022-10-11,13883.12,14015.04,13658.07,13813.2,3204719.0,5712249507.0,-0.003370792956700821,False,600519,贵州茅台
2022-10-12,13764.08,13805.52,13254.54,13658.07,4819500.0,8372252823.0,-0.01129410099976882,False,600519,贵州茅台
2022-10-13,13351.23,13464.06,13169.17,13192.38,6396927.0,10919727537.0,-0.03469116554811134,False,600519,贵州茅台
2022-10-14,13270.06,13619.27,13207.51,13484.32,4651970.0,8045032623.0,0.0218881387415366,False,600519,贵州茅台
2022-10-17,13394.22,13409.66,13175.38,13336.02,3354951.0,5740146639.0,-0.01105888377310786,False,600519,贵州茅台
2022-10-18,13386.46,13425.26,13200.21,13237.7,2808277.0,4800689502.0,-0.0073998257410248,False,600519,贵州茅台
2022-10-19,13207.82,13207.82,12788.92,12788.92,6012093.0,9997656284.0,-0.034489648350498975,False,600519,贵州茅台
2022-10-20,12579.39,12947.46,12501.79,12754.0,4277807.0,7020555512.0,-0.002734223162824636,False,600519,贵州茅台
2022-10-21,12726.84,12787.37,12494.03,12602.67,3890740.0,6317945876.0,-0.011936251622385563,False,600519,贵州茅台
2022-10-24,12183.62,12331.06,11547.36,11650.33,13209804.0,20217576174.0,-0.07857419047990588,False,600519,贵州茅台
2022-10-25,11480.69,11756.81,11423.11,11483.26,8136156.0,12136909034.0,-0.014444183086384987,False,600519,贵州茅台
2022-10-26,11553.49,11756.73,11329.99,11361.65,8178083.0,12120993864.0,-0.010646673479773496,False,600519,贵州茅台
2022-10-27,11485.2,11547.12,10739.05,10872.13,10710590.0,15258551283.0,-0.04404101512571565,False,600519,贵州茅台
2022-10-28,10792.75,10910.94,10543.95,10553.96,9314275.0,12823821843.0,-0.0297014891548357,False,600519,贵州茅台
2022-10-31,10476.36,10724.77,10344.44,10476.36,7184665.0,9758303071.0,-0.00737985462788235,False,600519,贵州茅台
2022-11-01,10546.2,11402.94,10546.2,11345.59,11876648.0,16859775304.0,0.07970783185205423,False,600519,贵州茅台
2022-11-02,11329.99,11686.96,11143.74,11422.8,7977715.0,11717204099.0,0.006782235894872507,False,600519,贵州茅台
2022-11-03,11202.49,11349.39,11082.44,11170.9,4515970.0,6509550787.0,-0.02229917526454579,False,600519,贵州茅台
2022-11-04,11158.95,11855.9,11158.95,11768.99,8000795.0,11996968945.0,0.05215592340672407,False,600519,贵州茅台
2022-11-07,11594.23,11783.81,11536.34,11695.58,4269835.0,6414049133.0,-0.006257113555369818,False,600519,贵州茅台
2022-11-08,11702.48,11780.01,11399.52,11523.07,3932491.0,5842320995.0,-0.014859879829597467,False,600519,贵州茅台
2022-11-09,11515.85,11554.11,11252.39,11329.21,3609016.0,5276777530.0,-0.016966766601531333,False,600519,贵州茅台
2022-11-10,11205.83,11524.0,11137.15,11446.39,3771967.0,5518325849.0,0.010290050226251466,False,600519,贵州茅台
2022-11-11,11857.69,11985.34,11601.44,11858.85,7394715.0,11252112275.0,0.03540002783630956,False,600519,贵州茅台
2022-11-14,11977.97,12133.41,11857.69,11896.49,5737015.0,8858049581.0,0.003168974344265322,False,600519,贵州茅台
2022-11-15,11888.73,12408.43,11803.37,12323.3,5631760.0,8858377894.0,0.0352483807552823,False,600519,贵州茅台
2022-11-16,12268.98,12400.91,12168.1,12301.96,2684776.0,4250886805.0,-0.0017331801038413077,False,600519,贵州茅台
2022-11-17,12342.71,12387.71,12050.76,12160.34,3057988.0,4793001162.0,-0.011578762603621253,False,600519,贵州茅台
2022-11-18,12230.18,12292.26,12074.98,12161.35,2360871.0,3703793426.0,8.305343917961042e-05,False,600519,贵州茅台
2022-11-21,11961.29,11961.29,11628.99,11795.45,3909600.0,5917086070.0,-0.030549026221529583,False,600519,贵州茅台
2022-11-22,11775.74,12104.0,11765.42,11950.42,2990062.0,4582790131.0,0.013052560312313947,False,600519,贵州茅台
2022-11-23,11857.69,12082.74,11803.68,12020.65,2217746.0,3428793052.0,0.005859579980667194,False,600519,贵州茅台
2022-11-24,12098.26,12174.93,11748.89,11795.53,2768738.0,4241974248.0,-0.018905358039764,False,600519,贵州茅台
2022-11-25,11799.56,11888.73,11718.0,11811.2,1862104.0,2833988373.0,0.0013275877092267271,False,600519,贵州茅台
2022-11-28,11522.29,11756.81,11260.15,11717.07,4772321.0,7040991068.0,-0.008001480959885182,False,600519,贵州茅台
2022-11-29,12180.21,12416.43,12036.17,12408.67,7342013.0,11587859176.0,0.057348668943790954,False,600519,贵州茅台
2022-11-30,12316.48,12447.47,12300.02,12408.67,3149730.0,5019450678.0,0.0,False,600519,贵州茅台
2022-12-01,12882.04,13037.25,12655.37,12655.44,5135768.0,8480772923.0,0.019691740421277155,False,600519,贵州茅台
2022-12-02,12688.04,12827.64,12580.95,12679.35,2388390.0,3910860618.0,0.001887523606769178,False,600519,贵州茅台
2022-12-05,12944.13,13029.49,12796.68,12920.07,3612746.0,6018521304.0,0.01880723043094071,False,600519,贵州茅台
2022-12-06,12843.24,13401.21,12819.96,13099.33,4414748.0,7477917194.0,0.013779167564550736,False,600519,贵州茅台
2022-12-07,13020.25,13347.66,12959.88,13068.29,3552626.0,6012253045.0,-0.002372398755291596,False,600519,贵州茅台
2022-12-08,13052.77,13153.65,12920.85,13091.73,1972956.0,3323420877.0,0.00179204803918364,False,600519,贵州茅台
2022-12-09,13130.37,13425.26,13052.77,13425.26,3921526.0,6716944493.0,0.025157273915401613,False,600519,贵州茅台
2022-12-12,13315.53,13704.63,13308.86,13495.26,3475517.0,6063957619.0,0.005200505619054704,False,600519,贵州茅台
2022-12-13,13479.58,13663.43,13425.26,13580.47,2138546.0,3735089152.0,0.006294218572489717,False,600519,贵州茅台
2022-12-14,13526.15,13819.48,13526.15,13742.42,2909840.0,5141262368.0,0.011854668126806078,False,600519,贵州茅台
2022-12-15,14007.28,14092.65,13813.28,13867.52,3063444.0,5497063390.0,0.009062015788602693,False,600519,贵州茅台
2022-12-16,13760.89,13898.64,13526.15,13866.59,3330266.0,5901587128.0,-6.706542956300375e-05,False,600519,贵州茅台
2022-12-19,13959.17,13959.17,13659.39,13758.95,2498710.0,4447236356.0,-0.00779282828362143,False,600519,贵州茅台
2022-12-20,13699.43,13699.43,13056.26,13308.86,4619840.0,7944120661.0,-0.03325954260249214,False,600519,贵州茅台
2022-12-21,13378.7,13495.1,13329.42,13495.1,2281614.0,3948926227.0,0.0138966777428646,False,600519,贵州茅台
2022-12-22,13632.46,13836.56,13541.67,13720.15,2317534.0,4093861570.0,0.016538898588160197,False,600519,贵州茅台
2022-12-23,13599.09,13828.8,13541.67,13743.43,1731921.0,3063608409.0,0.0016953365566966295,False,600519,贵州茅台
2022-12-26,13743.43,13743.43,13464.22,13518.85,2138380.0,3749121030.0,-0.01647588391379408,False,600519,贵州茅台
2022-12-27,13659.14,13731.05,13560.9,13619.84,1790505.0,3109270166.0,0.0074425453966311,False,600519,贵州茅台
2022-12-28,13721.07,13729.87,13423.44,13619.84,2143790.0,3699948995.0,0.0,False,600519,贵州茅台
2022-12-29,13494.1,13572.61,13368.74,13509.81,2241780.0,3844499655.0,-0.00811146500545251,False,600519,贵州茅台
2022-12-30,13643.42,13776.94,13572.69,13572.69,2533312.0,4409544297.0,0.004643597377647052,False,600519,贵州茅台
2023-01-03,13605.69,13662.52,13407.72,13596.34,2603380.0,4487760231.0,0.001740953281985768,False,600519,贵州茅台
2023-01-04,13596.26,13664.64,13486.24,13557.05,2041575.0,3523582306.0,-0.0028939316542516543,False,600519,贵州茅台
2023-01-05,13651.28,14154.26,13619.84,14154.26,4794285.0,8541587089.0,0.043108931628384875,False,600519,贵州茅台
2023-01-06,14194.5,14239.92,14044.23,14176.03,2490375.0,4480838898.0,0.0015368712628790525,False,600519,贵州茅台
2023-01-09,14421.47,14539.2,14207.86,14470.2,3097723.0,5684181147.0,0.02053885213463521,False,600519,贵州茅台
2023-01-10,14453.38,14653.31,14386.1,14574.33,2273173.0,4204783734.0,0.007170399806786268,False,600519,贵州茅台
2023-01-11,14586.51,14617.95,14435.93,14499.67,2272031.0,4201487773.0,-0.0051358715078713485,False,600519,贵州茅台
2023-01-12,14523.64,14586.51,14405.75,14413.61,1719317.0,3162637136.0,-0.005952991438545976,False,600519,贵州茅台
2023-01-13,14493.62,14838.0,14460.77,14830.14,3193965.0,5969876222.0,0.028488697320637586,False,600519,贵州茅台
2023-01-16,14822.29,15207.38,14782.99,15033.7,3684826.0,7059982640.0,0.013632751358038955,False,600519,贵州茅台
2023-01-17,15035.74,15113.07,14893.02,14995.19,2129923.0,4068321409.0,-0.0025648647759941154,False,600519,贵州茅台
2023-01-18,15042.34,15131.15,14853.72,14877.3,2106293.0,4008665438.0,-0.007892921683287191,False,600519,贵州茅台
2023-01-19,14873.37,14873.53,14665.1,14776.78,2343889.0,4401994437.0,-0.006779531518661584,False,600519,贵州茅台
2023-01-20,14847.36,14918.56,14602.23,14618.03,2560875.0,4807356071.0,-0.01080133148861959,False,600519,贵州茅台
2023-01-30,15003.04,15003.04,14775.13,14838.0,3592255.0,6799756571.0,0.014935759446908439,False,600519,贵州茅台
2023-01-31,14904.81,14931.92,14406.3,14506.03,3299068.0,6128311548.0,-0.022627032718504296,False,600519,贵州茅台
2023-02-01,14578.5,14610.09,14236.0,14499.83,3397389.0,6244678925.0,-0.00042749982896042967,False,600519,贵州茅台
2023-02-02,14526.63,14610.09,14350.74,14430.19,2975886.0,5465509510.0,-0.00481438550760719,False,600519,贵州茅台
2023-02-03,14303.58,14350.74,14112.45,14287.87,3494490.0,6324635031.0,-0.009911614163743816,False,600519,贵州茅台
2023-02-06,13989.22,14107.11,13832.04,14107.11,4266095.0,7595739044.0,-0.01273199993923678,False,600519,贵州茅台
2023-02-07,14209.9,14215.56,14049.97,14122.82,2432171.0,4373671735.0,0.0011130032289676211,False,600519,贵州茅台
2023-02-08,14146.48,14193.32,13949.92,14020.66,1667577.0,2980574806.0,-0.007259972733549837,False,600519,贵州茅台
2023-02-09,13973.5,14380.21,13950.0,14287.87,2975366.0,5401399088.0,0.01887896944381921,False,600519,贵州茅台
2023-02-10,14225.78,14291.72,14154.65,14224.99,1798451.0,3253859317.0,-0.004410648524068619,False,600519,贵州茅台
2023-02-13,14224.99,14731.91,14224.99,14589.26,3814670.0,7058382498.0,0.025285364552951054,False,600519,贵州茅台
2023-02-14,14590.13,14597.51,14421.47,14490.55,1956576.0,3601769574.0,-0.006788928753296289,False,600519,贵州茅台
2023-02-15,14490.47,14581.01,14427.84,14468.62,1817691.0,3351422211.0,-0.0015145464591707052,False,600519,贵州茅台
2023-02-16,14471.3,14830.14,14366.46,14632.25,3324595.0,6196915130.0,0.01124583041692594,False,600519,贵州茅台
2023-02-17,14540.61,14720.12,14303.98,14309.71,2644283.0,4880328952.0,-0.022289668967416618,False,600519,贵州茅台
2023-02-20,14311.44,14765.7,14281.58,14735.83,2966869.0,5488800056.0,0.029343615258456544,False,600519,贵州茅台
2023-02-21,14727.98,14727.98,14547.22,14672.96,1875052.0,3491633510.0,-0.004275598946835156,False,600519,贵州茅台
2023-02-22,14578.73,14648.6,14396.32,14429.33,2186916.0,4031016045.0,-0.01674340346467027,False,600519,贵州茅台
2023-02-23,14460.77,14529.93,14187.66,14287.87,2188097.0,3983991208.0,-0.009852015112875643,False,600519,贵州茅台
2023-02-24,14225.86,14226.49,14006.35,14052.09,2463461.0,4415621498.0,-0.0166397863832109,False,600519,贵州茅台
2023-02-27,13977.43,14264.29,13950.08,14228.21,2206489.0,3978128676.0,0.012455474440879816,False,600519,贵州茅台
2023-02-28,14295.72,14319.38,14015.15,14254.39,2395181.0,4314877096.0,0.0018383158400380479,False,600519,贵州茅台
2023-03-01,14248.57,14523.64,14171.79,14449.21,2445810.0,4475592195.0,0.013574812337409908,False,600519,贵州茅台
2023-03-02,14374.32,14452.83,14312.23,14366.46,1314419.0,2405292304.0,-0.005743418596322376,False,600519,贵州茅台
2023-03-03,14458.96,14473.42,14165.89,14288.18,1619806.0,2946842659.0,-0.0054637011482012035,False,600519,贵州茅台
2023-03-06,14289.28,14291.79,14121.02,14202.52,2064586.0,3730079522.0,-0.006013208388177206,False,600519,贵州茅台
2023-03-07,14193.4,14276.86,14052.09,14054.45,2278539.0,4101302456.0,-0.010480342039616527,False,600519,贵州茅台
2023-03-08,13989.38,14035.9,13840.84,13913.93,2276370.0,4035787172.0,-0.010048575026648755,False,600519,贵州茅台
2023-03-09,13894.91,14028.51,13674.85,13910.79,2761150.0,4881442710.0,-0.000225698588401126,False,600519,贵州茅台
2023-03-10,13765.78,13997.08,13753.45,13753.45,2116082.0,3725139075.0,-0.011375096265200214,False,600519,贵州茅台
2023-03-13,13761.3,13949.92,13745.59,13847.76,2056043.0,3626476291.0,0.00683378497012608,False,600519,贵州茅台
2023-03-14,13861.74,13988.28,13663.07,13879.19,2370492.0,4177289027.0,0.002267109325905119,False,600519,贵州茅台
2023-03-15,13976.41,14027.57,13754.39,13760.68,1921253.0,3392698490.0,-0.008575346138309159,False,600519,贵州茅台
2023-03-16,13674.85,13910.63,13667.07,13769.09,1764624.0,3096791142.0,0.0006109749744813133,False,600519,贵州茅台
2023-03-17,13910.63,13956.92,13643.42,13690.57,2702291.0,4744249369.0,-0.005718950198852054,False,600519,贵州茅台
2023-03-20,13761.3,13792.74,13580.55,13593.12,2049093.0,3557872017.0,-0.007143492277002442,False,600519,贵州茅台
2023-03-21,13635.56,14035.19,13548.87,13949.92,3114182.0,5491052284.0,0.02590999109648906,False,600519,贵州茅台
2023-03-22,13989.22,14091.39,13875.65,13936.96,1533026.0,2727648674.0,-0.0009294694087705357,False,600519,贵州茅台
2023-03-23,13879.19,14076.53,13871.41,13948.82,1735566.0,3082821551.0,0.0008506128008684147,False,600519,贵州茅台
2023-03-24,13903.4,14017.51,13879.19,13978.37,1276996.0,2269649179.0,0.002116217996010823,False,600519,贵州茅台
2023-03-27,13978.22,13978.22,13800.6,13893.26,1529555.0,2700755933.0,-0.006107304419883594,False,600519,贵州茅台
2023-03-28,13910.63,14067.81,13871.49,14003.37,1726135.0,3073113077.0,0.007894184481806683,False,600519,贵州茅台
2023-03-29,14138.54,14146.4,14029.06,14067.81,1539299.0,2761909333.0,0.004591193757762263,False,600519,贵州茅台
2023-03-30,14091.39,14185.7,13981.36,14146.4,1925701.0,3453573052.0,0.0055709660669303294,False,600519,贵州茅台
2023-03-31,14342.88,14523.64,14295.72,14303.58,2744633.0,5024790356.0,0.011049680825336243,False,600519,贵州茅台
2023-04-03,14342.88,14364.65,14147.03,14162.67,2141743.0,3875811673.0,-0.009900225771433664,False,600519,贵州茅台
2023-04-04,14240.71,14265.62,14044.23,14261.07,2006626.0,3614275263.0,0.006923817421740959,False,600519,贵州茅台
2023-04-06,14185.7,14271.36,14053.82,14122.51,1487422.0,2676251956.0,-0.009763468927317017,False,600519,贵州茅台
2023-04-07,14107.11,14193.63,14054.76,14075.59,1352468.0,2428160574.0,-0.00332788686490096,False,600519,贵州茅台
2023-04-10,14074.73,14074.73,13706.29,13923.99,2941822.0,5171150567.0,-0.010828839677551128,False,600519,贵州茅台
2023-04-11,14091.39,14091.39,13706.29,13718.08,2920919.0,5138854627.0,-0.014898580950479834,False,600519,贵州茅台
2023-04-12,13731.91,13753.45,13304.06,13314.12,5110492.0,8732657376.0,-0.02988954460718062,False,600519,贵州茅台
2023-04-13,13281.9,13545.89,13234.82,13541.25,2954268.0,5049310126.0,0.016915456070795806,False,600519,贵州茅台
2023-04-14,13564.83,13619.84,13398.21,13465.96,2123162.0,3646526766.0,-0.0055755626030442275,False,600519,贵州茅台
2023-04-17,13674.85,13777.02,13580.55,13777.02,3046723.0,5303401395.0,0.022836967081666115,False,600519,贵州茅台
2023-04-18,13777.02,13902.77,13722.17,13816.32,1831389.0,3220107647.0,0.002848515371714684,False,600519,贵州茅台
2023-04-19,13847.76,13875.26,13753.45,13824.18,1460056.0,2568632845.0,0.0005687306822861123,False,600519,贵州茅台
2023-04-20,13832.9,13871.33,13588.4,13689.63,1988537.0,3468366835.0,-0.009780620902169081,False,600519,贵州茅台
2023-04-21,13722.01,13738.36,13527.73,13560.66,1851787.0,3210937222.0,-0.00946565801394352,False,600519,贵州茅台
2023-04-24,13525.53,13533.39,13368.35,13399.79,2023091.0,3456728718.0,-0.011933918701877036,False,600519,贵州茅台
2023-04-25,13407.64,13643.26,13376.21,13599.25,2058251.0,3534989917.0,0.014775608970254506,False,600519,贵州茅台
2023-04-26,13706.29,13839.9,13517.67,13705.58,2789160.0,4861477657.0,0.007788405017792441,False,600519,贵州茅台
2023-04-27,13737.73,13910.63,13596.26,13815.69,2560504.0,4489906864.0,0.008001853658997582,False,600519,贵州茅台
2023-04-28,13855.69,14010.99,13784.65,13836.12,2622464.0,4636084177.0,0.0014776612248802883,False,600519,贵州茅台
2023-05-04,13902.77,13970.91,13643.42,13752.66,2746642.0,4818999650.0,-0.006050304116081039,False,600519,贵州茅台
2023-05-05,13879.19,13879.19,13646.48,13753.45,2071421.0,3621305973.0,5.744178295056917e-05,False,600519,贵州茅台
2023-05-08,13897.42,13902.77,13495.43,13521.76,3317126.0,5742915994.0,-0.016989462073814347,False,600519,贵州茅台
2023-05-09,13478.38,13674.7,13416.05,13533.39,2937796.0,5057346564.0,0.0008597254656756388,False,600519,贵州茅台
2023-05-10,13479.87,13643.42,13478.38,13556.97,2077260.0,3588550877.0,0.0017408410929191684,False,600519,贵州茅台
2023-05-11,13604.12,13635.56,13478.38,13494.65,1524612.0,2623835905.0,-0.0046074956138904746,False,600519,贵州茅台
2023-05-12,13478.38,13595.32,13399.86,13410.79,1946045.0,3335038590.0,-0.006233703783317266,False,600519,贵州茅台
2023-05-15,13376.21,13494.1,13291.33,13488.59,2574018.0,4384647977.0,0.005784536070182333,False,600519,贵州茅台
2023-05-16,13470.44,13517.59,13336.91,13386.35,2222377.0,3785811907.0,-0.0076086118317378335,False,600519,贵州茅台
2023-05-17,13423.36,13462.66,13352.71,13368.35,1677691.0,2858697942.0,-0.00134555817974333,False,600519,贵州茅台
2023-05-18,13399.71,13402.93,13281.9,13289.76,1921928.0,3260170684.0,-0.005896159005992805,False,600519,贵州茅台
2023-05-19,13132.58,13394.52,13011.15,13356.56,2674116.0,4504022549.0,0.005013836052248892,False,600519,贵州茅台
2023-05-22,13281.98,13769.16,13281.9,13722.01,4128432.0,7165754129.0,0.026993463101576694,False,600519,贵州茅台
2023-05-23,13784.8,13784.88,13553.43,13553.43,1689421.0,2934118394.0,-0.012361461201745286,False,600519,贵州茅台
2023-05-24,13614.58,13624.16,13439.95,13446.15,1847927.0,3182416491.0,-0.007946832104761839,False,600519,贵州茅台
2023-05-25,13407.57,13439.08,13281.9,13368.35,2246560.0,3814504093.0,-0.005802846841325687,False,600519,贵州茅台
2023-05-26,13376.21,13399.79,13164.09,13286.3,1829110.0,3090691546.0,-0.006156543729653855,False,600519,贵州茅台
2023-05-29,13336.91,13347.52,13187.59,13274.04,1777141.0,2998147159.0,-0.0009231810188218744,False,600519,贵州茅台
2023-05-30,13274.04,13351.77,13034.81,13111.28,2645340.0,4424706688.0,-0.012337319726452346,False,600519,贵州茅台
2023-05-31,13054.06,13091.08,12784.18,12801.71,3695697.0,6053737281.0,-0.023894172649692628,False,600519,贵州茅台
2023-06-01,12716.04,13163.93,12716.04,12856.88,2864525.0,4708722933.0,0.004300320868795578,False,600519,贵州茅台
2023-06-02,12928.24,13149.47,12858.37,13129.43,2505802.0,4163116244.0,0.020977198717347472,False,600519,贵州茅台
2023-06-05,13094.54,13225.94,13069.7,13085.42,1620050.0,2704294313.0,-0.00335764204994554,False,600519,贵州茅台
2023-06-06,13124.72,13234.74,12979.72,13101.06,1991392.0,3326778183.0,0.0011945096751962336,False,600519,贵州茅台
2023-06-07,13148.22,13193.88,12967.53,12974.61,1788964.0,2971782064.0,-0.00969877216737541,False,600519,贵州茅台
2023-06-08,13013.35,13164.01,12967.61,13109.0,1470272.0,2441569677.0,0.010304646418932854,False,600519,贵州茅台
2023-06-09,13140.36,13187.35,13093.28,13093.28,1758041.0,2938014322.0,-0.0011998957255682497,False,600519,贵州茅台
2023-06-12,13093.44,13423.36,13058.07,13329.05,2702944.0,4562308599.0,0.017846742343887563,False,600519,贵州茅台
2023-06-13,13312.39,13396.72,13242.6,13352.63,1466254.0,2485398902.0,0.0017675053548958115,False,600519,贵州茅台
2023-06-14,13509.81,13629.59,13409.3,13571.74,3150580.0,5438040356.0,0.016276320461474578,False,600519,贵州茅台
2023-06-15,13598.94,13797.85,13541.25,13792.74,2522257.0,4395900802.0,0.01615267712397884,False,600519,贵州茅台
2023-06-16,13808.46,14146.4,13754.23,14128.25,3791789.0,6742301361.0,0.024033972287440922,False,600519,贵州茅台
2023-06-19,14067.81,14130.29,13659.14,13706.29,3169992.0,5584248725.0,-0.030321487505325786,False,600519,贵州茅台
2023-06-20,13674.85,13871.33,13635.56,13702.05,2094674.0,3659824529.0,-0.0003093948800857228,False,600519,贵州茅台
2023-06-21,13674.85,13805.32,13635.56,13642.08,1772061.0,3088635934.0,-0.00438632321825749,False,600519,贵州茅台
2023-06-26,13518.54,13596.26,13321.19,13431.22,2399268.0,4098619510.0,-0.015577285648945487,False,600519,贵州茅台
2023-06-27,13439.0,13515.31,13361.2,13447.33,1517446.0,2598138744.0,0.0011987255212127653,False,600519,贵州茅台
2023-06-28,13464.07,13627.7,13446.94,13583.53,1857356.0,3199294221.0,0.010077456111176752,False,600519,贵州茅台
2023-06-29,13604.12,13635.48,13462.74,13468.24,1423116.0,2446524134.0,-0.008523708283683111,False,600519,贵州茅台
2023-06-30,13565.6,13637.34,13457.71,13493.78,2045869.0,3472586730.0,0.0018945173721410336,False,600519,贵州茅台
2023-07-03,13557.62,13767.33,13501.76,13757.91,1913909.0,3286737792.0,0.019385092903915827,False,600519,贵州茅台
2023-07-04,13758.71,13840.42,13709.87,13809.78,1247238.0,2155553635.0,0.0037631053752232796,False,600519,贵州茅台
2023-07-05,13804.99,13820.71,13565.6,13688.33,1474539.0,2523960725.0,-0.008833391801513773,False,600519,贵州茅台
2023-07-06,13638.69,13828.93,13565.6,13589.38,1514062.0,2589459002.0,-0.007255039666013767,False,600519,贵州茅台
2023-07-07,13573.58,13637.34,13485.8,13486.04,1516742.0,2571458553.0,-0.007633528994779342,False,600519,贵州茅台
2023-07-10,13605.5,13684.98,13565.6,13572.78,1347741.0,2298241728.0,0.006411240188095013,False,600519,贵州茅台
2023-07-11,13645.4,13686.65,13582.36,13645.4,1258270.0,2151079270.0,0.00533615196300468,False,600519,贵州茅台
2023-07-12,13669.66,13749.13,13656.01,13675.72,1328467.0,2280785351.0,0.002219529246761538,False,600519,贵州茅台
2023-07-13,13741.07,13927.96,13717.3,13872.02,2580654.0,4479772500.0,0.014251864045610525,False,600519,贵州茅台
2023-07-14,14012.47,14032.42,13894.37,13988.53,1855030.0,3245530255.0,0.008363846312691324,False,600519,贵州茅台
2023-07-17,13972.57,13972.57,13777.86,13804.75,1433648.0,2482069846.0,-0.01322497226552819,False,600519,贵州茅台
2023-07-18,13833.56,13840.98,13733.17,13747.54,1473765.0,2544005063.0,-0.004152836821950993,False,600519,贵州茅台
2023-07-19,13685.38,13789.03,13675.72,13749.13,1248322.0,2147704435.0,0.0001156503679734012,False,600519,贵州茅台
2023-07-20,13788.95,13956.45,13741.15,13757.11,1669265.0,2897176490.0,0.0005802319927323758,False,600519,贵州茅台
2023-07-21,13819.99,14144.13,13773.07,14134.56,3937740.0,6931535726.0,0.027067080880149173,False,600519,贵州茅台
2023-07-24,13968.74,14133.36,13968.74,14133.36,1971337.0,3476648177.0,-8.490189591029137e-05,False,600519,贵州茅台
2023-07-25,14363.58,14594.03,14363.5,14591.4,4308646.0,7837450019.0,0.03189435370506212,False,600519,贵州茅台
2023-07-26,14591.4,14650.77,14483.91,14591.4,1961145.0,3580171484.0,0.0,False,600519,贵州茅台
2023-07-27,14650.85,14800.79,14592.6,14667.05,2034043.0,3749635290.0,0.005171167206701602,False,600519,贵州茅台
2023-07-28,14618.93,15161.55,14587.09,15137.61,3901792.0,7330314112.0,0.03157889430228673,False,600519,贵州茅台
2023-07-31,15225.39,15440.84,14954.08,15006.59,4537861.0,8615279839.0,-0.00869293761761476,False,600519,贵州茅台
2023-08-01,14986.08,15217.01,14985.12,15073.78,1923062.0,3635857283.0,0.004467372691551132,False,600519,贵州茅台
2023-08-02,15029.09,15081.76,14896.62,15001.96,1850872.0,3478674239.0,-0.004775951415730779,False,600519,贵州茅台
2023-08-03,14922.16,15081.76,14766.55,14989.75,2154347.0,4031087705.0,-0.0008142250424909773,False,600519,贵州茅台
2023-08-04,15064.36,15213.58,15017.92,15109.44,2457364.0,4655813751.0,0.007953079858968483,False,600519,贵州茅台
2023-08-07,15009.54,15145.59,14930.38,15065.24,2389245.0,4491893140.0,-0.00292961062802597,False,600519,贵州茅台
2023-08-08,15002.2,15111.36,14874.92,15081.76,1773618.0,3333559505.0,0.0010959632237742965,False,600519,贵州茅台
2023-08-09,15081.76,15201.45,15025.58,15083.99,1852346.0,3506306394.0,0.0001478497968100279,False,600519,贵州茅台
2023-08-10,15017.92,15073.78,14860.72,14962.06,1843619.0,3454219140.0,-0.00811625284052519,False,600519,贵州茅台
2023-08-11,15041.86,15045.05,14633.93,14634.89,2678649.0,4959166751.0,-0.02210925971385999,False,600519,贵州茅台
2023-08-14,14443.37,14562.91,14331.66,14387.52,2373119.0,4285362053.0,-0.017047239744778123,False,600519,贵州茅台
2023-08-15,14435.39,14507.21,14371.64,14467.15,1481799.0,2682125119.0,0.005519397875788101,False,600519,贵州茅台
2023-08-16,14424.06,14549.9,14411.45,14523.17,1318431.0,2396261791.0,0.0038647431092396836,False,600519,贵州茅台
2023-08-17,14412.09,14634.89,14375.94,14587.41,1729037.0,3141408018.0,0.004413522800200353,False,600519,贵州茅台
2023-08-18,14618.85,14642.79,14384.24,14384.24,1702334.0,3084761577.0,-0.014025665131980005,False,600519,贵州茅台
2023-08-21,14307.72,14475.21,14284.34,14291.76,1891181.0,3405415645.0,-0.00645001538693733,False,600519,贵州茅台
2023-08-22,14371.48,14384.0,14132.32,14267.82,2665036.0,4763131152.0,-0.0016764956352455175,False,600519,贵州茅台
2023-08-23,14339.64,14363.58,14124.82,14156.1,1991222.0,3556178584.0,-0.007861025172990182,False,600519,贵州茅台
2023-08-24,14200.95,14587.01,14164.08,14493.65,2605509.0,4703417600.0,0.023564995871566023,False,600519,贵州茅台
2023-08-25,14433.72,14664.97,14411.53,14562.91,1883086.0,3433296756.0,0.004767262963781107,False,600519,贵州茅台
2023-08-28,15150.22,15150.22,14617.97,14642.63,4105213.0,7633221012.0,0.005459251771685739,False,600519,贵州茅台
2023-08-29,14587.01,14914.82,14587.01,14773.18,2895028.0,5371260173.0,0.008876237447971884,False,600519,贵州茅台
2023-08-30,14905.4,14906.2,14711.97,14810.44,1981181.0,3672570260.0,0.0025189628383383666,False,600519,贵州茅台
2023-08-31,14842.36,14842.36,14690.83,14738.63,1482022.0,2738445519.0,-0.004860399421491257,False,600519,贵州茅台
2023-09-01,14785.15,14886.01,14730.88,14770.94,1314519.0,2438622738.0,0.002189798964276951,False,600519,贵州茅台
2023-09-04,14863.11,15001.48,14790.73,14890.24,2387100.0,4453823216.0,0.008044227729347098,False,600519,贵州茅台
2023-09-05,14906.2,14906.2,14816.83,14831.99,1565874.0,2915625961.0,-0.0039196301607903,False,600519,贵州茅台
2023-09-06,14826.4,14895.51,14754.66,14850.34,1112143.0,2067605990.0,0.0012364260041386784,False,600519,贵州茅台
2023-09-07,14783.31,14817.54,14612.47,14666.81,1698157.0,3128587116.0,-0.0124356426798321,False,600519,贵州茅台
2023-09-08,14642.39,14642.39,14482.87,14511.2,1221178.0,2224338144.0,-0.010666352868048706,False,600519,贵州茅台
2023-09-11,14427.41,14682.77,14427.41,14540.49,1592600.0,2902617736.0,0.002016406613465345,False,600519,贵州茅台
2023-09-12,14575.84,14578.87,14491.41,14522.85,1216801.0,2214514112.0,-0.001213900547295972,False,600519,贵州茅台
2023-09-13,14602.33,14602.33,14363.98,14522.45,1950143.0,3540583633.0,-2.754318254754902e-05,False,600519,贵州茅台
2023-09-14,14543.36,14578.87,14411.45,14512.72,1750459.0,3180447848.0,-0.0006702216907444419,False,600519,贵州茅台
2023-09-15,14515.19,14521.42,14214.35,14219.86,2843146.0,5105749077.0,-0.02038592721619668,False,600519,贵州茅台
2023-09-18,14174.54,14598.98,14148.12,14596.59,3255892.0,5905121000.0,0.026148360752383294,False,600519,贵州茅台
2023-09-19,14540.73,14594.99,14427.41,14578.55,1498950.0,2727858953.0,-0.0012366694589384208,False,600519,贵州茅台
2023-09-20,14539.13,14602.97,14507.61,14555.09,1250178.0,2281583949.0,-0.0016105097111630369,False,600519,贵州茅台
2023-09-21,14507.29,14539.13,14350.73,14350.73,1948919.0,3521486755.0,-0.01413994862870529,False,600519,贵州茅台
2023-09-22,14408.5,14762.25,14303.01,14754.58,3439046.0,6287832575.0,0.027752731070745825,False,600519,贵州茅台
2023-09-25,14742.62,14746.6,14575.76,14621.96,1397913.0,2565773541.0,-0.009029034799127885,False,600519,贵州茅台
2023-09-26,14587.01,14641.91,14468.11,14491.25,1576196.0,2870852363.0,-0.008979489261023684,False,600519,贵州茅台
2023-09-27,14483.27,14630.9,14385.92,14475.29,2087994.0,3791876119.0,-0.0011019612017895246,False,600519,贵州茅台
2023-09-28,14562.91,14562.91,14346.02,14352.01,2053784.0,3704812960.0,-0.008553055717485849,False,600519,贵州茅台
2023-10-09,14339.16,14339.16,14083.49,14180.04,2976268.0,5279950406.0,-0.012054660108724729,False,600519,贵州茅台
2023-10-10,14227.04,14355.44,14108.22,14124.18,2028392.0,3615557182.0,-0.003947119724460642,False,600519,贵州茅台
2023-10-11,14241.09,14241.09,14108.22,14192.01,2194486.0,3896568648.0,0.004790907939284703,False,600519,贵州茅台
2023-10-12,14346.82,14349.45,14181.64,14251.86,1486507.0,2657095942.0,0.004208294323332716,False,600519,贵州茅台
2023-10-13,14131.21,14188.1,13870.35,13972.57,2502788.0,4387687934.0,-0.0197913025227051,False,600519,贵州茅台
2023-10-16,13972.41,14012.47,13744.75,13804.19,2078965.0,3603604610.0,-0.01212395272255305,False,600519,贵州茅台
2023-10-17,13876.81,13880.32,13693.28,13773.07,1494523.0,2577312288.0,-0.002256932937484126,False,600519,贵州茅台
2023-10-18,13715.62,13900.75,13702.69,13789.03,2031750.0,3511987514.0,0.0011581121746041818,False,600519,贵州茅台
2023-10-19,13565.6,13565.84,12975.34,13007.02,7349237.0,12146921769.0,-0.05838413679048904,False,600519,贵州茅台
2023-10-20,13007.02,13206.51,12897.29,13126.71,4537601.0,7421390806.0,0.009159873991522936,False,600519,贵州茅台
2023-10-23,13006.78,13246.41,12939.99,13118.57,2523423.0,4138279588.0,-0.0006203020322896179,False,600519,贵州茅台
2023-10-24,13150.65,13193.42,12936.87,13110.35,2986146.0,4894807617.0,-0.000626789076264809,False,600519,贵州茅台
2023-10-25,13327.08,13549.64,13302.43,13386.06,3617898.0,6075417064.0,0.020811872366367806,False,600519,贵州茅台
2023-10-26,13302.27,13469.84,13262.45,13344.0,2238635.0,3741418874.0,-0.0031470213469490687,False,600519,贵州茅台
2023-10-27,13278.33,13500.8,13251.2,13379.75,3426239.0,5754795486.0,0.00267552430524571,False,600519,贵州茅台
2023-10-30,13318.23,13476.86,13318.23,13413.98,2408642.0,4050573178.0,0.002555076775223826,False,600519,贵州茅台
2023-10-31,13406.0,13485.8,13309.05,13442.55,1985877.0,3335804699.0,0.002127602544133448,False,600519,贵州茅台
2023-11-01,14762.56,14762.56,14154.43,14211.88,9314308.0,16747292689.0,0.05565318531332439,False,600519,贵州茅台
2023-11-02,14323.68,14323.68,14172.54,14199.99,2790764.0,4982090753.0,-0.0008369741727033825,False,600519,贵州茅台
2023-11-03,14203.98,14482.39,14156.1,14453.27,3017600.0,5433116881.0,0.01767942615324642,False,600519,贵州茅台
2023-11-06,14523.17,14553.41,14372.51,14459.33,2552392.0,4624102375.0,0.000419194405811968,False,600519,贵州茅台
2023-11-07,14403.48,14443.37,14236.54,14293.11,1958159.0,3511590028.0,-0.011562277968308029,False,600519,贵州茅台
2023-11-08,14236.3,14393.9,14226.88,14350.33,1454567.0,2610041959.0,0.003995335484528486,False,600519,贵州茅台
2023-11-09,14284.66,14355.6,14227.92,14316.58,1280048.0,2291996819.0,-0.0023546322637021007,False,600519,贵州茅台
2023-11-10,14208.37,14267.82,14148.92,14170.79,1646557.0,2928380668.0,-0.010235502456802801,False,600519,贵州茅台
2023-11-13,14142.38,14242.92,14020.29,14076.3,1836995.0,3244573621.0,-0.0066902716311909236,False,600519,贵州茅台
2023-11-14,14076.3,14164.0,14044.47,14086.44,1281675.0,2263963957.0,0.0007201004190764821,False,600519,贵州茅台
2023-11-15,14196.0,14227.04,14100.24,14147.56,1843486.0,3271230275.0,0.004329538533258655,False,600519,贵州茅台
2023-11-16,14156.1,14172.06,14044.78,14044.78,1255757.0,2215937273.0,-0.00729137456135102,False,600519,贵州茅台
2023-11-17,13980.55,14036.41,13868.03,13991.88,2171363.0,3793781119.0,-0.003773635145989109,False,600519,贵州茅台
2023-11-20,14004.49,14120.19,13858.14,14064.34,1860804.0,3265514010.0,0.005165354499502718,False,600519,贵州茅台
2023-11-21,14231.27,14347.62,14124.98,14283.78,3009845.0,5383107810.0,0.015482111915674964,False,600519,贵州茅台
2023-11-22,14230.31,14318.49,14208.29,14216.03,1266457.0,2263460167.0,-0.0047544266169915125,False,600519,贵州茅台
2023-11-23,14190.42,14267.82,14132.16,14251.86,1154964.0,2055272193.0,0.002517223364251594,False,600519,贵州茅台
2023-11-24,14275.8,14275.8,14164.08,14180.04,1308540.0,2329345658.0,-0.005052082538156698,False,600519,贵州茅台
2023-11-27,14150.52,14150.52,14004.49,14068.32,1626074.0,2865075217.0,-0.007909880962354851,False,600519,贵州茅台
2023-11-28,14052.37,14155.14,14028.43,14116.52,1451976.0,2562905659.0,0.0034202817534726053,False,600519,贵州茅台
2023-11-29,14108.22,14172.06,14028.43,14161.77,1714933.0,3034175614.0,0.0032003376881330186,False,600519,贵州茅台
2023-11-30,14177.81,14321.76,14132.8,14295.75,2135342.0,3817513545.0,0.009416209841430183,False,600519,贵州茅台
2023-12-01,14278.27,14281.38,13948.63,14046.62,3305131.0,5830850111.0,-0.017580492851876465,False,600519,贵州茅台
2023-12-04,14046.62,14058.99,13926.92,13970.25,1844047.0,3233102118.0,-0.005451728844193888,False,600519,贵州茅台
2023-12-05,13954.85,13955.65,13629.6,13637.42,2990301.0,5168983317.0,-0.024112583634919933,False,600519,贵州茅台
2023-12-06,13586.59,13720.97,13574.62,13589.54,2385129.0,4078003022.0,-0.0035171057919372154,False,600519,贵州茅台
2023-12-07,13597.52,13638.06,13464.26,13565.6,2504150.0,4249170906.0,-0.0017632025614467792,False,600519,贵州茅台
2023-12-08,13565.6,13636.14,13503.52,13604.86,2628801.0,4474160126.0,0.0028899052370473365,False,600519,贵州茅台
2023-12-11,13485.8,13597.52,13222.47,13549.64,3683098.0,6172810248.0,-0.004067103140743374,False,600519,贵州茅台
2023-12-12,13466.65,13645.32,13437.92,13645.32,2101066.0,3564305866.0,0.007036626992078939,False,600519,贵州茅台
2023-12-13,13607.25,13611.24,13223.11,13246.41,3878870.0,6480807500.0,-0.029670033374952092,False,600519,贵州茅台
2023-12-14,13293.97,13325.17,13047.07,13054.1,4067215.0,6703240107.0,-0.014624311653320158,False,600519,贵州茅台
2023-12-15,13152.49,13388.21,13118.81,13126.71,3709251.0,6140791726.0,0.005546825034635289,False,600519,贵州茅台
2023-12-18,13086.81,13272.98,13046.92,13262.37,1989734.0,3292194757.0,0.01028161611301887,False,600519,贵州茅台
2023-12-19,13286.31,13404.97,13127.43,13366.11,2220676.0,3706057587.0,0.007791697073367817,False,600519,贵州茅台
2023-12-20,13383.1,13399.25,13262.03,13316.84,2309203.0,3816133219.0,-0.0036929991621121034,False,600519,贵州茅台
2023-12-21,13237.89,13498.69,13237.89,13479.97,2901168.0,4827827888.0,0.012175480232595591,False,600519,贵州茅台
2023-12-22,13477.55,13553.42,13383.19,13485.21,2166684.0,3613238325.0,0.00038864936677282183,False,600519,贵州茅台
2023-12-25,13488.04,13549.38,13463.82,13496.11,1247106.0,2086014390.0,0.0008079664444120346,False,600519,贵州茅台
2023-12-26,13500.15,13519.52,13379.07,13479.97,1477126.0,2457177339.0,-0.0011966158111847462,False,600519,贵州茅台
2023-12-27,13463.82,13537.68,13407.32,13456.24,1605550.0,2679221365.0,-0.0017619409812309362,False,600519,贵州茅台
2023-12-28,13487.96,13948.05,13456.24,13923.84,3833806.0,6537401380.0,0.034159539951129074,False,600519,贵州茅台
2023-12-29,13883.56,14122.32,13883.56,13931.99,2753868.0,4768857531.0,0.0005851557991668016,False,600519,贵州茅台
2024-01-02,13843.2,13868.95,13545.35,13601.13,3215644.0,5440082548.0,-0.024034757205797442,False,600519,贵州茅台
2024-01-03,13569.65,13683.54,13531.06,13673.69,2022929.0,3411400667.0,0.005320670946922311,False,600519,贵州茅台
2024-01-04,13665.62,13665.62,13422.9,13471.9,2155107.0,3603970147.0,-0.014867513803015157,False,600519,贵州茅台
2024-01-05,13409.98,13549.87,13335.56,13426.37,2024286.0,3373155627.0,-0.003385351064096212,False,600519,贵州茅台
2024-01-08,13407.32,13415.39,13237.89,13270.02,2558620.0,4211918629.0,-0.011713328103489485,False,600519,贵州茅台
2024-01-09,13245.96,13337.26,13198.02,13245.88,2441204.0,4009826496.0,-0.0018207948189023523,False,600519,贵州茅台
2024-01-10,13246.69,13394.89,13221.67,13249.92,1735067.0,2856120718.0,0.00030495399507176837,False,600519,贵州茅台
2024-01-11,13238.62,13382.62,13222.15,13290.84,1644055.0,2708764500.0,0.003083561467228071,False,600519,贵州茅台
2024-01-12,13237.57,13328.7,13232.97,13262.51,1160324.0,1908084612.0,-0.002133818199910619,False,600519,贵州茅台
2024-01-15,13197.45,13358.65,13193.01,13237.81,1785403.0,2931202343.0,-0.0018641289729829935,False,600519,贵州茅台
2024-01-16,13225.7,13294.31,13116.25,13233.21,2590314.0,4236042960.0,-0.0003475498901291615,False,600519,贵州茅台
2024-01-17,13157.09,13201.33,12729.29,12729.29,5163276.0,8251735591.0,-0.03882394183122411,False,600519,贵州茅台
2024-01-18,12705.07,13018.26,12556.15,13002.68,6043981.0,9566349514.0,0.02124985280977057,False,600519,贵州茅台
2024-01-19,12986.54,13221.75,12922.04,13197.45,4637843.0,7550144389.0,0.014868139051226087,False,600519,贵州茅台
2024-01-22,13149.02,13262.03,13067.33,13253.96,4694589.0,7678297836.0,0.0042727465925053035,False,600519,贵州茅台
2024-01-23,13173.32,13237.41,12987.58,13068.3,3483490.0,5659457115.0,-0.014106925388179764,False,600519,贵州茅台
2024-01-24,13149.02,13188.09,12943.67,13124.81,3321635.0,5373603703.0,0.004314881865971964,False,600519,贵州茅台
2024-01-25,13131.43,13245.88,13092.52,13221.67,3120580.0,5094508165.0,0.007352818014827834,False,600519,贵州茅台
2024-01-26,13160.0,13270.91,13100.59,13216.18,2695475.0,4402111882.0,-0.0004153136566636423,False,600519,贵州茅台
2024-01-29,13240.23,13403.93,13240.15,13318.53,3142068.0,5189014946.0,0.007714462121135652,False,600519,贵州茅台
2024-01-30,13318.37,13318.37,12995.66,13019.87,3086633.0,5010784454.0,-0.022679646570170568,False,600519,贵州茅台
2024-01-31,13019.87,13076.13,12899.84,12954.57,2964912.0,4770104891.0,-0.005028030446177809,False,600519,贵州茅台
2024-02-01,12959.33,13107.77,12923.01,12995.9,2648515.0,4272298576.0,0.0031853014565832736,False,600519,贵州茅台
2024-02-02,13036.02,13139.17,12761.57,12882.65,3938202.0,6336691194.0,-0.008752478246812618,False,600519,贵州茅台
2024-02-05,12882.65,13217.15,12876.6,13157.17,5313036.0,8590683071.0,0.021085412323694715,False,600519,贵州茅台
2024-02-06,13157.17,13604.92,13125.61,13528.4,5247204.0,8740646588.0,0.027824322283077747,False,600519,贵州茅台
2024-02-07,13569.0,13839.89,13412.24,13810.83,5260107.0,8899606867.0,0.020661887529075145,False,600519,贵州茅台
2024-02-08,13883.64,13923.92,13601.04,13770.55,4675654.0,7953438044.0,-0.00292081314540613,False,600519,贵州茅台
2024-02-19,14027.8,14028.29,13625.26,13685.23,3697744.0,6288277980.0,-0.006215104771493757,False,600519,贵州茅台
2024-02-20,13700.81,13700.81,13371.48,13479.97,3447007.0,5755266893.0,-0.015112269111703472,False,600519,贵州茅台
2024-02-21,13447.84,13972.35,13415.39,13864.67,4615407.0,7868784082.0,0.028138997884485133,False,600519,贵州茅台
2024-02-22,13782.66,13907.86,13726.4,13870.48,2279361.0,3905984695.0,0.0004189629466567693,False,600519,贵州茅台
2024-02-23,13811.8,13918.91,13722.28,13835.85,2730589.0,4670706950.0,-0.0024997910609915143,False,600519,贵州茅台
2024-02-26,13786.7,13792.67,13601.21,13681.6,2731832.0,4625594409.0,-0.011211185312993427,False,600519,贵州茅台
2024-02-27,13584.9,13664.97,13544.54,13637.37,2207985.0,3718478358.0,-0.0032380458447545607,False,600519,贵州茅台
2024-02-28,13632.69,13694.44,13512.34,13573.2,3186731.0,5371312847.0,-0.0047165582316005105,False,600519,贵州茅台
2024-02-29,13573.2,13693.87,13554.23,13681.76,2475833.0,4184917973.0,0.007966298546624954,False,600519,贵州茅台
2024-03-01,13641.4,13681.52,13533.89,13601.53,2686796.0,4526845398.0,-0.005881272475467768,False,600519,贵州茅台
2024-03-04,13552.61,13568.68,13480.37,13530.82,2648477.0,4434401015.0,-0.005212240007526333,False,600519,贵州茅台
2024-03-05,13486.51,13697.91,13453.17,13682.57,3623837.0,6102136582.0,0.011152713640138028,False,600519,贵州茅台
2024-03-06,13649.48,13681.76,13544.7,13565.12,2214248.0,3725582802.0,-0.008620967679587178,False,600519,贵州茅台
2024-03-07,13560.69,13639.79,13544.54,13589.99,2159912.0,3633934774.0,0.001831699960228008,False,600519,贵州茅台
2024-03-08,13565.21,13614.61,13480.37,13491.51,2215623.0,3710678522.0,-0.007272893605678996,False,600519,贵州茅台
2024-03-11,13520.33,13713.08,13505.64,13677.65,2989509.0,5048394347.0,0.01370251509024665,False,600519,贵州茅台
2024-03-12,13673.21,14118.45,13645.44,14085.35,5422654.0,9393309052.0,0.029372136337705464,False,600519,贵州茅台
2024-03-13,14044.75,14109.57,13884.37,13943.69,2649954.0,4588879420.0,-0.010108173963571788,False,600519,贵州茅台
2024-03-14,13875.49,14003.34,13814.95,13856.36,1940479.0,3338768308.0,-0.00628274317949518,False,600519,贵州茅台
2024-03-15,13823.02,13983.65,13818.98,13863.3,1783358.0,3066692399.0,0.0005007276528647286,False,600519,贵州茅台
2024-03-18,13843.2,13882.35,13714.05,13788.8,2605501.0,4446059130.0,-0.005388392220297724,False,600519,贵州茅台
2024-03-19,13746.34,13883.07,13666.51,13786.86,2394753.0,4093701261.0,-0.0001407037948103131,False,600519,贵州茅台
2024-03-20,13749.24,13832.54,13723.98,13799.61,1524925.0,2604543856.0,0.0009243662496763806,False,600519,贵州茅台
2024-03-21,13787.5,13875.49,13758.45,13794.77,1659597.0,2839332631.0,-0.00035079607149236135,False,600519,贵州茅台
2024-03-22,13762.72,13794.69,13625.26,13733.02,2545614.0,4318592818.0,-0.0044863829296434,False,600519,贵州茅台
2024-03-25,13710.34,13712.19,13565.37,13633.41,2447285.0,4131446237.0,-0.007279754056394916,False,600519,贵州茅台
2024-03-26,13620.9,13825.44,13620.9,13797.11,2806907.0,4782899074.0,0.011935752105095851,False,600519,贵州茅台
2024-03-27,13762.48,13818.98,13714.05,13730.19,1811258.0,3087792980.0,-0.004862091947412414,False,600519,贵州茅台
2024-03-28,13681.76,13867.42,13667.23,13735.36,2464218.0,4201857059.0,0.00037647162070755303,False,600519,贵州茅台
2024-03-29,13735.36,13810.83,13706.79,13745.53,1345655.0,2290584417.0,0.0007401507348765141,False,600519,贵州茅台
2024-04-01,13802.76,13996.56,13792.35,13894.29,2713137.0,4679371035.0,0.01076428402186719,False,600519,贵州茅台
2024-04-02,13899.7,13923.84,13762.88,13835.05,2544925.0,4360973684.0,-0.004272737117086465,False,600519,贵州茅台
2024-04-03,13996.56,14040.48,13803.0,13844.09,2904580.0,5002390042.0,0.000653199508469177,False,600519,贵州茅台
2024-04-08,13681.76,13689.83,13420.24,13453.01,5916659.0,9907355766.0,-0.028655553931479595,False,600519,贵州茅台
2024-04-09,13404.66,13504.18,13386.74,13417.17,2558982.0,4256226333.0,-0.0026676428110319764,False,600519,贵州茅台
2024-04-10,13417.57,13439.53,13278.17,13302.23,2763050.0,4562853880.0,-0.008603539674987608,False,600519,贵州茅台
2024-04-11,13238.7,13318.53,13194.95,13302.39,2276624.0,3736417595.0,1.2027986116724476e-05,False,600519,贵州茅台
2024-04-12,13326.6,13431.54,13189.62,13189.62,2674433.0,4403968129.0,-0.008513561721958168,False,600519,贵州茅台
2024-04-15,13197.53,13525.25,13197.29,13504.02,3581771.0,5960815532.0,0.023557262285264374,False,600519,贵州茅台
2024-04-16,13443.56,13557.13,13391.18,13479.97,2626623.0,4382796962.0,-0.0017825389327619564,False,600519,贵州茅台
2024-04-17,13463.82,13521.94,13383.1,13455.75,2481911.0,4130322018.0,-0.0017983559769301674,False,600519,贵州茅台
2024-04-18,13391.26,13584.74,13384.56,13486.26,2656841.0,4445487745.0,0.002264865393639661,False,600519,贵州茅台
2024-04-19,13405.54,13467.86,13248.14,13291.41,2349992.0,3879233242.0,-0.014553427473481784,False,600519,贵州茅台
2024-04-22,13350.82,13551.64,13278.17,13520.81,2995139.0,5001684635.0,0.017112018157190483,False,600519,贵州茅台
2024-04-23,13520.33,13681.76,13520.33,13659.81,2497995.0,4217855279.0,0.010227964759083483,False,600519,贵州茅台
2024-04-24,13697.75,13721.4,13587.56,13670.46,1708643.0,2893555635.0,0.0007793556769884812,False,600519,贵州茅台
2024-04-25,13644.07,13686.61,13578.85,13665.94,1447648.0,2447183879.0,-0.0003306946080091421,False,600519,贵州茅台
2024-04-26,13673.69,13835.13,13673.53,13798.24,3099592.0,5290248521.0,0.009634441906960858,False,600519,贵州茅台
2024-04-29,13697.5,13948.13,13672.24,13754.41,4133223.0,7072096590.0,-0.0031815478345277254,False,600519,贵州茅台
2024-04-30,13762.56,13963.31,13762.48,13762.48,3075989.0,5273902374.0,0.0005865488600904029,False,600519,贵州茅台
2024-05-06,13996.32,14246.79,13940.06,14208.05,5990949.0,10504351712.0,0.03186265656436529,False,600519,贵州茅台
2024-05-07,14253.17,14350.11,14179.63,14287.15,2492452.0,4413196426.0,0.005551826495225189,False,600519,贵州茅台
2024-05-08,14284.65,14286.91,14171.48,14238.48,1476909.0,2603293863.0,-0.003412373169482545,False,600519,贵州茅台
2024-05-09,14190.29,14246.63,14125.71,14174.14,2238734.0,3929804849.0,-0.004528981134207345,False,600519,贵州茅台
2024-05-10,14215.31,14270.04,13996.48,14036.76,2620661.0,4571398242.0,-0.009739574843721786,False,600519,贵州茅台
2024-05-13,13980.58,13985.75,13731.97,13770.55,3766212.0,6435415674.0,-0.019147348889985857,False,600519,贵州茅台
2024-05-14,13770.47,13829.24,13722.2,13738.1,2127417.0,3623282672.0,-0.002359259000472063,False,600519,贵州茅台
2024-05-15,13742.95,13786.7,13710.74,13722.12,1573876.0,2677203002.0,-0.001163865533768709,False,600519,贵州茅台
2024-05-16,13762.48,13801.87,13641.4,13758.45,2967954.0,5048754769.0,0.002644051500043606,False,600519,贵州茅台
2024-05-17,13722.2,13855.95,13722.12,13843.2,2892388.0,4936920634.0,0.006140956525151199,False,600519,贵州茅台
2024-05-20,13867.33,13988.41,13787.58,13794.77,3142572.0,5401389335.0,-0.003504602513792344,False,600519,贵州茅台
2024-05-21,13786.7,13800.66,13707.27,13762.48,1629339.0,2776847499.0,-0.0023434859993546825,False,600519,贵州茅台
2024-05-22,13746.34,13802.52,13649.48,13703.64,2028568.0,3443977767.0,-0.0042845578489134825,False,600519,贵州茅台
2024-05-23,13722.12,13773.62,13642.05,13657.63,1888497.0,3199923320.0,-0.0033631511525180763,False,600519,贵州茅台
2024-05-24,13665.62,13681.76,13536.47,13537.12,2021663.0,3401323915.0,-0.008862798064273522,False,600519,贵州茅台
2024-05-27,13544.54,13620.82,13463.9,13480.94,2509791.0,4199001866.0,-0.0041587057670775624,False,600519,贵州茅台
2024-05-28,13483.2,13521.7,13423.46,13436.7,2352087.0,3923020375.0,-0.003287066758729,False,600519,贵州茅台
2024-05-29,13447.68,13560.69,13439.61,13512.25,1965128.0,3289173345.0,0.005606912174680701,False,600519,贵州茅台
2024-05-30,13520.33,13523.39,13310.46,13310.46,3220792.0,5333306808.0,-0.015046489115907771,False,600519,贵州茅台
2024-05-31,13322.57,13427.5,13306.02,13306.02,2185665.0,3617654788.0,-0.00033362789077913976,False,600519,贵州茅台
2024-06-03,13318.53,13325.96,13198.34,13232.89,3026105.0,4966041477.0,-0.005511167195473463,False,600519,贵州茅台
2024-06-04,13241.85,13366.96,13209.96,13344.36,2084108.0,3432497303.0,0.00838842646533684,False,600519,贵州茅台
2024-06-05,13334.67,13388.59,13262.27,13270.1,1905557.0,3140824328.0,-0.005580439558997599,False,600519,贵州茅台
2024-06-06,13267.35,13334.59,13204.8,13236.28,2561005.0,4205700983.0,-0.002551839847815082,False,600519,贵州茅台
2024-06-07,13287.29,13287.7,13068.38,13069.76,3352455.0,5453120695.0,-0.012660379457984655,False,600519,贵州茅台
2024-06-11,12939.07,12955.3,12648.57,12664.71,7024676.0,11090577610.0,-0.03148177936317164,False,600519,贵州茅台
2024-06-12,12672.78,12834.22,12672.78,12686.34,3317050.0,5230086503.0,0.0017064386089538557,False,600519,贵州茅台
2024-06-13,12727.43,12728.4,12536.77,12551.79,3618597.0,5654938942.0,-0.010662539161483756,False,600519,贵州茅台
2024-06-14,12551.71,12624.03,12272.9,12551.71,5951416.0,9177637168.0,-6.373613241305549e-06,False,600519,贵州茅台
2024-06-17,12368.39,12501.42,12196.63,12442.74,4831816.0,7400883243.0,-0.008719590983309246,False,600519,贵州茅台
2024-06-18,12357.09,12547.99,12242.39,12281.3,4125825.0,6317590943.0,-0.013059539984630088,False,600519,贵州茅台
2024-06-19,12341.99,12391.5,12211.07,12366.79,4126153.0,6167728416.0,0.006936873633305057,False,600519,贵州茅台
2024-06-20,12358.55,12490.46,12342.07,12359.37,2471068.0,3715924984.0,-0.0006001740846722477,False,600519,贵州茅台
2024-06-21,12362.67,12399.58,12113.19,12119.62,4331997.0,6418543742.0,-0.01958885284236408,False,600519,贵州茅台
2024-06-24,11724.14,12267.84,11650.07,12165.34,6383993.0,9319362390.0,0.0037652978646980275,False,600519,贵州茅台
2024-06-25,12169.05,12383.18,12169.05,12248.56,4209795.0,6273919386.0,0.006817454181631822,False,600519,贵州茅台
2024-06-26,12193.77,12367.36,12175.64,12269.73,2956977.0,4414601922.0,0.0017268745300682599,False,600519,贵州茅台
2024-06-27,12292.64,12308.87,12094.9,12280.2,3282178.0,4857959457.0,0.0008529556405882634,False,600519,贵州茅台
2024-06-28,12193.77,12313.15,12061.94,12089.87,3858202.0,5699649047.0,-0.015620297350602866,False,600519,贵州茅台
2024-07-01,12102.15,12136.01,11765.34,11867.34,3216138.0,4636689118.0,-0.018577822727552075,False,600519,贵州茅台
2024-07-02,11806.53,12342.07,11806.53,12281.93,5185298.0,7659166816.0,0.03433898734030689,False,600519,贵州茅台
2024-07-03,12350.31,12465.74,12259.84,12358.55,3157326.0,4740808130.0,0.006219054738397748,False,600519,贵州茅台
2024-07-04,12399.74,12457.42,12203.08,12241.06,2437973.0,3637968895.0,-0.009552256590178585,False,600519,贵州茅台
2024-07-05,12185.53,12302.36,11946.6,11971.31,3882938.0,5664477336.0,-0.022282920792625237,False,600519,贵州茅台
2024-07-08,11888.92,12010.61,11692.34,11699.43,3952705.0,5657951348.0,-0.02297283118083292,False,600519,贵州茅台
2024-07-09,11699.43,11986.89,11617.86,11847.98,3362071.0,4807957927.0,0.01261726624722226,False,600519,贵州茅台
2024-07-10,11858.03,12077.43,11823.01,11844.35,2376322.0,3436693365.0,-0.0003064282853061567,False,600519,贵州茅台
2024-07-11,11946.35,12103.14,11865.94,12046.21,2902014.0,4236960596.0,0.01689912701225972,False,600519,贵州茅台
2024-07-12,12136.18,12246.5,12073.89,12184.05,2338634.0,3451132648.0,0.011377631684642795,False,600519,贵州茅台
2024-07-15,12111.38,12259.68,12111.38,12151.75,1917626.0,2835374730.0,-0.0026545269904307547,False,600519,贵州茅台
2024-07-16,12160.81,12210.25,12070.59,12160.81,2031644.0,2998367128.0,0.0007452938250332018,False,600519,贵州茅台
2024-07-17,12161.64,12383.27,12111.54,12370.08,3431101.0,5115680654.0,0.017062167481326728,False,600519,贵州茅台
2024-07-18,12354.43,12482.13,12297.0,12338.03,2887039.0,4337214601.0,-0.0025942913460911712,False,600519,贵州茅台
2024-07-19,12282.83,12598.96,12226.81,12569.63,3894291.0,5888615145.0,0.018597224708954873,False,600519,贵州茅台
2024-07-22,12564.77,12605.55,12289.75,12350.31,2854321.0,4300813310.0,-0.01760242303231554,False,600519,贵州茅台
2024-07-23,12350.31,12366.79,11987.79,11987.79,3094396.0,4555460198.0,-0.029792532190065012,False,600519,贵州茅台
2024-07-24,11948.24,12059.47,11823.01,11864.37,2412255.0,3490200973.0,-0.010348840650585526,False,600519,贵州茅台
2024-07-25,11864.37,11930.12,11699.51,11785.85,2834656.0,4054086714.0,-0.006640131762341927,False,600519,贵州茅台
2024-07-26,11785.85,11845.42,11624.45,11717.47,3235379.0,4594928574.0,-0.005818768832187555,False,600519,贵州茅台
2024-07-29,11658.23,11715.82,11518.17,11518.33,3086907.0,4342610100.0,-0.017141211056864825,False,600519,贵州茅台
2024-07-30,11419.13,11454.48,11215.79,11369.78,5177904.0,7103491566.0,-0.012980721070706564,False,600519,贵州茅台
2024-07-31,11313.02,11759.32,11313.02,11709.97,4327232.0,6098149721.0,0.029481657282669913,False,600519,贵州茅台
2024-08-01,11682.95,11699.43,11408.59,11420.62,3203810.0,4470988088.0,-0.025020122221234238,False,600519,贵州茅台
2024-08-02,11317.13,11509.68,11317.13,11414.77,2192769.0,3041726372.0,-0.0005123626202991549,False,600519,贵州茅台
2024-08-05,11443.03,11748.86,11415.34,11617.12,3773607.0,5327127147.0,0.017571741315319585,False,600519,贵州茅台
2024-08-06,11715.9,11732.38,11485.29,11573.37,2744433.0,3860735014.0,-0.0037731028454494418,False,600519,贵州茅台
2024-08-07,11579.96,11715.82,11520.64,11662.35,2062221.0,2910580747.0,0.0076589350326289355,False,600519,贵州茅台
2024-08-08,11625.27,11931.6,11608.8,11787.5,2513082.0,3592705430.0,0.010673943605160989,False,600519,贵州茅台
2024-08-09,12029.23,12103.14,11837.84,11837.84,3013849.0,4368705515.0,0.004261532421031053,False,600519,贵州茅台
2024-08-12,11781.82,11888.92,11753.64,11832.07,1363203.0,1956573438.0,-0.00048753883004130184,False,600519,贵州茅台
2024-08-13,11806.53,11823.01,11633.6,11724.23,1630843.0,2317037756.0,-0.009156001016490263,False,600519,贵州茅台
2024-08-14,11724.23,11739.8,11633.68,11644.22,1341431.0,1898377426.0,-0.006847720978274793,False,600519,贵州茅台
2024-08-15,11576.09,11831.17,11567.19,11756.19,2303897.0,3275699572.0,0.009569990830117638,False,600519,贵州茅台
2024-08-16,11755.37,11830.59,11674.79,11791.7,1645470.0,2349825846.0,0.003015983760502,False,600519,贵州茅台
2024-08-19,11798.29,12019.76,11740.62,11744.25,2043279.0,2942106435.0,-0.004032135034895237,False,600519,贵州茅台
2024-08-20,11780.99,11781.24,11649.99,11721.84,1859138.0,2644814344.0,-0.0019099906983020417,False,600519,贵州茅台
2024-08-21,11699.43,11765.17,11663.92,11679.49,1509165.0,2144746551.0,-0.0036194563500204498,False,600519,贵州茅台
2024-08-22,11666.47,11699.43,11534.73,11617.45,1952729.0,2750868073.0,-0.005326033947415036,False,600519,贵州茅台
2024-08-23,11600.56,11728.26,11585.07,11658.15,1532046.0,2166499202.0,0.0034972281257733442,False,600519,贵州茅台
2024-08-26,11674.71,11731.23,11560.6,11633.51,1562841.0,2207595461.0,-0.002115779570180301,False,600519,贵州茅台
2024-08-27,11633.51,11641.75,11543.79,11568.18,1365740.0,1920770570.0,-0.005631501210054377,False,600519,贵州茅台
2024-08-28,11568.18,11584.08,11328.67,11444.02,3166351.0,4388025875.0,-0.010790902634304003,False,600519,贵州茅台
2024-08-29,11369.86,11682.95,11369.86,11644.22,2747161.0,3864270621.0,0.017342596728778803,False,600519,贵州茅台
2024-08-30,11641.75,12013.09,11575.84,11890.49,3873923.0,5576118649.0,0.02092900139950202,False,600519,贵州茅台
2024-09-02,11781.82,11847.73,11493.45,11493.45,3413459.0,4801049927.0,-0.03396161306737397,False,600519,贵州茅台
2024-09-03,11518.17,11658.07,11477.14,11617.04,1788760.0,2516125842.0,0.010695677867230854,False,600519,贵州茅台
2024-09-04,11551.12,11692.75,11532.5,11534.65,1421109.0,1995221417.0,-0.007117437025847673,False,600519,贵州茅台
2024-09-05,11538.76,11592.32,11509.93,11574.85,1450295.0,2033680839.0,0.003479092195734908,False,600519,贵州茅台
2024-09-06,11575.84,11584.08,11518.17,11518.17,1032104.0,1445537257.0,-0.004908852442627719,False,600519,贵州茅台
2024-09-09,11369.95,11482.82,11288.13,11328.67,2863755.0,3950086825.0,-0.01658910779985406,False,600519,贵州茅台
2024-09-10,11287.64,11476.97,11287.64,11353.39,1980284.0,2737295644.0,0.0021796970634255963,False,600519,贵州茅台
2024-09-11,11333.61,11418.31,11246.28,11369.86,2099577.0,2892932794.0,0.0014496168359859228,False,600519,贵州茅台
2024-09-12,11369.86,11411.06,10998.37,10999.6,4794831.0,6482445000.0,-0.03310708608114258,False,600519,贵州茅台
2024-09-13,10966.15,10974.39,10688.5,10744.77,5600511.0,7329376917.0,-0.023439783940249755,False,600519,贵州茅台
2024-09-18,10710.74,10710.82,10436.05,10438.03,4618531.0,5895948011.0,-0.02896325722967792,False,600519,贵州茅台
2024-09-19,10397.66,10652.08,10264.43,10389.42,5998821.0,7623739997.0,-0.004667886684567586,False,600519,贵州茅台
2024-09-20,10393.54,10495.7,10299.04,10413.48,3998184.0,5038507835.0,0.0023131400648934565,False,600519,贵州茅台
2024-09-23,10447.09,10657.19,10386.62,10393.87,4554969.0,5809791682.0,-0.001884911418899088,False,600519,贵州茅台
2024-09-24,10587.9,11312.19,10423.12,11308.9,10041281.0,13297277523.0,0.08437381704295051,False,600519,贵州茅台
2024-09-25,11535.06,11757.1,11507.54,11526.41,7395380.0,10420109655.0,0.0190508977973556,False,600519,贵州茅台
2024-09-26,11534.32,12604.65,11501.69,12597.48,9727806.0,14269262657.0,0.0888558698221262,False,600519,贵州茅台
2024-09-27,13182.45,13423.03,12897.05,13423.03,8792167.0,14050260569.0,0.06347509451806432,False,600519,贵州茅台
2024-09-30,13940.44,14499.71,13610.88,14401.83,15729341.0,26982747037.0,0.07038339336805606,False,600519,贵州茅台
2024-10-08,15736.55,15736.55,13843.06,14195.85,19470947.0,35114075007.0,-0.014405613469180059,False,600519,贵州茅台
2024-10-09,14006.35,14006.35,13100.06,13142.49,12019684.0,19708432734.0,-0.07709917555077052,False,600519,贵州茅台
2024-10-10,13365.85,13743.36,13108.3,13512.01,7460342.0,12198964035.0,0.027728426767179435,False,600519,贵州茅台
2024-10-11,13309.33,13511.68,13100.06,13223.56,4191471.0,6764982707.0,-0.021578832460210064,False,600519,贵州茅台
2024-10-14,13289.56,13352.42,13027.31,13198.85,4481202.0,7181350822.0,-0.0018703825429735703,False,600519,贵州茅台
2024-10-15,13174.21,13190.61,12795.3,12805.52,4357143.0,6884141869.0,-0.03025337662091497,False,600519,贵州茅台
2024-10-16,12695.36,12768.85,12440.94,12543.93,4666440.0,7140169692.0,-0.020639444728676782,False,600519,贵州茅台
2024-10-17,12663.39,12668.83,12304.25,12314.06,3945955.0,5964778958.0,-0.018495184255348858,False,600519,贵州茅台
2024-10-18,12300.88,12917.48,12185.2,12696.35,6861930.0,10418043492.0,0.030572851602005117,False,600519,贵州茅台
2024-10-21,12698.08,12770.25,12533.3,12595.83,4200790.0,6433918335.0,-0.007948743782340397,False,600519,贵州茅台
2024-10-22,12577.38,12854.37,12557.93,12712.83,3626913.0,5607826492.0,0.00924591294016738,False,600519,贵州茅台
2024-10-23,12721.97,12992.54,12622.2,12914.68,4008846.0,6259600035.0,0.0157529291103863,False,600519,贵州茅台
2024-10-24,12861.13,12976.48,12729.39,12788.63,2392280.0,3723973209.0,-0.009808153930212908,False,600519,贵州茅台
2024-10-25,12745.78,12974.75,12737.63,12843.42,2774508.0,4328271351.0,0.0042751230157740214,False,600519,贵州茅台
2024-10-28,12852.89,12894.09,12541.7,12894.09,3912140.0,6064453668.0,0.00393744891899244,False,600519,贵州茅台
2024-10-29,12852.89,13017.67,12605.72,12619.07,4116578.0,6368105233.0,-0.021559905008629737,False,600519,贵州茅台
2024-10-30,12564.52,12780.3,12551.42,12622.2,3200574.0,4913175983.0,0.00024800653976951446,False,600519,贵州茅台
2024-10-31,12623.43,12688.11,12523.33,12587.51,2995735.0,4575545180.0,-0.002752115902608942,False,600519,贵州茅台
2024-11-01,12531.57,12730.38,12529.92,12636.62,3228392.0,4954302212.0,0.0038938954130187057,False,600519,贵州茅台
2024-11-04,12728.73,12770.5,12589.74,12755.67,2909292.0,4481761764.0,0.00937693073812159,False,600519,贵州茅台
2024-11-05,12688.11,12998.72,12655.24,12992.87,4564047.0,7134443464.0,0.018424866828595843,False,600519,贵州茅台
2024-11-06,12976.48,13091.74,12862.94,12943.52,3763143.0,5916917616.0,-0.003805468652771765,False,600519,贵州茅台
2024-11-07,12873.16,13623.24,12871.84,13587.32,7473872.0,12074951757.0,0.04854172807922111,False,600519,贵州茅台
2024-11-08,13684.13,13735.37,13190.77,13264.59,6077120.0,9885645907.0,-0.024038926183028372,False,600519,贵州茅台
2024-11-11,13100.06,13264.43,12912.13,13166.06,4385365.0,6957095385.0,-0.00745577247837953,False,600519,贵州茅台
2024-11-12,13091.82,13371.95,12967.82,12994.6,4922266.0,7844798676.0,-0.013108419678005656,False,600519,贵州茅台
2024-11-13,12918.8,13072.54,12863.44,13005.31,2912526.0,4594445032.0,0.0008238490522285255,False,600519,贵州茅台
2024-11-14,12935.28,13136.72,12899.44,12966.59,2924814.0,4617144097.0,-0.0029816862598826513,False,600519,贵州茅台
2024-11-15,12927.04,13048.98,12795.22,12844.65,3376112.0,5295326892.0,-0.009448667108199115,False,600519,贵州茅台
2024-11-18,12869.37,12984.63,12811.7,12844.65,2709219.0,4237197499.0,0.0,False,600519,贵州茅台
2024-11-19,12894.09,12930.09,12564.52,12703.93,3326643.0,5138831155.0,-0.011015987820178638,False,600519,贵州茅台
2024-11-20,12712.83,12803.21,12616.43,12727.74,2134455.0,3292675257.0,0.0018724690086625686,False,600519,贵州茅台
2024-11-21,12719.99,12762.18,12622.2,12730.38,1826179.0,2810933515.0,0.00020739944736392993,False,600519,贵州茅台
2024-11-22,12697.58,12752.13,12422.98,12422.98,3343611.0,5107288992.0,-0.024443279556904438,False,600519,贵州茅台
2024-11-25,12449.18,12622.2,12331.11,12346.77,3318556.0,5011136234.0,-0.00615349290785478,False,600519,贵州茅台
2024-11-26,12346.77,12514.1,12266.93,12432.7,2574479.0,3876885984.0,0.006935607941157452,False,600519,贵州茅台
2024-11-27,12432.7,12541.04,12399.74,12515.5,2593417.0,3927607772.0,0.0066377777967488415,False,600519,贵州茅台
2024-11-28,12539.81,12564.44,12375.03,12506.85,2395203.0,3627662382.0,-0.0006913819321178742,False,600519,贵州茅台
2024-11-29,12498.61,12811.7,12467.39,12570.62,3608810.0,5534035503.0,0.005085850961483735,False,600519,贵州茅台
2024-12-02,12572.76,12605.64,12482.96,12564.52,2681954.0,4086609952.0,-0.0004853762596713782,False,600519,贵州茅台
2024-12-03,12556.29,12596.66,12491.03,12578.86,2480662.0,3777197199.0,0.0011406582213542276,False,600519,贵州茅台
2024-12-04,12523.91,12553.48,12440.94,12523.33,2392389.0,3626565544.0,-0.004424322386338751,False,600519,贵州茅台
2024-12-05,12448.02,12505.7,12440.94,12449.18,1614147.0,2441318387.0,-0.005938547460107203,False,600519,贵州茅台
2024-12-06,12465.66,12679.05,12425.04,12531.65,3203969.0,4883148600.0,0.006602686909096338,False,600519,贵州茅台
2024-12-09,12539.97,12603.41,12467.3,12513.44,1979986.0,3008173586.0,-0.001454177502173401,False,600519,贵州茅台
2024-12-10,12935.28,13015.45,12730.79,12742.4,6031210.0,9421340719.0,0.018131748752953536,False,600519,贵州茅台
2024-12-11,12688.11,12811.7,12613.79,12651.86,2967112.0,4569662604.0,-0.007130775509703902,False,600519,贵州茅台
2024-12-12,12622.36,12902.32,12597.48,12900.68,4193652.0,6510547810.0,0.01947578321864893,False,600519,贵州茅台
2024-12-13,12770.58,12811.61,12514.1,12515.09,4951197.0,7580908315.0,-0.030344906928394907,False,600519,贵州茅台
2024-12-16,12531.57,12597.48,12446.79,12582.65,3253710.0,4945298799.0,0.00538376468837689,False,600519,贵州茅台
2024-12-17,12572.68,12927.04,12531.65,12836.41,5417163.0,8398945449.0,0.01996678323565303,False,600519,贵州茅台
2024-12-18,12836.17,12992.95,12746.61,12947.64,4116226.0,6440801971.0,0.008627868003428022,False,600519,贵州茅台
2024-12-19,12895.24,12918.23,12773.22,12778.82,2480932.0,3862602665.0,-0.013124419237532868,False,600519,贵州茅台
2024-12-20,12812.31,12901.59,12719.34,12735.91,2815774.0,4307425535.0,-0.003363550424016336,False,600519,贵州茅台
2024-12-23,12744.28,12869.8,12694.07,12773.15,2160269.0,3300971424.0,0.002919749019031587,False,600519,贵州茅台
2024-12-24,12761.01,12920.0,12732.48,12876.66,2210492.0,3394160299.0,0.008071058764438003,False,600519,贵州茅台
2024-12-25,12876.49,12876.49,12770.22,12802.85,1712339.0,2621061878.0,-0.005748567886266354,False,600519,贵州茅台
2024-12-26,12836.33,12876.32,12744.28,12784.36,1828651.0,2798840003.0,-0.0014452535636692533,False,600519,贵州茅台
2024-12-27,12793.65,12853.06,12714.99,12794.24,2075932.0,3170191445.0,0.0007725208175079314,False,600519,贵州茅台
2024-12-30,12836.07,12919.67,12761.01,12761.01,2512982.0,3849542646.0,-0.002600641256007948,False,600519,贵州茅台
2024-12-31,12764.36,12928.37,12735.99,12752.65,3935445.0,6033540366.0,-0.0006553352438806951,False,600519,贵州茅台
2025-01-02,12752.65,12756.75,12384.46,12451.4,5002870.0,7490883773.0,-0.023906026757388916,False,600519,贵州茅台
2025-01-03,12505.79,12509.89,12275.76,12342.62,3262836.0,4836610288.0,-0.008774752780746273,False,600519,贵州茅台
2025-01-06,12158.53,12239.36,11989.5,12049.74,4425512.0,6392479712.0,-0.02401523066676557,False,600519,贵州茅台
2025-01-07,12088.74,12149.24,12041.38,12051.42,2422118.0,3494634227.0,0.00013941237705745687,False,600519,贵州茅台
2025-01-08,12049.74,12148.65,11938.12,12070.66,3525821.0,5071821246.0,0.0015952193243734143,False,600519,贵州茅台
2025-01-09,12124.97,12255.43,11991.0,12083.22,2970565.0,4295852736.0,0.0010399986364153732,False,600519,贵州茅台
2025-01-10,12109.16,12149.74,12016.27,12016.27,2187195.0,3154677598.0,-0.005556148468965109,False,600519,贵州茅台
2025-01-13,11924.23,12086.9,11899.21,12083.05,2108251.0,3030806870.0,0.005542079272518788,False,600519,贵州茅台
2025-01-14,12091.17,12373.41,12066.48,12321.7,3095657.0,4535651504.0,0.01955829151723186,False,600519,贵州茅台
2025-01-15,12275.68,12339.27,12217.19,12311.41,1839934.0,2701518712.0,-0.0008354609384305685,False,600519,贵州茅台
2025-01-16,12334.25,12406.72,12066.48,12103.13,2634213.0,3840411437.0,-0.017062377823256245,False,600519,贵州茅台
2025-01-17,12103.22,12225.47,12103.13,12173.17,1830894.0,2663227309.0,0.005770252825717334,False,600519,贵州茅台
2025-01-20,12225.47,12466.38,12217.1,12340.95,3140975.0,4647626351.0,0.01368865126424784,False,600519,贵州茅台
2025-01-21,12392.83,12401.2,12258.94,12285.3,1685604.0,2481821229.0,-0.004519575227908654,False,600519,贵州茅台
2025-01-22,12244.47,12283.63,12033.01,12058.11,2829384.0,4088101682.0,-0.018665963099570426,False,600519,贵州茅台
2025-01-23,12133.17,12284.05,12033.01,12074.85,2712504.0,3932700850.0,0.0013873145014016801,False,600519,贵州茅台
2025-01-24,12066.48,12114.93,11968.66,12016.27,3136034.0,4515322685.0,-0.004863212291951727,False,600519,贵州茅台
2025-01-27,12024.64,12082.97,11941.13,12007.82,2935646.0,4213534543.0,-0.0007034605971308497,False,600519,贵州茅台
2025-02-05,12049.74,12074.85,11733.52,11746.83,4075652.0,5753730034.0,-0.021974687255144513,False,600519,贵州茅台
2025-02-06,11715.11,11899.04,11715.11,11822.47,2735582.0,3859568163.0,0.006418541041309005,False,600519,贵州茅台
2025-02-07,11829.5,12072.17,11743.56,12016.27,3724207.0,5310850624.0,0.016259606810966293,False,600519,贵州茅台
2025-02-10,12033.01,12049.74,11941.72,11978.7,2083979.0,2988101756.0,-0.0031314922003826662,False,600519,贵州茅台
2025-02-11,12007.49,12015.94,11848.08,11865.65,2357283.0,3348668867.0,-0.009482401246564014,False,600519,贵州茅台
2025-02-12,11865.65,12091.58,11856.28,12074.85,2547579.0,3644170477.0,0.01747710573889832,False,600519,贵州茅台
2025-02-13,12075.02,12344.71,12003.81,12259.44,4338536.0,6335985851.0,0.015171475365241115,False,600519,贵州茅台
2025-02-14,12259.44,12359.36,12202.21,12342.62,2709992.0,3978694098.0,0.006762061140691513,False,600519,贵州茅台
2025-02-17,12392.83,12509.81,12276.51,12314.34,3247059.0,4804663813.0,-0.0022938766498768683,False,600519,贵州茅台
2025-02-18,12300.78,12493.16,12234.51,12342.62,2779992.0,4113845397.0,0.0022938766498768817,False,600519,贵州茅台
2025-02-19,12343.04,12505.29,12258.11,12476.51,3239331.0,4803378441.0,0.010789362789586402,False,600519,贵州茅台
2025-02-20,12409.56,12484.62,12329.15,12334.25,2374973.0,3513552984.0,-0.011467730858225385,False,600519,贵州茅台
2025-02-21,12384.46,12524.45,12325.97,12453.16,3641783.0,5418169587.0,0.009594460427593545,False,600519,贵州茅台
2025-02-24,12451.4,12547.8,12334.25,12376.68,3474373.0,5157907322.0,-0.006160349149830958,False,600519,贵州茅台
2025-02-25,12300.86,12329.15,12150.16,12166.9,2838743.0,4142814459.0,-0.017094906997655014,False,600519,贵州茅台
2025-02-26,12179.03,12258.61,12091.58,12217.19,2636609.0,3835949041.0,0.004124826581892743,False,600519,贵州茅台
2025-02-27,12217.27,12467.3,12166.9,12430.99,4976217.0,7368002361.0,0.017348571968219588,False,600519,贵州茅台
2025-02-28,12430.48,12789.3,12401.2,12558.43,5612895.0,8475738166.0,0.010199604858158424,False,600519,贵州茅台
2025-03-03,12573.57,12727.46,12397.01,12443.2,3159566.0,4736679903.0,-0.009217864268359667,False,600519,贵州茅台
2025-03-04,12426.3,12434.67,12260.7,12301.7,2521121.0,3710675863.0,-0.011436824748369332,False,600519,贵州茅台
2025-03-05,12317.52,12334.25,12217.94,12270.41,2460522.0,3606932152.0,-0.002546791212689777,False,600519,贵州茅台
2025-03-06,12334.25,12637.17,12318.19,12601.86,4216764.0,6297117400.0,0.02665374911294921,False,600519,贵州茅台
2025-03-07,12576.92,12789.13,12576.92,12727.54,3799135.0,5760608729.0,0.0099237274800049,False,600519,贵州茅台
2025-03-10,12717.59,12776.75,12603.2,12743.44,3136907.0,4758789260.0,0.0012484798044895718,False,600519,贵州茅台
2025-03-11,12694.07,12959.17,12652.23,12959.17,3977560.0,6094007854.0,0.01678701626847164,False,600519,贵州茅台
2025-03-12,12944.77,12967.53,12772.31,12908.12,2960396.0,4552923644.0,-0.003947074956622729,False,600519,贵州茅台
2025-03-13,12920.0,13016.23,12810.22,12867.87,2572439.0,3966369271.0,-0.003123063961070375,False,600519,贵州茅台
2025-03-14,12950.63,13622.99,12894.9,13622.99,9291315.0,14882842708.0,0.05702529998524437,False,600519,贵州茅台
2025-03-17,13865.57,13873.86,13613.53,13705.41,5468913.0,8985138902.0,0.006031838665341112,False,600519,贵州茅台
2025-03-18,13765.49,13823.74,13570.19,13589.43,3161345.0,5153210436.0,-0.00849836071771029,False,600519,贵州茅台
2025-03-19,13591.86,13790.26,13581.07,13687.42,2738955.0,4477128770.0,0.0071848781322002495,False,600519,贵州茅台
2025-03-20,13687.42,13703.24,13347.35,13422.08,3673677.0,5903879207.0,-0.019576050728913694,False,600519,贵州茅台
2025-03-21,13380.24,13490.69,13127.78,13168.95,3361430.0,5324973190.0,-0.019039326156496103,False,600519,贵州茅台
2025-03-24,13137.57,13302.08,13073.81,13246.35,2556585.0,4032223482.0,0.005860256859449563,False,600519,贵州茅台
2025-03-25,13288.19,13328.36,13109.62,13183.59,1767438.0,2783286813.0,-0.0047491684022375035,False,600519,贵州茅台
2025-03-26,13160.75,13242.84,13145.94,13187.78,1432356.0,2257639750.0,0.000317768855790179,False,600519,贵州茅台
2025-03-27,13187.78,13373.96,13165.85,13296.56,1795563.0,2848889210.0,0.00821471191798898,False,600519,贵州茅台
2025-03-28,13312.71,13330.03,13187.78,13264.84,1622789.0,2569470015.0,-0.002388429456214214,False,600519,贵州茅台
2025-03-31,13229.45,13279.49,13054.39,13062.26,2108494.0,3311857714.0,-0.015389769349648792,False,600519,贵州茅台
2025-04-01,13087.36,13136.65,12988.7,13020.59,1855644.0,2893739955.0,-0.0031952056966109707,False,600519,贵州茅台
2025-04-02,13037.15,13119.16,12932.56,12962.01,2167401.0,3371883024.0,-0.004509179162779294,False,600519,贵州茅台
2025-04-03,12802.85,13271.46,12794.57,13128.2,3548050.0,5557442052.0,0.012739816793676572,False,600519,贵州茅台
2025-04-07,12719.26,12860.17,12233.84,12551.82,10195267.0,15314738235.0,-0.04489691330104564,False,600519,贵州茅台
2025-04-08,12660.6,12928.37,12509.98,12928.37,7387649.0,11226977557.0,0.029558446434959234,False,600519,贵州茅台
2025-04-09,12761.18,13027.11,12723.78,12895.24,5563004.0,8562928225.0,-0.002565870393525287,False,600519,贵州茅台
2025-04-10,12978.5,13012.05,12786.12,12961.84,3862021.0,5963650791.0,0.005151405130056827,False,600519,贵州茅台
2025-04-11,13221.0,13221.0,12928.37,13129.03,3263423.0,5087359924.0,0.012816152812031696,False,600519,贵州茅台
2025-04-14,13062.01,13104.1,12983.01,12986.86,2171144.0,3379425640.0,-0.010887731908193456,False,600519,贵州茅台
2025-04-15,12986.95,13095.73,12928.37,13037.15,2148928.0,3339942729.0,0.0038648972698877427,False,600519,贵州茅台
2025-04-16,12986.95,13187.78,12861.43,13046.94,3115605.0,4834880596.0,0.0007506491857452683,False,600519,贵州茅台
2025-04-17,13003.68,13191.96,12970.13,13137.57,2384605.0,3733924973.0,0.006922440932974052,False,600519,贵州茅台
2025-04-18,13104.1,13179.41,13020.42,13103.6,2029848.0,3179974340.0,-0.002589062833385152,False,600519,贵州茅台
2025-04-21,13099.91,13099.91,12978.58,12978.58,1805703.0,2808158177.0,-0.009586695398362502,False,600519,贵州茅台
2025-04-22,12970.21,13022.93,12913.39,12960.17,1843214.0,2857525967.0,-0.0014194980938794146,False,600519,贵州茅台
2025-04-23,13045.52,13047.36,12928.37,12986.95,1866876.0,2895468892.0,0.002064198994643472,False,600519,贵州茅台
2025-04-24,12986.95,13059.58,12961.68,12989.04,1487181.0,2313372072.0,0.00016091783254545297,False,600519,贵州茅台
2025-04-25,13029.62,13063.93,12970.21,12970.21,1476490.0,2295029705.0,-0.0014507355414754332,False,600519,贵州茅台
2025-04-28,12986.95,13012.05,12941.76,12970.21,1465972.0,2274252465.0,0.0,False,600519,贵州茅台
2025-04-29,12970.21,12991.47,12819.76,12920.0,1892180.0,2917422938.0,-0.0038786910533061617,False,600519,贵州茅台
2025-04-30,12970.13,13109.62,12939.25,12945.11,2575425.0,4005439429.0,0.0019416123023198242,False,600519,贵州茅台
2025-05-06,13045.52,13045.52,12922.77,12971.89,1830026.0,2838614215.0,0.0020665979496901302,False,600519,贵州茅台
2025-05-07,13137.57,13137.57,12971.89,13012.05,2746221.0,4275142569.0,0.003091142604080828,False,600519,贵州茅台
2025-05-08,12995.32,13328.19,12968.79,13206.1,3348106.0,5265446444.0,0.014802992848777171,False,600519,贵州茅台
2025-05-09,13212.8,13367.27,13179.83,13314.8,2367190.0,3757574546.0,0.008197354440361952,False,600519,贵州茅台
2025-05-12,13371.87,13547.01,13360.24,13426.26,2473533.0,3967785800.0,0.008336292239764377,False,600519,贵州茅台
2025-05-13,13463.25,13463.25,13264.01,13307.44,2125829.0,3386617848.0,-0.008889213420514675,False,600519,贵州茅台
2025-05-14,13304.93,13765.16,13289.7,13681.4,3946012.0,6394735058.0,0.027713968820458457,False,600519,贵州茅台
2025-05-15,13679.81,13753.36,13590.52,13656.46,2473285.0,4043402636.0,-0.0018245763873935884,False,600519,贵州茅台
2025-05-16,13673.03,13698.13,13506.84,13506.84,2293522.0,3714508659.0,-0.01101644595316645,False,600519,贵州茅台
2025-05-19,13355.13,13388.61,13170.04,13212.71,3806283.0,6021950010.0,-0.022016978689051923,False,600519,贵州茅台
2025-05-20,13221.25,13345.09,13180.25,13271.46,1952153.0,3095742637.0,0.004436619789675738,False,600519,贵州茅台
2025-05-21,13263.09,13354.63,13229.36,13229.36,1979464.0,3143941416.0,-0.0031772628482148726,False,600519,贵州茅台
2025-05-22,13229.53,13263.0,13138.41,13221.25,1509024.0,2381236586.0,-0.000613218391117512,False,600519,贵州茅台
2025-05-23,13181.08,13287.35,13151.46,13159.33,2153700.0,3399424961.0,-0.004694370913110195,False,600519,贵州茅台
2025-05-26,13137.57,13176.31,12928.37,12974.4,2708653.0,4212944430.0,-0.01415282753885956,False,600519,贵州茅台
2025-05-27,12978.58,13042.18,12915.9,12919.17,1775213.0,2748945675.0,-0.004265930403340745,False,600519,贵州茅台
2025-05-28,12919.92,12940.59,12827.96,12861.43,1626568.0,2504624605.0,-0.004479344665662646,False,600519,贵州茅台
2025-05-29,12886.53,13012.05,12819.59,12886.53,2185958.0,3375465796.0,0.0019496696399146961,False,600519,贵州茅台
2025-05-30,12887.79,12928.37,12679.34,12735.91,3123918.0,4764875947.0,-0.011757017284922776,False,600519,贵州茅台
2025-06-03,12618.84,12710.81,12593.82,12627.13,2897918.0,4377892799.0,-0.00857788869184949,False,600519,贵州茅台
2025-06-04,12639.68,12744.28,12628.97,12635.16,2300809.0,3480363797.0,0.0006357301947246451,False,600519,贵州茅台
2025-06-05,12668.97,12685.7,12570.23,12668.97,2321366.0,3504925524.0,0.0026722926352481064,False,600519,贵州茅台
2025-06-06,12667.29,12710.56,12576.92,12605.29,2502307.0,3777727616.0,-0.00503912951367959,False,600519,贵州茅台
2025-06-09,12593.82,12624.62,12431.99,12435.59,4495867.0,6723839138.0,-0.013554044265820768,False,600519,贵州茅台
2025-06-10,12434.67,12484.87,12340.95,12342.7,3049220.0,4511934584.0,-0.007497727660598043,False,600519,贵州茅台
2025-06-11,12357.68,12501.61,12351.83,12384.46,3089282.0,4585522755.0,0.003377665668196921,False,600519,贵州茅台
2025-06-12,12384.46,12416.84,12167.73,12208.73,4990361.0,7306800800.0,-0.014291191251504081,False,600519,贵州茅台
2025-06-13,12086.65,12133.17,11924.73,11940.54,5911325.0,8466515559.0,-0.02221193653642335,False,600519,贵州茅台
2025-06-16,11725.07,11924.56,11724.9,11901.55,4288787.0,6060448438.0,-0.00327068933618319,False,600519,贵州茅台
2025-06-17,11882.39,11940.96,11816.95,11940.96,2723151.0,3868364671.0,0.003305863006182321,False,600519,贵州茅台
2025-06-18,12049.74,12078.53,11890.84,11924.23,3076099.0,4404131364.0,-0.0014020422833880542,False,600519,贵州茅台
2025-06-19,11932.59,11996.78,11858.79,11932.59,2450072.0,3490268568.0,0.0007008478365678627,False,600519,贵州茅台
2025-06-20,11912.34,12059.28,11884.06,11954.85,3481581.0,4990683314.0,0.0018637414845126354,False,600519,贵州茅台
2025-06-23,11882.39,11991.17,11758.38,11882.39,2672331.0,3794012343.0,-0.006079581628123977,False,600519,贵州茅台
2025-06-24,11910.42,12147.48,11910.42,12026.31,3631151.0,5229183514.0,0.012039277615258996,False,600519,贵州茅台
2025-06-25,12042.3,12126.73,11886.65,12015.1,4105007.0,5869292227.0,-0.0009325576837971997,False,600519,贵州茅台
2025-06-26,12072.61,12183.52,12030.63,12115.27,3486025.0,4955829982.0,0.008302448358473581,False,600519,贵州茅台
2025-06-27,12115.35,12140.86,11970.99,11970.99,3824973.0,5404312675.0,-0.011980417525158724,False,600519,贵州茅台
2025-06-30,11974.49,12057.51,11961.69,12025.85,3045730.0,4287373691.0,0.004572276647585366,False,600519,贵州茅台
2025-07-01,12021.42,12046.5,11972.87,11988.14,1987819.0,2794423203.0,-0.0031406718331313554,False,600519,贵州茅台
2025-07-02,12025.68,12070.9,11944.63,12026.53,2621825.0,3689246316.0,0.0031972150941459287,False,600519,贵州茅台
2025-07-03,12047.01,12138.22,12012.88,12077.73,2441267.0,3456733002.0,0.0042482181159706105,False,600519,贵州茅台
2025-07-04,12078.58,12216.71,12030.03,12134.21,2876691.0,4086547268.0,0.004665475170380294,False,600519,贵州茅台
2025-07-07,12134.72,12145.13,12030.03,12035.92,2385467.0,3370562659.0,-0.008133224092511982,False,600519,贵州茅台
2025-07-08,12036.01,12115.27,12035.92,12082.08,1867370.0,2643302691.0,0.003827851095700557,False,600519,贵州茅台
2025-07-09,12072.61,12200.33,12065.53,12105.71,2774532.0,3950810723.0,0.001953879004040867,False,600519,贵州茅台
2025-07-10,12106.48,12253.31,12033.36,12170.72,3872503.0,5503329754.0,0.0053558250039369825,False,600519,贵州茅台
2025-07-11,12142.23,12439.48,12142.23,12174.99,5724335.0,8239010390.0,0.00035078049017948503,False,600519,贵州茅台
2025-07-14,12200.58,12243.07,12128.92,12145.98,2778094.0,3961736006.0,-0.0023855967716883975,False,600519,贵州茅台
2025-07-15,12123.63,12140.26,12015.61,12038.48,3540578.0,5005150165.0,-0.00889006477757046,False,600519,贵州茅台
2025-07-16,12030.03,12093.85,12029.52,12038.74,2128605.0,3006882579.0,2.159717774802104e-05,False,600519,贵州茅台
2025-07-17,12063.9,12140.95,12054.52,12084.12,2310554.0,3273100406.0,0.0037624107201433494,False,600519,贵州茅台
2025-07-18,12115.27,12267.22,12084.38,12260.31,4182341.0,5984949774.0,0.01447502170792011,False,600519,贵州茅台
2025-07-21,12260.22,12343.92,12243.24,12311.5,2620331.0,3779891829.0,0.004166569256080211,False,600519,贵州茅台
2025-07-22,12320.03,12512.85,12291.71,12499.03,4211898.0,6127636851.0,0.01511725637150674,False,600519,贵州茅台
2025-07-23,12533.33,12755.16,12532.9,12588.79,4504484.0,6676301462.0,0.007155694118124311,False,600519,贵州茅台
2025-07-24,12593.05,12789.28,12584.52,12725.3,3880364.0,5786337377.0,0.010785402381848178,False,600519,贵州茅台
2025-07-25,12724.44,12724.44,12396.82,12413.88,4191126.0,6140078741.0,-0.02477693635801055,False,600519,贵州茅台
2025-07-28,12396.82,12413.8,12254.34,12274.47,3858632.0,5560966386.0,-0.011293705880168486,False,600519,贵州茅台
2025-07-29,12282.49,12360.9,12243.33,12277.37,2630408.0,3785848102.0,0.00023623484133877658,False,600519,贵州茅台
2025-07-30,12320.03,12432.31,12260.31,12366.44,3186771.0,4612883040.0,0.007228621535982248,False,600519,贵州茅台
2025-07-31,12311.5,12327.45,12098.2,12129.51,5179751.0,7386302758.0,-0.019345025509412164,False,600519,贵州茅台
2025-08-01,12131.22,12166.12,12064.07,12089.67,2963559.0,4200850790.0,-0.00328995745810358,False,600519,贵州茅台
2025-08-04,12072.61,12113.56,12064.07,12106.73,1868795.0,2647105740.0,0.0014101273600142874,False,600519,贵州茅台
2025-08-05,12123.8,12200.07,12090.61,12181.3,2534227.0,3607931488.0,0.0061404926055380876,False,600519,贵州茅台
2025-08-06,12192.05,12192.05,12109.29,12148.37,2369928.0,3372334940.0,-0.0027069845261859563,False,600519,贵州茅台
2025-08-07,12148.37,12180.96,12115.78,12135.32,2800134.0,3988765795.0,-0.0010747955731823028,False,600519,贵州茅台
2025-08-08,12141.29,12170.72,12098.2,12123.54,1865528.0,2651478118.0,-0.0009711916327412127,False,600519,贵州茅台
2025-08-11,12145.13,12388.2,12140.86,12328.56,4715907.0,6794034090.0,0.016769504832536617,False,600519,贵州茅台
2025-08-12,12362.69,12499.8,12251.78,12260.65,4201923.0,6095342036.0,-0.005523574987599192,False,600519,贵州茅台
2025-08-13,12157.93,12231.98,12115.27,12115.69,6552754.0,9325460101.0,-0.011893640211516066,False,600519,贵州茅台
2025-08-14,12123.29,12349.98,12123.29,12174.9,4812930.0,6897535330.0,0.004875148546877848,False,600519,贵州茅台
2025-08-15,12166.54,12189.15,12117.14,12133.01,4758165.0,6772436997.0,-0.003446618114697324,False,600519,贵州茅台
2025-08-18,12174.9,12257.24,12141.71,12187.79,4737798.0,6773477871.0,0.004504793644803649,False,600519,贵州茅台
2025-08-19,12230.45,12342.73,12217.65,12268.84,4637186.0,6678541001.0,0.00662808381370797,False,600519,贵州茅台
2025-08-20,12268.84,12395.11,12200.76,12371.22,4580466.0,6623095725.0,0.008310092522182703,False,600519,贵州茅台
2025-08-21,12400.66,12413.8,12317.05,12356.29,3089057.0,4470441662.0,-0.0012075620888840016,False,600519,贵州茅台
2025-08-22,12361.67,12490.67,12326.6,12490.24,4497058.0,6544867368.0,0.010782294165497567,False,600519,贵州茅台
2025-08-25,12541.95,12763.69,12507.73,12715.31,6532455.0,9676719498.0,0.017859239904480757,False,600519,贵州茅台
2025-08-26,12715.23,12748.59,12627.26,12640.92,3960213.0,5883917000.0,-0.00586760834949977,False,600519,贵州茅台
2025-08-27,12643.22,12669.24,12354.16,12354.16,5600609.0,8184169113.0,-0.022946322419468302,False,600519,贵州茅台
2025-08-28,12353.9,12423.27,12275.41,12337.95,3928177.0,5683673273.0,-0.0013129702021161989,False,600519,贵州茅台
2025-08-29,12396.82,12649.19,12388.29,12627.18,6225648.0,9159701454.0,0.023171755263869897,False,600519,贵州茅台
2025-09-01,12645.95,12695.43,12505.17,12593.9,4512338.0,6658918555.0,-0.0026390637764374275,False,600519,贵州茅台
2025-09-02,12615.75,12874.6,12610.12,12723.59,5668837.0,8470012816.0,0.010245181050220901,False,600519,贵州茅台
2025-09-03,12721.03,12827.68,12507.73,12631.87,4504503.0,6656011145.0,-0.007234765219458679,False,600519,贵州茅台
2025-09-04,12558.92,12621.21,12460.55,12564.55,4774676.0,7017084750.0,-0.005343628990939652,False,600519,贵州茅台
2025-09-05,12550.39,12686.65,12490.67,12652.77,3738848.0,5519312163.0,0.006996806948780453,False,600519,贵州茅台
2025-09-08,12652.77,12852.76,12605.85,12808.31,5138298.0,7682065696.0,0.012218015489643096,False,600519,贵州茅台
2025-09-09,12840.48,12882.71,12741.68,12840.48,3574277.0,5366650005.0,0.002508501716405198,False,600519,贵州茅台
2025-09-10,12854.64,13053.35,12763.69,12985.6,4966331.0,7541460049.0,0.011238370468652236,False,600519,贵州茅台
2025-09-11,12985.6,13019.82,12870.34,12998.32,3723896.0,5642778456.0,0.0009790671319868088,False,600519,贵州茅台
2025-09-12,13019.65,13122.2,12887.66,12934.33,3372209.0,5132184935.0,-0.004935101493614679,False,600519,贵州茅台
2025-09-15,12933.22,12946.95,12810.61,12926.65,2582703.0,3901929718.0,-0.0005939450265051203,False,600519,贵州茅台
2025-09-16,12926.65,12976.9,12765.48,12797.65,3271789.0,4928374478.0,-0.01002951150099496,False,600519,贵州茅台
2025-09-17,12797.73,12885.52,12712.58,12738.09,3033054.0,4534770634.0,-0.0046648429225753865,False,600519,贵州茅台
2025-09-18,12729.56,12779.05,12486.4,12524.45,4972125.0,7347477479.0,-0.016913983566488388,False,600519,贵州茅台
2025-09-19,12524.71,12588.79,12431.03,12524.54,3263662.0,4784528851.0,7.185918474168278e-06,False,600519,贵州茅台
2025-09-22,12499.97,12524.54,12371.31,12399.8,3494708.0,5085057536.0,-0.010009576300927471,False,600519,贵州茅台
2025-09-23,12375.49,12435.21,12285.9,12349.21,3866300.0,5588384388.0,-0.0040882500320236145,False,600519,贵州茅台
2025-09-24,12235.31,12429.07,12235.31,12302.97,3074350.0,4443052872.0,-0.0037513967712276878,False,600519,贵州茅台
2025-09-25,12310.05,12330.35,12251.78,12277.37,3386973.0,4873274661.0,-0.002082966245055564,False,600519,贵州茅台
2025-09-26,12295.97,12346.57,12183.61,12243.24,4512071.0,6480889597.0,-0.002783782462239836,False,600519,贵州茅台
2025-09-29,12280.61,12541.77,12243.24,12463.88,5368403.0,7798434586.0,0.0178609134160771,False,600519,贵州茅台
2025-09-30,12456.54,12463.03,12285.9,12319.95,3936362.0,5687474876.0,-0.011614961698609502,False,600519,贵州茅台
2025-10-09,12251.78,12280.61,12115.27,12258.43,5491812.0,7845448947.0,-0.005006036075302778,False,600519,贵州茅台
2025-10-10,12265.43,12285.39,12179.26,12200.58,3600144.0,5157459262.0,-0.004730371987496372,False,600519,贵州茅台
2025-10-13,12078.58,12139.58,12073.63,12108.44,4606880.0,6533147458.0,-0.0075807614834009305,False,600519,贵州茅台
2025-10-14,12200.5,12490.67,12200.5,12379.92,6667233.0,9639484605.0,0.022173075090650068,False,600519,贵州茅台
2025-10-15,12379.58,12482.14,12329.25,12473.61,4278540.0,6233407482.0,0.007539407383874735,False,600519,贵州茅台
2025-10-16,12472.92,12669.41,12446.99,12669.07,4573015.0,6749162949.0,0.015548377318718583,False,600519,贵州茅台
2025-10-17,12653.63,12695.43,12405.61,12413.88,3808589.0,5594724900.0,-0.0203483884634415,False,600519,贵州茅台
2025-10-20,12413.88,12537.59,12412.86,12438.88,2594988.0,3793283759.0,0.002011849664373036,False,600519,贵州茅台
2025-10-21,12448.01,12541.35,12418.15,12475.82,2544267.0,3727984130.0,0.002965319836735443,False,600519,贵州茅台
2025-10-22,12474.29,12505.43,12422.41,12445.45,1819492.0,2657486636.0,-0.002437276674419164,False,600519,贵州茅台
2025-10-23,12413.88,12531.62,12347.33,12524.63,2932235.0,4274652090.0,0.006342011350552259,False,600519,贵州茅台
2025-10-24,12524.37,12617.62,12365.59,12371.22,3822583.0,5578603148.0,-0.012324298367865605,False,600519,贵州茅台
2025-10-27,12285.9,12392.47,12251.69,12289.4,3710239.0,5352667152.0,-0.006635705041365329,False,600519,贵州茅台
2025-10-28,12302.97,12381.46,12295.29,12328.56,2712433.0,3923817140.0,0.003181419827605547,False,600519,贵州茅台
2025-10-29,12286.07,12341.79,12200.93,12216.8,3393711.0,4868780319.0,-0.009106468377963299,False,600519,贵州茅台
2025-10-30,12130.71,12257.15,12130.71,12172.77,4745610.0,6768821311.0,-0.0036105636820878426,False,600519,贵州茅台
2025-10-31,12132.33,12251.61,12116.2,12200.67,3569377.0,5109623861.0,0.002289378289310999,False,600519,贵州茅台
2025-11-03,12209.12,12354.16,12116.12,12243.24,3454766.0,4945310830.0,0.0034830796740543896,False,600519,贵州茅台
2025-11-04,12244.1,12249.9,12147.52,12192.05,2656572.0,3793892903.0,-0.004189847952362349,False,600519,贵州茅台
2025-11-05,12165.52,12209.03,12115.35,12115.95,3447527.0,4908475373.0,-0.006261333603787115,False,600519,贵州茅台
2025-11-06,12200.58,12298.27,12200.5,12244.35,3834782.0,5505960415.0,0.010541839722245833,False,600519,贵州茅台
2025-11-07,12244.18,12284.03,12210.06,12229.0,1886139.0,2704995856.0,-0.0012544258969758775,False,600519,贵州茅台
2025-11-10,12243.24,12488.02,12243.07,12476.16,4945154.0,7181246441.0,0.020009443079365887,False,600519,贵州茅台
2025-11-11,12473.61,12475.14,12345.63,12447.92,2669156.0,3882776772.0,-0.002266082606433042,False,600519,贵州茅台
2025-11-12,12456.37,12613.19,12449.8,12500.48,3299210.0,4849073051.0,0.004213502890828519,False,600519,贵州茅台
2025-11-13,12474.63,12572.4,12439.48,12545.1,3117923.0,4569178269.0,0.0035631075189288324,False,600519,贵州茅台
2025-11-14,12541.86,12618.22,12424.97,12427.53,2747306.0,4031007106.0,-0.009415978104939129,False,600519,贵州茅台
2025-11-17,12405.35,12567.46,12335.3,12550.39,3446221.0,5035780027.0,0.009837567807180566,False,600519,贵州茅台
2025-11-18,12547.83,12678.97,12533.33,12593.05,3420478.0,5055675474.0,0.003393333683441834,False,600519,贵州茅台
2025-11-19,12575.99,12623.17,12541.52,12550.48,2204537.0,3249449214.0,-0.0033861626172595883,False,600519,贵州茅台
2025-11-20,12558.92,12626.33,12499.46,12517.2,2400232.0,3531653943.0,-0.0026552133705580027,False,600519,贵州茅台
2025-11-21,12546.13,12627.18,12422.41,12512.85,4260720.0,6259873433.0,-0.00034758220968762667,False,600519,贵州茅台
2025-11-24,12516.26,12550.39,12380.86,12388.29,3360744.0,4901903705.0,-0.010004444689776423,False,600519,贵州茅台
2025-11-25,12439.48,12439.48,12324.3,12325.58,2844069.0,4119930011.0,-0.005074893943273318,False,600519,贵州茅台
2025-11-26,12361.67,12401.0,12316.45,12363.97,2030616.0,2938818095.0,0.003109820222650975,False,600519,贵州茅台
2025-11-27,12366.96,12371.22,12277.71,12348.19,2228689.0,3216797187.0,-0.0012771042389461828,False,600519,贵州茅台
2025-11-28,12341.36,12418.15,12311.5,12375.49,2321121.0,3366696622.0,0.0022084100016942607,False,600519,贵州茅台
2025-12-01,12379.75,12475.91,12302.97,12354.16,2733342.0,3961994999.0,-0.0017250551697667353,False,600519,贵州茅台
2025-12-02,12354.16,12387.6,12243.41,12252.03,2504726.0,3607543825.0,-0.008301210913329084,False,600519,贵州茅台
2025-12-03,12250.16,12251.52,12183.52,12192.91,2357279.0,3370080066.0,-0.004837002280812442,False,600519,贵州茅台
2025-12-04,12192.91,12221.91,12101.44,12149.22,2907539.0,4134921902.0,-0.0035896650715988533,False,600519,贵州茅台
2025-12-05,12149.22,12226.95,12111.0,12200.67,2540166.0,3622681597.0,0.004225898069114368,False,600519,贵州茅台
2025-12-08,12193.76,12257.49,12098.2,12100.08,3360280.0,4789155770.0,-0.00827880411297085,False,600519,贵州茅台
2025-12-09,12100.16,12123.8,11945.06,11953.25,4263443.0,5995722121.0,-0.012208856222562564,False,600519,贵州茅台
2025-12-10,11944.63,11968.52,11801.12,11968.52,3313347.0,4625906139.0,0.0012766615575689293,False,600519,贵州茅台
2025-12-11,12001.45,12046.93,11957.85,12046.93,2238501.0,3149974074.0,0.006529986206493906,False,600519,贵州茅台
2025-12-12,12098.2,12157.93,12060.41,12120.81,3715919.0,5273563274.0,0.006113954398611962,False,600519,贵州茅台
2025-12-15,12282.41,12285.82,12162.79,12166.46,3335879.0,4774362060.0,0.0037591753834981248,False,600519,贵州茅台
2025-12-16,12168.16,12190.18,12072.61,12132.33,2396367.0,3403139194.0,-0.0028091952270017533,False,600519,贵州茅台
2025-12-17,12157.93,12285.39,12095.47,12227.03,3138249.0,4489482138.0,0.007775284497672731,False,600519,贵州茅台
2025-12-18,12230.45,12276.35,12167.4,12209.12,1782995.0,2551177659.0,-0.001465861292143687,False,600519,贵州茅台
2025-12-19,12234.78,12256.03,12156.77,12234.78,2650868.0,3733028357.0,0.0020995020782753485,False,600519,贵州茅台
2025-12-22,12234.78,12270.7,12205.1,12219.68,2042565.0,2881636856.0,-0.0012349487103033897,False,600519,贵州茅台
2025-12-23,12219.68,12260.2,12123.62,12216.21,2450681.0,3445377032.0,-0.00028400848287711463,False,600519,贵州茅台
2025-12-24,12191.3,12203.19,12148.0,12155.81,2518669.0,3533253565.0,-0.004956513547418983,False,600519,贵州茅台
2025-12-25,12191.39,12317.03,12159.98,12270.96,2338621.0,3299572096.0,0.009428250480162688,False,600519,贵州茅台
2025-12-26,12270.96,12314.08,12234.78,12270.61,1780299.0,2520605635.0,-2.8523032554287e-05,False,600519,贵州茅台
2025-12-29,12270.61,12270.61,12156.68,12165.36,2630810.0,3694660107.0,-0.008614403345945591,False,600519,贵州茅台
2025-12-30,12156.68,12164.49,12026.52,12058.8,3379194.0,4702489813.0,-0.008797885031787278,False,600519,贵州茅台
2025-12-31,12061.23,12095.94,11949.9,11949.99,3476563.0,4799456452.0,-0.009064242303690379,False,600519,贵州茅台
2026-01-05,12017.85,12424.63,12017.85,12373.61,7094942.0,10018086372.0,0.034835537356618325,False,600519,贵州茅台
2026-01-06,12430.44,12468.8,12291.44,12391.05,3958618.0,5649710153.0,0.001408458899339362,False,600519,贵州茅台
2026-01-07,12433.31,12451.7,12323.28,12350.7,2968380.0,4234255286.0,-0.0032616961833737204,False,600519,贵州茅台
2026-01-08,12350.44,12350.7,12218.64,12254.73,2913454.0,4117925041.0,-0.007800756716043616,False,600519,贵州茅台
2026-01-09,12295.52,12396.17,12286.92,12313.74,2984774.0,4243865418.0,0.004803727173501429,False,600519,贵州茅台
2026-01-12,12313.74,12417.0,12296.38,12349.57,3608266.0,5135636033.0,0.002905532566939197,False,600519,贵州茅台
2026-01-13,12380.46,12404.15,12226.01,12243.45,3916866.0,5555633779.0,-0.008630144540629481,False,600519,贵州茅台
2026-01-14,12243.45,12341.07,12114.86,12130.74,5175797.0,7285041159.0,-0.009248373247438789,False,600519,贵州茅台
2026-01-15,12113.47,12172.56,12048.91,12051.6,4090714.0,5698739671.0,-0.006545295660841934,False,600519,贵州茅台
2026-01-16,12104.62,12126.31,11974.46,11991.82,5512068.0,7643061998.0,-0.004972680524182397,False,600519,贵州茅台
2026-01-19,11990.95,12039.45,11931.08,11939.75,4228640.0,5833745442.0,-0.004351580959172223,False,600519,贵州茅台
2026-01-20,11970.12,11988.17,11905.48,11918.49,3648443.0,5021900765.0,-0.0017821939612640836,False,600519,贵州茅台
2026-01-21,11918.58,11925.87,11714.15,11723.34,6451625.0,8775880803.0,-0.016509249276441037,False,600519,贵州茅台
2026-01-22,11731.59,11816.19,11605.51,11627.9,5901089.0,7962441434.0,-0.008174343755647519,False,600519,贵州茅台
2026-01-23,11628.24,11696.79,11562.04,11601.34,6194890.0,8301311489.0,-0.0022867740463537738,False,600519,贵州茅台
2026-01-26,11631.8,11757.53,11498.26,11644.73,8016606.0,10751225525.0,0.0037331084687088176,False,600519,贵州茅台
2026-01-27,11670.59,11746.25,11610.02,11653.49,4841596.0,6514513216.0,0.0007519888139785326,False,600519,贵州茅台
2026-01-28,11653.75,11685.6,11471.27,11485.85,7621801.0,10135019524.0,-0.014489862984584939,False,600519,贵州茅台
2026-01-29,11583.99,12538.48,11532.45,12475.31,18953440.0,26305591086.0,0.08263564804803451,False,600519,贵州茅台
2026-01-30,12451.7,12451.7,12156.68,12156.68,9447974.0,13366329414.0,-0.025872678084470975,False,600519,贵州茅台
2026-02-02,12364.93,12656.31,12248.83,12382.29,8572427.0,12312646443.0,0.018388412974147623,False,600519,贵州茅台
2026-02-03,12538.48,12814.5,12521.38,12798.1,8632066.0,12628439703.0,0.033029496489726584,False,600519,贵州茅台
2026-02-04,12885.56,13304.41,12790.11,13232.65,10912293.0,16444345980.0,0.03339053800455243,False,600519,贵州茅台
2026-02-05,13189.26,13579.73,13145.88,13492.96,9162274.0,14183456476.0,0.01948080753195718,False,600519,贵州茅台
2026-02-06,13492.96,13605.76,13066.74,13145.96,7896538.0,12019878669.0,-0.026053580858036284,False,600519,贵州茅台
2026-02-09,13171.91,13387.79,13132.77,13232.3,5116846.0,7809067705.0,0.006546323247766378,False,600519,贵州茅台
2026-02-10,13232.39,13232.39,12985.35,13057.37,3957596.0,5953269321.0,-0.013308085019124657,False,600519,贵州茅台
2026-02-11,13057.37,13137.2,12981.01,13053.29,3092846.0,4648360030.0,-0.0003125160400546167,False,600519,贵州茅台
2026-02-12,13017.45,13040.19,12784.56,12899.44,4624582.0,6874370113.0,-0.011856309702060874,False,600519,贵州茅台
2026-02-13,12899.44,13083.4,12760.44,12888.16,4167901.0,6216379203.0,-0.0008748391257366923,False,600519,贵州茅台
2026-02-24,13197.94,13227.44,12699.87,12727.64,4191253.0,6198840572.0,-0.012533053909466772,False,600519,贵州茅台
2026-02-25,12755.4,13099.54,12737.01,12943.35,3688067.0,5490316149.0,0.01680613620138293,False,600519,贵州茅台
2026-02-26,12899.44,12924.52,12709.15,12722.52,3295801.0,4855471430.0,-0.017208491241121088,False,600519,贵州茅台
2026-02-27,12729.29,12809.29,12625.42,12625.42,3216016.0,4697692477.0,-0.007661409562882338,False,600519,贵州茅台
2026-03-02,12581.86,12642.6,12466.11,12496.04,3545386.0,5115063511.0,-0.010300447818276166,False,600519,贵州茅台
2026-03-03,12495.96,12606.76,12340.03,12375.26,4589086.0,6565381648.0,-0.00971247578147972,False,600519,贵州茅台
2026-03-04,12278.16,12347.58,12079.37,12158.24,4801443.0,6743267103.0,-0.017692189114526864,False,600519,贵州茅台
2026-03-05,12200.07,12260.46,12104.62,12139.67,3050524.0,4276226062.0,-0.0015285268251935297,False,600519,贵州茅台
2026-03-06,12104.62,12213.08,12043.88,12165.36,2915415.0,4072328833.0,0.0021139664972289773,False,600519,贵州茅台
2026-03-09,12061.23,12190.52,12002.23,12121.97,3744162.0,5220095639.0,-0.003573060205668098,False,600519,贵州茅台
2026-03-10,12190.52,12230.35,12130.65,12164.32,2462592.0,3457808916.0,0.003487567918006822,False,600519,贵州茅台
2026-03-11,12173.95,12199.98,12130.82,12148.0,2445673.0,3425363892.0,-0.001342529421399769,False,600519,贵州茅台
2026-03-12,12104.62,12182.28,12070.0,12078.59,2758646.0,3850521717.0,-0.005730083343663869,False,600519,贵州茅台
2026-03-13,12082.75,12300.89,12078.59,12266.36,3360783.0,4738808558.0,0.015426092354431986,False,600519,贵州茅台
2026-03-16,12321.55,12720.7,12321.55,12670.19,6008635.0,8711525836.0,0.03239143408000769,False,600519,贵州茅台
2026-03-17,12738.05,12998.97,12678.96,12885.56,4945361.0,7347310632.0,0.016855314274843748,False,600519,贵州茅台
2026-03-18,12920.27,12985.35,12695.97,12744.99,3555100.0,5239992522.0,-0.010969051342771048,False,600519,贵州茅台
2026-03-19,12781.09,12781.44,12547.15,12606.76,3031859.0,4404953481.0,-0.01090507518133789,False,600519,贵州茅台
2026-03-20,12607.55,12690.33,12486.41,12538.48,2613234.0,3782818260.0,-0.005430862288233263,False,600519,贵州茅台
2026-03-23,12437.21,12451.7,12148.26,12218.03,4725589.0,6669708665.0,-0.025889586118537405,False,600519,贵州茅台
2026-03-24,12286.84,12300.63,12149.57,12211.61,2856179.0,4017694387.0,-0.0005255910564209136,False,600519,贵州茅台
2026-03-25,12235.73,12303.06,12156.77,12237.12,2609346.0,3677905549.0,0.0020868167187078623,False,600519,贵州茅台
2026-03-26,12226.1,12268.62,12150.61,12158.24,2309289.0,3243387502.0,-0.006466826060001049,False,600519,贵州茅台
2026-03-27,12148.0,12373.61,12119.02,12287.01,3008711.0,4257499781.0,0.010535477532891009,False,600519,贵州茅台
2026-03-30,12208.74,12417.0,12169.87,12321.55,2868459.0,4060684934.0,0.0028071551266395044,False,600519,贵州茅台
2026-03-31,12738.05,12841.57,12568.06,12581.86,6169066.0,9015486797.0,0.020906332199038632,False,600519,贵州茅台
2026-04-01,12707.59,12755.32,12606.85,12663.77,2912514.0,4256185472.0,0.006489066616431369,False,600519,贵州茅台
2026-04-02,12663.77,12710.98,12600.08,12667.59,2106437.0,3071809846.0,0.00030160244289743746,False,600519,贵州茅台
2026-04-03,12664.64,12755.06,12625.25,12668.63,2019373.0,2953993081.0,8.209590859108242e-05,False,600519,贵州茅台
2026-04-07,12669.07,12755.4,12452.14,12495.26,2415218.0,3507471653.0,-0.013779486653262295,False,600519,贵州茅台
2026-04-08,12668.63,12747.42,12600.34,12712.19,3383610.0,4947937007.0,0.01721200323619926,False,600519,贵州茅台
2026-04-09,12712.19,12712.19,12560.17,12672.88,2070476.0,3012278579.0,-0.003097098524593639,False,600519,贵州茅台
2026-04-10,12661.17,12666.12,12504.63,12616.22,2886556.0,4187181529.0,-0.004480989422919009,False,600519,贵州茅台
2026-04-13,12529.8,12551.49,12434.35,12523.81,2521364.0,3629675490.0,-0.007351655205287195,False,600519,贵州茅台
2026-04-14,12517.65,12569.71,12451.7,12554.96,2423261.0,3492544230.0,0.002484174145638013,False,600519,贵州茅台
2026-04-15,12538.3,12762.26,12512.44,12733.71,3455348.0,5049317187.0,0.014137001035946202,False,600519,贵州茅台
2026-04-16,12733.28,12819.7,12668.63,12693.28,2451284.0,3597294838.0,-0.0031800880931830105,False,600519,贵州茅台
2026-04-17,12148.0,12330.22,12146.88,12210.83,9682499.0,13631929446.0,-0.038749456685301394,False,600519,贵州茅台
2026-04-20,12174.04,12268.96,12148.0,12242.5,3645139.0,5127146041.0,0.002590241714081187,False,600519,贵州茅台
2026-04-21,12243.45,12320.68,12234.78,12252.22,2175427.0,3074595192.0,0.0007936404670221849,False,600519,贵州茅台
2026-04-22,12278.16,12312.87,12191.22,12230.44,2691593.0,3793827534.0,-0.0017792189039588582,False,600519,贵州茅台
2026-04-23,12217.42,12318.94,12192.26,12312.87,3770109.0,5332831151.0,0.0067171306507148015,False,600519,贵州茅台
2026-04-24,12261.67,12658.91,12261.67,12655.53,5545531.0,8003410999.0,0.027449216991576007,False,600519,贵州茅台
2026-04-27,12321.55,12321.55,12167.09,12175.77,7279774.0,10239763452.0,-0.03864636247769307,False,600519,贵州茅台
2026-04-28,12165.36,12229.48,12148.96,12191.39,3400442.0,4772513712.0,0.0012820535622122833,False,600519,贵州茅台
2026-04-29,12191.39,12232.61,12150.43,12158.16,3481313.0,4881691348.0,-0.002729415585050538,False,600519,贵州茅台
2026-04-30,12148.0,12158.16,11974.46,12016.02,5275267.0,7316111748.0,-0.011759789831360976,False,600519,贵州茅台
2026-05-06,11845.17,11965.78,11801.35,11931.08,4780604.0,6550750940.0,-0.007093999374922462,False,600519,贵州茅台
2026-05-07,11931.08,12043.88,11887.78,11896.8,4046147.0,5573286315.0,-0.0028773037005380277,False,600519,贵州茅台
2026-05-08,11902.09,11998.5,11887.69,11913.63,3336853.0,4582855939.0,0.0014136664312933472,False,600519,贵州茅台
2026-05-11,11912.77,11912.77,11809.59,11812.46,5713510.0,7790721392.0,-0.008528216252888602,False,600519,贵州茅台
2026-05-12,11818.27,11831.98,11718.48,11753.63,5083743.0,6886304982.0,-0.004992777521313264,False,600519,贵州茅台
2026-05-13,11753.19,11788.77,11610.02,11662.86,5696787.0,7653257144.0,-0.007752695185175484,False,600519,贵州茅台
2026-05-14,11610.02,11879.53,11585.55,11646.2,5524434.0,7428592859.0,-0.00142948731840474,False,600519,贵州茅台
2026-05-15,11585.29,11621.13,11515.53,11566.2,5818365.0,7749366540.0,-0.006892894896384313,False,600519,贵州茅台
2026-05-18,11592.67,11650.63,11450.45,11479.86,4966097.0,6594983723.0,-0.0074928559543555795,False,600519,贵州茅台
2026-05-19,11470.32,11540.52,11436.48,11491.14,4325464.0,5719170335.0,0.0009821079540867559,False,600519,贵州茅台
2026-05-20,11462.51,11566.55,11401.77,11410.45,4748733.0,6271273748.0,-0.007046701464392017,False,600519,贵州茅台
2026-05-21,11392.92,11484.38,11375.74,11375.74,3886838.0,5112740391.0,-0.0030465845187149275,False,600519,贵州茅台
2026-05-22,11375.3,11383.63,11194.56,11195.25,4915714.0,6372389482.0,-0.015993436466766205,False,600519,贵州茅台
2020-01-02,606.16,608.54,597.15,602.59,101425488.0,3592989150.0,,False,000063,中兴通讯
2020-01-03,623.67,641.85,615.34,621.29,179084129.0,6617433903.0,0.030560929853586515,False,000063,中兴通讯
2020-01-06,612.79,631.83,610.24,623.84,113853756.0,4180052105.0,0.004095963578251267,False,000063,中兴通讯
2020-01-07,623.84,627.24,613.13,622.14,82303154.0,3001279953.0,-0.0027287774360454263,False,000063,中兴通讯
2020-01-08,617.55,626.9,606.16,607.01,82053043.0,2970790426.0,-0.02461988240986617,False,000063,中兴通讯
2020-01-09,617.38,635.06,617.38,629.28,97329703.0,3594667710.0,0.036031043295123695,False,000063,中兴通讯
2020-01-10,633.19,652.39,629.28,635.06,101287510.0,3811908454.0,0.00914317393444093,False,000063,中兴通讯
2020-01-13,640.49,645.25,632.0,645.25,80588354.0,3032049774.0,0.015918355980782985,False,000063,中兴通讯
2020-01-14,644.06,644.23,622.82,624.01,111581615.0,4143449032.0,-0.03347144471667916,False,000063,中兴通讯
2020-01-15,620.44,630.3,613.81,627.58,78088259.0,2856797074.0,0.005704759037571168,False,000063,中兴通讯
2020-01-16,634.55,652.9,633.87,635.91,103244359.0,3906202607.0,0.013185890973140078,False,000063,中兴通讯
2020-01-17,641.34,668.88,641.34,660.21,132188178.0,5098834405.0,0.037500922336798095,False,000063,中兴通讯
2020-01-20,657.83,681.63,652.9,680.95,107407515.0,4237941063.0,0.030930915785413064,False,000063,中兴通讯
2020-01-21,671.43,680.95,655.62,656.3,94271570.0,3692646968.0,-0.036870880535289474,False,000063,中兴通讯
2020-01-22,652.39,698.8,650.86,690.98,109041573.0,4318263070.0,0.0514928783090621,False,000063,中兴通讯
2020-01-23,679.08,688.43,651.03,665.82,111597708.0,4404784398.0,-0.03709151604821171,False,000063,中兴通讯
2020-02-03,599.19,632.51,599.19,610.41,180212366.0,6430335667.0,-0.08688850120460621,False,000063,中兴通讯
2020-02-04,620.78,657.15,620.78,652.22,134812484.0,5100691858.0,0.0662510657891718,False,000063,中兴通讯
2020-02-05,657.83,667.18,640.15,649.33,125489548.0,4823844316.0,-0.004440866274124292,False,000063,中兴通讯
2020-02-06,644.23,672.96,638.45,666.67,107615505.0,4186464226.0,0.026354108810504078,False,000063,中兴通讯
2020-02-07,660.89,668.2,644.4,661.74,96320182.0,3734321100.0,-0.007422441315362125,False,000063,中兴通讯
2020-02-10,655.28,692.51,651.2,681.97,102856136.0,4098782481.0,0.030112939060044613,False,000063,中兴通讯
2020-02-11,684.86,695.23,673.13,680.1,72843758.0,2918951697.0,-0.0027458224245620762,False,000063,中兴通讯
2020-02-12,675.68,685.03,669.39,682.31,81383347.0,3247679345.0,0.003244253841923341,False,000063,中兴通讯
2020-02-13,675.0,689.28,664.46,675.0,92112139.0,3663446783.0,-0.010771409150986596,False,000063,中兴通讯
2020-02-14,672.28,682.82,663.95,670.92,85995275.0,3407317086.0,-0.0060627860459756475,False,000063,中兴通讯
2020-02-17,683.33,737.89,674.49,732.97,181386839.0,7560935080.0,0.08845486852812984,False,000063,中兴通讯
2020-02-18,728.38,739.93,715.8,739.93,128644050.0,5529175316.0,0.009450813774585943,False,000063,中兴通讯
2020-02-19,739.25,782.77,736.53,742.48,132712686.0,5925188050.0,0.003440347157867475,False,000063,中兴通讯
2020-02-20,749.96,766.62,743.16,757.95,108815025.0,4846551324.0,0.0206214861188899,False,000063,中兴通讯
2020-02-21,764.92,791.27,753.87,774.27,119112564.0,5439103567.0,0.02130322956344884,False,000063,中兴通讯
2020-02-24,802.32,851.78,802.32,851.78,139844618.0,6827689373.0,0.09540762755391671,False,000063,中兴通讯
2020-02-25,861.81,936.77,834.1,936.77,276855333.0,14493485801.0,0.09510951033615139,False,000063,中兴通讯
2020-02-26,909.41,916.72,858.41,866.06,206819148.0,10808449383.0,-0.07848359763247394,False,000063,中兴通讯
2020-02-27,869.46,894.79,835.97,875.07,158842568.0,8155705832.0,0.010349692930714789,False,000063,中兴通讯
2020-02-28,822.72,866.91,822.72,849.91,153674147.0,7666233579.0,-0.029173421632296234,False,000063,中兴通讯
2020-03-02,883.91,934.9,858.41,928.11,227384795.0,12128049540.0,0.0880197987188137,False,000063,中兴通讯
2020-03-03,963.8,963.8,892.41,899.89,243903080.0,13348431665.0,-0.030877726611958402,False,000063,中兴通讯
2020-03-04,883.57,900.57,834.61,873.03,180091000.0,9184633355.0,-0.030302614122011216,False,000063,中兴通讯
2020-03-05,909.41,912.13,873.37,882.38,163087649.0,8550149341.0,0.010652882714252214,False,000063,中兴通讯
2020-03-06,858.75,872.01,850.25,864.53,96545533.0,4895831044.0,-0.02043679556337993,False,000063,中兴通讯
2020-03-09,849.91,907.54,844.81,867.08,156308142.0,8079437696.0,0.002945238065517662,False,000063,中兴通讯
2020-03-10,858.41,922.84,832.57,920.63,217168479.0,11255340340.0,0.059926973568431054,False,000063,中兴通讯
2020-03-11,921.31,956.83,890.71,892.07,173902036.0,9425694884.0,-0.03151361345784961,False,000063,中兴通讯
2020-03-12,869.12,884.93,850.08,874.05,125009525.0,6368247612.0,-0.02040702258011137,False,000063,中兴通讯
2020-03-13,838.01,882.38,832.91,863.34,129749378.0,6530739505.0,-0.01232899425381161,False,000063,中兴通讯
2020-03-16,805.04,827.82,776.99,776.99,308766343.0,14317596573.0,-0.10538110773142312,False,000063,中兴通讯
2020-03-17,775.29,775.29,699.31,706.28,307223565.0,13032991157.0,-0.09541572083736063,False,000063,中兴通讯
2020-03-18,712.23,719.88,659.53,664.63,254215291.0,10389408827.0,-0.060781264599084894,False,000063,中兴通讯
2020-03-19,656.98,727.7,641.68,709.68,275212830.0,10982567335.0,0.06558366937681893,False,000063,中兴通讯
2020-03-20,714.27,719.03,683.33,711.89,173966086.0,7219118197.0,0.003109240882135502,False,000063,中兴通讯
2020-03-23,680.1,718.69,674.83,694.04,124640304.0,5122461049.0,-0.025393809360996018,False,000063,中兴通讯
2020-03-24,712.57,723.79,682.31,723.28,157630764.0,6571071475.0,0.041266826695640045,False,000063,中兴通讯
2020-03-25,745.88,767.47,739.59,762.37,186266540.0,8244746052.0,0.052635579713797474,False,000063,中兴通讯
2020-03-26,748.09,752.34,729.23,732.63,115142723.0,5031268774.0,-0.039791202595674445,False,000063,中兴通讯
2020-03-27,747.75,754.38,734.49,737.55,90785870.0,3978881167.0,0.006693082978824074,False,000063,中兴通讯
2020-03-30,721.75,737.04,694.55,726.51,111588770.0,4683275251.0,-0.015081634985538078,False,000063,中兴通讯
2020-03-31,739.42,754.72,715.29,727.53,118065760.0,5087554574.0,0.0014029877683031777,False,000063,中兴通讯
2020-04-01,713.93,738.4,703.39,705.09,121434131.0,5136785198.0,-0.03132978106987648,False,000063,中兴通讯
2020-04-02,705.6,730.93,703.73,725.83,123741843.0,5203971266.0,0.028990373386553504,False,000063,中兴通讯
2020-04-03,710.53,712.91,694.38,696.42,147845212.0,6096838938.0,-0.041362901016913894,False,000063,中兴通讯
2020-04-07,710.53,713.42,700.33,708.83,124716306.0,5190976557.0,0.01766279684303842,False,000063,中兴通讯
2020-04-08,702.03,715.46,695.23,699.14,113841498.0,4717627099.0,-0.013764715149369444,False,000063,中兴通讯
2020-04-09,704.24,713.42,698.12,698.97,87098974.0,3605600542.0,-0.00024318544440393573,False,000063,中兴通讯
2020-04-10,690.98,693.53,663.44,667.86,131575950.0,5209234503.0,-0.04552925212466196,False,000063,中兴通讯
2020-04-13,659.53,664.12,646.95,654.43,70426121.0,2712902770.0,-0.020313942974651954,False,000063,中兴通讯
2020-04-14,658.0,671.94,658.0,671.94,81461565.0,3187464206.0,0.02640442306411968,False,000063,中兴通讯
2020-04-15,676.53,686.73,666.33,671.26,88796157.0,3528915056.0,-0.0010125075314072127,False,000063,中兴通讯
2020-04-16,664.63,670.24,657.83,666.33,59210410.0,2315245196.0,-0.007371499972722785,False,000063,中兴通讯
2020-04-17,678.23,695.06,676.87,679.93,122803927.0,4943989869.0,0.02020480837634793,False,000063,中兴通讯
2020-04-20,682.65,703.9,682.48,691.83,88439948.0,3606247229.0,0.01735040900238479,False,000063,中兴通讯
2020-04-21,685.54,690.64,678.23,686.39,66459725.0,2670770545.0,-0.00789428139420178,False,000063,中兴通讯
2020-04-22,680.44,690.13,678.23,690.13,48070694.0,1933778096.0,0.005434006339204922,False,000063,中兴通讯
2020-04-23,696.93,698.46,678.4,679.42,54811472.0,2207104242.0,-0.01564049260987992,False,000063,中兴通讯
2020-04-24,679.42,685.03,653.58,660.38,88012352.0,3436671908.0,-0.02842406612095443,False,000063,中兴通讯
2020-04-27,671.43,672.96,659.36,660.38,58163720.0,2273854307.0,0.0,False,000063,中兴通讯
2020-04-28,656.64,666.5,637.43,665.65,82366072.0,3176893627.0,0.007948579966497215,False,000063,中兴通讯
2020-04-29,661.06,664.63,657.15,658.51,50623547.0,1965877411.0,-0.01078429978104352,False,000063,中兴通讯
2020-04-30,665.48,706.79,665.14,698.46,153884625.0,6240069993.0,0.058898204391322144,False,000063,中兴通讯
2020-05-06,688.43,713.76,685.88,712.57,113542322.0,4686927589.0,0.020000241442851865,False,000063,中兴通讯
2020-05-07,737.89,759.48,717.16,717.5,150144386.0,6496280806.0,0.006894794702719623,False,000063,中兴通讯
2020-05-08,725.66,730.59,715.63,722.26,90465383.0,3858466383.0,0.006612237238040987,False,000063,中兴通讯
2020-05-11,726.68,736.02,721.75,731.61,81382617.0,3494534674.0,0.012862400222883288,False,000063,中兴通讯
2020-05-12,729.06,729.23,705.09,717.67,77251351.0,3252571473.0,-0.019237731727394326,False,000063,中兴通讯
2020-05-13,708.83,714.78,705.26,709.85,53345225.0,2226332851.0,-0.010956173257723087,False,000063,中兴通讯
2020-05-14,705.43,708.66,690.13,691.49,78541166.0,3218147331.0,-0.02620499042531573,False,000063,中兴通讯
2020-05-15,694.72,705.94,686.73,699.82,79678643.0,3272900748.0,0.011974469435101392,False,000063,中兴通讯
2020-05-18,698.63,703.05,662.59,683.5,84983493.0,3418298914.0,-0.023596502955364366,False,000063,中兴通讯
2020-05-19,690.13,695.57,680.78,687.24,63058974.0,2550247074.0,0.005456920029762006,False,000063,中兴通讯
2020-05-20,685.03,693.53,677.55,687.58,61308597.0,2469643000.0,0.0004946102136011156,False,000063,中兴通讯
2020-05-21,691.83,692.68,663.44,668.03,84448800.0,3348338130.0,-0.028845103699512768,False,000063,中兴通讯
2020-05-22,662.93,667.35,647.97,652.39,65442615.0,2529560486.0,-0.023690540098090865,False,000063,中兴通讯
2020-05-25,645.93,646.78,625.2,630.3,86372927.0,3227462521.0,-0.03444664609069923,False,000063,中兴通讯
2020-05-26,634.21,639.81,631.32,637.94,59240860.0,2212816413.0,0.012048338516174574,False,000063,中兴通讯
2020-05-27,638.11,639.81,627.58,628.94,49485778.0,1837495897.0,-0.014208372391821008,False,000063,中兴通讯
2020-05-28,628.94,628.94,601.74,617.04,88970384.0,3217579636.0,-0.019102011017674315,False,000063,中兴通讯
2020-05-29,611.94,619.76,606.67,612.79,60225579.0,2172687234.0,-0.0069115518703699655,False,000063,中兴通讯
2020-06-01,624.18,660.89,622.14,655.28,122096394.0,4624469623.0,0.06704032545197292,False,000063,中兴通讯
2020-06-02,657.83,662.42,647.29,656.81,79423424.0,3058778437.0,0.0023321581499249704,False,000063,中兴通讯
2020-06-03,657.49,672.62,651.03,657.83,89588885.0,3485302990.0,0.0015517559250828898,False,000063,中兴通讯
2020-06-04,661.23,664.29,649.33,650.01,52131699.0,2004581636.0,-0.01195879189562911,False,000063,中兴通讯
2020-06-05,650.35,653.07,644.06,648.82,43907009.0,1674833775.0,-0.001832418920070646,False,000063,中兴通讯
2020-06-08,655.11,673.3,655.11,661.57,81413828.0,3191809265.0,0.019460469595623295,False,000063,中兴通讯
2020-06-09,661.91,664.29,654.6,658.68,46386032.0,1794972231.0,-0.004377965712480005,False,000063,中兴通讯
2020-06-10,658.68,658.68,647.29,655.11,47506154.0,1824094633.0,-0.005434671883412125,False,000063,中兴通讯
2020-06-11,654.43,662.42,647.8,650.69,61152872.0,2356540572.0,-0.006769822148698009,False,000063,中兴通讯
2020-06-12,630.98,654.94,629.45,649.33,66249882.0,2506210730.0,-0.002092276266719322,False,000063,中兴通讯
2020-06-15,645.08,653.58,637.6,638.96,60902533.0,2307192395.0,-0.016099207441835014,False,000063,中兴通讯
2020-06-16,659.53,682.48,655.45,682.48,169531920.0,6703478749.0,0.06589136799130575,False,000063,中兴通讯
2020-06-17,682.82,682.82,667.52,675.68,93917259.0,3726699471.0,-0.010013631414805962,False,000063,中兴通讯
2020-06-18,676.53,739.76,668.88,720.39,214149998.0,8929561303.0,0.06407314084269942,False,000063,中兴通讯
2020-06-19,721.92,751.15,712.23,728.72,184045023.0,7917249638.0,0.011496838408221712,False,000063,中兴通讯
2020-06-22,708.83,724.13,705.43,717.16,153887420.0,6460308813.0,-0.015990602709327957,False,000063,中兴通讯
2020-06-23,706.28,707.3,672.62,677.04,195350803.0,7854459680.0,-0.057568612365376,False,000063,中兴通讯
2020-06-24,674.49,686.73,673.13,675.0,79755329.0,3181902563.0,-0.0030176644893206723,False,000063,中兴通讯
2020-06-29,671.6,678.4,663.27,666.33,62195875.0,2446002740.0,-0.012927647554002619,False,000063,中兴通讯
2020-06-30,673.13,691.49,673.13,682.14,97599823.0,3919900908.0,0.023449872050542973,False,000063,中兴通讯
2020-07-01,681.8,689.45,665.31,675.68,99326933.0,3949537546.0,-0.00951532418343679,False,000063,中兴通讯
2020-07-02,663.78,689.45,654.94,688.43,144719348.0,5746257716.0,0.018694051516552224,False,000063,中兴通讯
2020-07-03,689.28,729.06,681.46,720.9,180184443.0,7474245760.0,0.04608678870834728,False,000063,中兴通讯
2020-07-06,728.38,768.32,723.45,758.8,200160328.0,8793762447.0,0.05123780665032611,False,000063,中兴通讯
2020-07-07,768.66,806.91,754.89,770.87,207184868.0,9518596595.0,0.01578150909387823,False,000063,中兴通讯
2020-07-08,770.02,784.64,753.19,782.77,147082257.0,6669789217.0,0.015319163667548904,False,000063,中兴通讯
2020-07-09,793.31,813.88,778.69,800.96,162708354.0,7629570275.0,0.02297209742112311,False,000063,中兴通讯
2020-07-10,789.57,793.14,763.22,763.9,153542666.0,7012458247.0,-0.047374117696095404,False,000063,中兴通讯
2020-07-13,759.99,784.81,749.45,784.81,141933549.0,6432430177.0,0.02700475972255737,False,000063,中兴通讯
2020-07-14,781.92,781.92,750.13,761.52,121279658.0,5458933973.0,-0.03012521432682165,False,000063,中兴通讯
2020-07-15,761.52,768.32,726.17,726.17,121368767.0,5283047596.0,-0.04753228874976167,False,000063,中兴通讯
2020-07-16,726.17,735.68,674.49,681.12,134058819.0,5557260693.0,-0.06404564511344595,False,000063,中兴通讯
2020-07-17,681.29,690.13,671.6,685.54,83289889.0,3336568486.0,0.006468346788338703,False,000063,中兴通讯
2020-07-20,689.79,703.05,678.23,701.01,84027146.0,3424632854.0,0.022315303399895674,False,000063,中兴通讯
2020-07-21,703.73,706.96,691.32,696.59,63971694.0,2626535316.0,-0.006325149879927987,False,000063,中兴通讯
2020-07-22,697.27,716.31,690.81,703.73,83284128.0,3464655732.0,0.010197757478970509,False,000063,中兴通讯
2020-07-23,689.79,694.21,662.25,675.17,160913800.0,6377794182.0,-0.041430248852091185,False,000063,中兴通讯
2020-07-24,668.03,671.94,639.98,644.57,113542186.0,4377078689.0,-0.04638108320695901,False,000063,中兴通讯
2020-07-27,644.91,653.58,640.49,650.69,68475184.0,2608996038.0,0.009449910509619132,False,000063,中兴通讯
2020-07-28,655.96,659.53,646.95,652.39,49385746.0,1897284991.0,0.002609204292075695,False,000063,中兴通讯
2020-07-29,652.73,672.79,648.31,672.11,77631113.0,3038707563.0,0.029779474993752258,False,000063,中兴通讯
2020-07-30,675.0,675.51,660.89,661.4,55869686.0,2183069900.0,-0.016063217055823514,False,000063,中兴通讯
2020-07-31,661.23,674.49,660.21,665.82,63501687.0,2490647039.0,0.006660563192834976,False,000063,中兴通讯
2020-08-03,666.33,672.62,661.57,671.43,104043161.0,4083781083.0,0.008390402559620294,False,000063,中兴通讯
2020-08-04,672.45,674.83,656.3,660.89,90801847.0,3538177892.0,-0.01582235482034384,False,000063,中兴通讯
2020-08-05,671.43,673.13,658.0,665.31,81033393.0,3173785742.0,0.006665685968243514,False,000063,中兴通讯
2020-08-06,663.44,663.44,649.84,658.0,73208729.0,2826912058.0,-0.01104816612272998,False,000063,中兴通讯
2020-08-07,659.53,671.26,650.69,661.23,79990074.0,3113358595.0,0.004896805643088225,False,000063,中兴通讯
2020-08-10,652.9,656.13,642.53,651.71,61024890.0,2330477032.0,-0.014502059264138042,False,000063,中兴通讯
2020-08-11,651.88,655.79,645.08,646.44,50814407.0,1946352196.0,-0.008119291223824675,False,000063,中兴通讯
2020-08-12,646.44,660.46,632.09,659.94,92587984.0,3508273935.0,0.02066853531663758,False,000063,中兴通讯
2020-08-13,659.77,659.77,649.35,652.6,46420399.0,1775133783.0,-0.011184537637860035,False,000063,中兴通讯
2020-08-14,649.35,658.92,649.35,655.67,37722752.0,1444441277.0,0.004693229432893654,False,000063,中兴通讯
2020-08-17,666.44,689.85,662.17,687.8,140102904.0,5567740244.0,0.04784048440605185,False,000063,中兴通讯
2020-08-18,683.53,686.77,675.66,679.25,71018283.0,2822797232.0,-0.012508849691708651,False,000063,中兴通讯
2020-08-19,678.4,678.4,658.75,660.46,69152537.0,2695929771.0,-0.0280526863595994,False,000063,中兴通讯
2020-08-20,655.67,663.87,649.35,663.87,38690209.0,1484308113.0,0.0051497852290266115,False,000063,中兴通讯
2020-08-21,667.8,672.76,659.94,664.39,39311191.0,1531808161.0,0.0007829792759937039,False,000063,中兴通讯
2020-08-24,664.22,665.92,656.18,657.72,43701019.0,1683978958.0,-0.010090017605852743,False,000063,中兴通讯
2020-08-25,658.41,661.31,650.55,653.11,40461071.0,1549438614.0,-0.007033740463760799,False,000063,中兴通讯
2020-08-26,652.94,659.26,648.15,650.03,45885764.0,1751186394.0,-0.004727052711483902,False,000063,中兴通讯
2020-08-27,652.6,667.12,649.01,664.39,60687582.0,2341229241.0,0.021850810781097636,False,000063,中兴通讯
2020-08-28,660.8,664.39,652.42,663.53,49001332.0,1889564415.0,-0.0012952589316146627,False,000063,中兴通讯
2020-08-31,672.25,680.96,666.44,666.44,79731012.0,3141471192.0,0.004376045540604577,False,000063,中兴通讯
2020-09-01,663.02,665.92,656.01,660.8,48858879.0,1885824464.0,-0.008498890854099815,False,000063,中兴通讯
2020-09-02,662.85,672.42,659.43,663.7,50410520.0,1962422695.0,0.004379017945111033,False,000063,中兴通讯
2020-09-03,657.89,657.89,639.95,643.54,94640768.0,3589953055.0,-0.030846054985394566,False,000063,中兴通讯
2020-09-04,632.43,640.8,630.89,640.46,41976286.0,1562735632.0,-0.004797516989845991,False,000063,中兴通讯
2020-09-07,640.46,643.2,623.72,625.43,53251749.0,1971320749.0,-0.023747255003739757,False,000063,中兴通讯
2020-09-08,625.6,629.18,611.41,619.1,46200372.0,1674715078.0,-0.01017260264771254,False,000063,中兴通讯
2020-09-09,610.22,613.46,591.25,593.98,65716444.0,2309756524.0,-0.04142116176305991,False,000063,中兴通讯
2020-09-10,600.82,602.19,550.24,563.74,97917561.0,3291995117.0,-0.0522524964617668,False,000063,中兴通讯
2020-09-11,563.74,577.41,551.95,575.87,58741617.0,1946147986.0,0.021288788478263078,False,000063,中兴通讯
2020-09-14,577.24,579.12,569.03,572.11,39429234.0,1322564082.0,-0.006550660195271208,False,000063,中兴通讯
2020-09-15,572.79,577.07,568.01,574.33,28734938.0,963754401.0,0.0038728634290979137,False,000063,中兴通讯
2020-09-16,574.16,580.14,569.89,574.67,29437175.0,990376701.0,0.0005918189902936349,False,000063,中兴通讯
2020-09-17,570.74,579.12,563.91,570.4,36451200.0,1216478919.0,-0.00745809390265701,False,000063,中兴通讯
2020-09-18,572.45,577.58,569.21,577.24,44289625.0,1490234488.0,0.011920255467790894,False,000063,中兴通讯
2020-09-21,579.63,601.5,579.29,592.96,67065744.0,2328860503.0,0.026868818529117943,False,000063,中兴通讯
2020-09-22,587.83,591.08,582.53,585.61,30973443.0,1063750159.0,-0.012472904092962724,False,000063,中兴通讯
2020-09-23,585.61,589.2,578.09,581.34,24647406.0,839809050.0,-0.007318255379064472,False,000063,中兴通讯
2020-09-24,574.33,577.07,564.42,566.98,29993561.0,998868400.0,-0.02501175388794228,False,000063,中兴通讯
2020-09-25,566.98,571.09,564.25,565.79,20871187.0,692098569.0,-0.0021010451155316573,False,000063,中兴通讯
2020-09-28,565.62,567.67,556.73,556.9,21766171.0,713531888.0,-0.015837294025870894,False,000063,中兴通讯
2020-09-29,559.29,566.98,558.27,562.37,25218427.0,831631730.0,0.009774305661552877,False,000063,中兴通讯
2020-09-30,562.2,567.33,558.78,565.62,22899790.0,756494239.0,0.005762478378938143,False,000063,中兴通讯
2020-10-09,575.19,579.97,568.35,570.4,39065713.0,1311277801.0,0.008415394463972081,False,000063,中兴通讯
2020-10-12,581.0,596.03,579.12,595.69,72431358.0,2496698504.0,0.043382528420344076,False,000063,中兴通讯
2020-10-13,603.21,620.3,600.65,610.73,72377309.0,2580653701.0,0.02493456545823263,False,000063,中兴通讯
2020-10-14,608.0,610.73,596.38,603.21,45141072.0,1591364955.0,-0.01238956817299741,False,000063,中兴通讯
2020-10-15,603.21,608.34,593.3,593.98,33152055.0,1159637283.0,-0.015419746043538973,False,000063,中兴通讯
2020-10-16,596.03,597.74,582.88,589.03,27783333.0,957168368.0,-0.00836853262154306,False,000063,中兴通讯
2020-10-19,598.08,604.92,588.34,589.54,29462500.0,1027876663.0,0.0008654556485114078,False,000063,中兴通讯
2020-10-20,589.37,595.52,581.51,595.35,20945234.0,722397289.0,0.009806896108089063,False,000063,中兴通讯
2020-10-21,595.52,596.03,581.85,583.22,25841015.0,885650897.0,-0.02058499423793403,False,000063,中兴通讯
2020-10-22,579.63,580.14,571.77,574.67,22372516.0,752402883.0,-0.014768510656506978,False,000063,中兴通讯
2020-10-23,572.28,578.95,570.06,571.26,18685100.0,626424296.0,-0.0059515154770881755,False,000063,中兴通讯
2020-10-26,568.18,577.07,563.91,572.28,18165197.0,606971855.0,0.001783934572478267,False,000063,中兴通讯
2020-10-27,569.03,573.48,566.3,570.74,14468611.0,482427104.0,-0.0026946176476765177,False,000063,中兴通讯
2020-10-28,570.57,591.76,567.5,589.54,49334054.0,1683091649.0,0.03240880733863819,False,000063,中兴通讯
2020-10-29,567.33,569.89,555.71,565.28,73888192.0,2441553771.0,-0.04202138817825995,False,000063,中兴通讯
2020-10-30,565.1,569.21,546.82,551.43,54409803.0,1772651063.0,-0.024806279537052497,False,000063,中兴通讯
2020-11-02,549.04,554.17,515.38,531.95,58591682.0,1832127774.0,-0.035965404111407376,False,000063,中兴通讯
2020-11-03,521.53,549.9,521.53,546.14,38602965.0,1224747860.0,0.026325853171448543,False,000063,中兴通讯
2020-11-04,548.53,550.75,539.98,540.67,27559654.0,876532939.0,-0.010066241917466778,False,000063,中兴通讯
2020-11-05,556.73,594.67,550.75,594.67,139526810.0,4729652274.0,0.09519751862094376,False,000063,中兴通讯
2020-11-06,609.53,630.21,598.77,611.76,212101714.0,7607239832.0,0.028333418898668902,False,000063,中兴通讯
2020-11-09,631.41,665.24,622.01,650.55,217356615.0,8181372861.0,0.061478110213515264,False,000063,中兴通讯
2020-11-10,642.51,642.51,617.22,624.74,129793299.0,4769734305.0,-0.040482595765087885,False,000063,中兴通讯
2020-11-11,621.32,632.09,609.19,613.81,87647868.0,3171701568.0,-0.017650129179697837,False,000063,中兴通讯
2020-11-12,620.3,629.7,613.46,616.88,64939219.0,2356405342.0,0.004989081520006163,False,000063,中兴通讯
2020-11-13,606.29,614.32,598.08,612.1,74958504.0,2648658111.0,-0.007778847667680995,False,000063,中兴通讯
2020-11-16,612.44,614.15,594.84,600.99,56881060.0,1998848215.0,-0.018317372395353335,False,000063,中兴通讯
2020-11-17,600.99,607.48,586.64,606.63,61419848.0,2134614523.0,0.009340754554077058,False,000063,中兴通讯
2020-11-18,602.53,616.88,597.4,610.56,68749582.0,2455931599.0,0.006457518804119015,False,000063,中兴通讯
2020-11-19,604.92,632.09,601.5,620.3,84869025.0,3083341475.0,0.01582666315920482,False,000063,中兴通讯
2020-11-20,621.15,628.33,612.78,618.93,62991119.0,2290259945.0,-0.002211051311107716,False,000063,中兴通讯
2020-11-23,620.3,622.69,604.92,610.9,58399821.0,2092486362.0,-0.013058901012242868,False,000063,中兴通讯
2020-11-24,608.17,628.67,605.09,625.08,81833271.0,2970697285.0,0.022946361889379305,False,000063,中兴通讯
2020-11-25,618.59,620.47,605.09,607.31,72649034.0,2601023618.0,-0.028840272450776867,False,000063,中兴通讯
2020-11-26,607.31,615.17,603.89,610.05,37489694.0,1335791471.0,0.00450155192701948,False,000063,中兴通讯
2020-11-27,606.29,609.19,592.27,597.91,55770352.0,1953998780.0,-0.020100680069465457,False,000063,中兴通讯
2020-11-30,593.98,608.85,587.49,593.47,63235227.0,2213148584.0,-0.007453575778716911,False,000063,中兴通讯
2020-12-01,593.13,601.5,591.59,599.11,42900011.0,1499806518.0,0.009458555481636436,False,000063,中兴通讯
2020-12-02,598.08,613.98,596.03,606.29,59015736.0,2087217506.0,0.011913198801795187,False,000063,中兴通讯
2020-12-03,606.29,606.46,595.52,599.11,42145910.0,1475419764.0,-0.011913198801795259,False,000063,中兴通讯
2020-12-04,595.35,598.08,591.42,594.84,27151987.0,944389081.0,-0.007152758834314453,False,000063,中兴通讯
2020-12-07,592.1,595.69,576.38,577.75,56581610.0,1934220470.0,-0.029151212665992816,False,000063,中兴通讯
2020-12-08,576.72,582.71,575.87,577.58,22875731.0,774608910.0,-0.0002942882141498855,False,000063,中兴通讯
2020-12-09,577.75,579.29,560.49,561.17,47545237.0,1574405487.0,-0.028823071019022622,False,000063,中兴通讯
2020-12-10,559.64,566.64,555.36,561.17,31550865.0,1036072353.0,0.0,False,000063,中兴通讯
2020-12-11,561.17,562.71,546.82,549.73,45646271.0,1470778086.0,-0.02059664132102736,False,000063,中兴通讯
2020-12-14,550.07,558.95,546.82,555.54,28861407.0,936060895.0,0.010513365087720378,False,000063,中兴通讯
2020-12-15,556.22,569.89,552.29,561.86,32955592.0,1084359801.0,0.011312094852266008,False,000063,中兴通讯
2020-12-16,563.91,565.96,554.51,555.36,23610521.0,770311990.0,-0.011636156426800534,False,000063,中兴通讯
2020-12-17,555.36,561.0,547.16,560.66,29537371.0,958977064.0,0.009498109074192709,False,000063,中兴通讯
2020-12-18,562.37,569.21,559.98,560.66,30619599.0,1010681887.0,0.0,False,000063,中兴通讯
2020-12-21,555.36,560.15,549.55,553.31,35469136.0,1151092459.0,-0.01319623806901209,False,000063,中兴通讯
2020-12-22,550.75,551.95,536.74,538.62,54599592.0,1738414735.0,-0.026908110122004645,False,000063,中兴通讯
2020-12-23,536.57,546.14,527.68,543.23,51101525.0,1605839782.0,0.008522489999686874,False,000063,中兴通讯
2020-12-24,542.89,545.97,530.59,532.64,29798371.0,935324619.0,-0.019687029169624226,False,000063,中兴通讯
2020-12-25,532.3,532.3,524.95,530.42,31797353.0,983911574.0,-0.004176628275319297,False,000063,中兴通讯
2020-12-28,530.42,530.93,521.36,522.38,31469254.0,965594794.0,-0.015273853161261,False,000063,中兴通讯
2020-12-29,523.75,574.67,523.75,574.67,160507339.0,5303473278.0,0.09540067061260875,False,000063,中兴通讯
2020-12-30,573.99,573.99,557.07,571.43,114045943.0,3782503977.0,-0.005653971959153834,False,000063,中兴通讯
2020-12-31,571.26,582.02,560.83,575.02,105116223.0,3514720979.0,0.0062628317575559615,False,000063,中兴通讯
2021-01-04,563.91,589.2,559.12,586.64,129647346.0,4343079820.0,0.02000652098439889,False,000063,中兴通讯
2021-01-05,580.65,600.31,575.02,589.71,125476595.0,4335249510.0,0.0052195468522729235,False,000063,中兴通讯
2021-01-06,594.67,595.86,569.38,574.67,91774305.0,3107165902.0,-0.02583492763507382,False,000063,中兴通讯
2021-01-07,569.03,569.21,550.41,558.27,92104324.0,3015595642.0,-0.02895324668149765,False,000063,中兴通讯
2021-01-08,556.22,598.94,553.31,579.29,133819219.0,4560448156.0,0.036960499419323445,False,000063,中兴通讯
2021-01-11,584.24,598.94,575.53,596.89,148815767.0,5160286057.0,0.0299296260687025,False,000063,中兴通讯
2021-01-12,599.79,604.07,587.15,603.55,133362914.0,4659834869.0,0.01109604533786449,False,000063,中兴通讯
2021-01-13,609.02,636.36,601.67,627.48,202807344.0,7377001171.0,0.03888291084090368,False,000063,中兴通讯
2021-01-14,622.01,630.04,606.63,613.63,140349436.0,5083157259.0,-0.022319657343977617,False,000063,中兴通讯
2021-01-15,613.81,614.66,593.47,599.79,88885676.0,3131426271.0,-0.02281254669221101,False,000063,中兴通讯
2021-01-18,603.21,626.79,599.79,620.81,112508346.0,4065911565.0,0.03444548303484421,False,000063,中兴通讯
2021-01-19,622.52,633.8,608.68,612.78,101941151.0,3697034725.0,-0.0130190961686326,False,000063,中兴通讯
2021-01-20,608.34,616.71,599.62,612.95,70012182.0,2484475730.0,0.0002773857229407306,False,000063,中兴通讯
2021-01-21,612.78,612.78,592.96,603.55,93743220.0,3303233945.0,-0.015454479393867333,False,000063,中兴通讯
2021-01-22,604.92,604.92,577.58,578.95,101234457.0,3472382142.0,-0.04161276908885388,False,000063,中兴通讯
2021-01-25,597.4,616.88,588.69,610.05,146625985.0,5192650171.0,0.05232480296306096,False,000063,中兴通讯
2021-01-26,603.04,611.93,578.26,581.51,99995649.0,3463979657.0,-0.047912752305931956,False,000063,中兴通讯
2021-01-27,582.02,590.39,578.95,579.63,54517394.0,1860660228.0,-0.003238199774009331,False,000063,中兴通讯
2021-01-28,572.45,572.45,550.24,555.71,82246204.0,2687133489.0,-0.04214339349622354,False,000063,中兴通讯
2021-01-29,560.49,561.35,543.4,550.07,50997069.0,1638766026.0,-0.010201032589875226,False,000063,中兴通讯
2021-02-01,546.48,557.07,541.86,552.29,37325635.0,1203302693.0,0.0040277277861650715,False,000063,中兴通讯
2021-02-02,551.09,551.43,538.62,542.04,53298777.0,1698850066.0,-0.01873347118695499,False,000063,中兴通讯
2021-02-03,536.57,560.32,532.47,545.79,65950621.0,2122733774.0,0.006894486922308676,False,000063,中兴通讯
2021-02-04,536.57,541.69,522.38,538.11,86894997.0,2695921425.0,-0.01417128614778936,False,000063,中兴通讯
2021-02-05,536.74,540.67,526.83,527.85,49682310.0,1545825529.0,-0.0192508477933286,False,000063,中兴通讯
2021-02-08,532.81,537.25,520.68,528.36,52464923.0,1621092538.0,0.0009657171199590132,False,000063,中兴通讯
2021-02-09,527.34,546.48,525.12,541.69,57652854.0,1817006352.0,0.024916012535358453,False,000063,中兴通讯
2021-02-10,541.86,554.34,535.88,550.41,59296444.0,1890296466.0,0.01596957296771672,False,000063,中兴通讯
2021-02-18,562.03,566.81,553.66,554.68,70531931.0,2309614734.0,0.0077279158269253955,False,000063,中兴通讯
2021-02-19,553.14,563.91,545.97,563.05,56051236.0,1826080025.0,0.014977063257371179,False,000063,中兴通讯
2021-02-22,564.08,569.72,558.1,558.78,69551049.0,2297330423.0,-0.007612598381413063,False,000063,中兴通讯
2021-02-23,557.07,563.74,548.53,552.8,54616318.0,1773748473.0,-0.010759563308161293,False,000063,中兴通讯
2021-02-24,552.97,560.15,543.57,548.19,51842852.0,1674615035.0,-0.008374330268847274,False,000063,中兴通讯
2021-02-25,555.19,556.22,546.14,546.48,40821020.0,1315054997.0,-0.0031242317610188012,False,000063,中兴通讯
2021-02-26,537.93,551.09,536.4,542.72,44885586.0,1427095430.0,-0.0069041772601102485,False,000063,中兴通讯
2021-03-01,542.72,548.53,537.08,548.02,45016766.0,1433797019.0,0.009718249468921346,False,000063,中兴通讯
2021-03-02,550.41,558.1,544.6,549.38,55511508.0,1790110184.0,0.0024785870170425466,False,000063,中兴通讯
2021-03-03,553.14,556.05,545.45,552.46,45584066.0,1468204078.0,0.005590662931539955,False,000063,中兴通讯
2021-03-04,552.63,555.36,536.57,540.5,62162407.0,1982186017.0,-0.021886395501724217,False,000063,中兴通讯
2021-03-05,530.24,545.28,529.73,541.86,37636755.0,1188920363.0,0.0025130284114994687,False,000063,中兴通讯
2021-03-08,542.04,552.97,537.93,539.81,45703515.0,1457585472.0,-0.0037904396986806733,False,000063,中兴通讯
2021-03-09,537.25,538.28,520.85,527.51,52365229.0,1620265941.0,-0.02304940327557679,False,000063,中兴通讯
2021-03-10,532.47,534.52,521.19,525.63,43488654.0,1338327211.0,-0.0035702793493990526,False,000063,中兴通讯
2021-03-11,526.66,541.01,522.21,536.57,52266869.0,1630546887.0,0.020599485695374467,False,000063,中兴通讯
2021-03-12,537.42,537.42,524.78,528.71,38224929.0,1182595505.0,-0.01475695148181035,False,000063,中兴通讯
2021-03-15,519.31,519.31,475.9,482.23,137720729.0,3945298159.0,-0.09201889872025214,False,000063,中兴通讯
2021-03-16,483.59,491.11,475.05,487.87,58866736.0,1663659447.0,0.011627798261070512,False,000063,中兴通讯
2021-03-17,510.25,524.61,503.25,521.7,112331669.0,3393630354.0,0.06704373310685877,False,000063,中兴通讯
2021-03-18,519.48,522.38,514.35,520.33,53867157.0,1631599211.0,-0.002629484351447994,False,000063,中兴通讯
2021-03-19,512.64,516.06,503.76,504.61,46781808.0,1393157701.0,-0.030677371988941007,False,000063,中兴通讯
2021-03-22,503.76,510.08,501.88,506.83,33248868.0,985090914.0,0.004389787955771787,False,000063,中兴通讯
2021-03-23,509.23,517.43,506.66,507.69,37726011.0,1129289025.0,0.0016953834443742594,False,000063,中兴通讯
2021-03-24,507.52,507.69,495.56,496.41,34157404.0,997609006.0,-0.022468826916241552,False,000063,中兴通讯
2021-03-25,496.75,500.34,491.8,493.51,25757638.0,747912555.0,-0.005859076079108071,False,000063,中兴通讯
2021-03-26,498.97,506.66,498.12,503.76,38267511.0,1125857558.0,0.020556842087732674,False,000063,中兴通讯
2021-03-29,503.76,506.32,498.97,499.83,28458054.0,835424310.0,-0.00783192357140014,False,000063,中兴通讯
2021-03-30,500.17,504.95,497.78,501.02,25426372.0,745634741.0,0.0023779798386699934,False,000063,中兴通讯
2021-04-01,511.96,511.96,501.19,502.22,36551110.0,1082606077.0,0.0023922502537501765,False,000063,中兴通讯
2021-04-02,502.39,510.08,502.39,505.81,29682633.0,879073472.0,0.007122833999260747,False,000063,中兴通讯
2021-04-06,505.98,506.15,501.19,502.39,23166968.0,681679614.0,-0.00678439420347412,False,000063,中兴通讯
2021-04-07,501.19,501.19,492.99,497.44,31747742.0,921424121.0,-0.009901764186850175,False,000063,中兴通讯
2021-04-08,495.56,497.78,492.14,493.33,26839333.0,776485814.0,-0.008296624999976415,False,000063,中兴通讯
2021-04-09,493.51,494.7,481.54,483.76,38656981.0,1098384589.0,-0.019589405345509882,False,000063,中兴通讯
2021-04-12,484.28,485.13,478.64,478.81,25590610.0,720662216.0,-0.010285056952038027,False,000063,中兴通讯
2021-04-13,478.98,482.57,476.08,478.47,24007110.0,672310933.0,-0.0007103460101469092,False,000063,中兴通讯
2021-04-14,478.47,481.37,475.39,479.83,32701281.0,914640428.0,0.0028383615006715235,False,000063,中兴通讯
2021-04-15,478.64,478.64,473.0,473.68,26086406.0,724986579.0,-0.012899886279923238,False,000063,中兴通讯
2021-04-16,474.88,486.33,473.34,484.62,37768398.0,1062602791.0,0.022833090458739158,False,000063,中兴通讯
2021-04-19,481.89,496.92,481.2,494.19,46675442.0,1345118928.0,0.019554979944740578,False,000063,中兴通讯
2021-04-20,492.82,495.9,488.04,488.38,29867868.0,859271939.0,-0.011826267269876881,False,000063,中兴通讯
2021-04-21,487.52,487.52,482.06,483.59,20996111.0,594977287.0,-0.009856351076768825,False,000063,中兴通讯
2021-04-22,482.06,516.92,482.06,504.61,76505874.0,2238987800.0,0.04254841340760315,False,000063,中兴通讯
2021-04-23,501.19,506.83,497.95,498.8,42719800.0,1253695758.0,-0.0115806398820766,False,000063,中兴通讯
2021-04-26,498.97,509.74,496.07,497.95,45461184.0,1337860385.0,-0.0017055434282328675,False,000063,中兴通讯
2021-04-27,497.44,500.68,491.8,497.78,28923576.0,840137310.0,-0.00034145802908773764,False,000063,中兴通讯
2021-04-28,497.09,505.3,494.02,505.13,31594722.0,924974543.0,0.014657609541051964,False,000063,中兴通讯
2021-04-29,506.66,512.13,498.29,498.8,45919382.0,1357031930.0,-0.012610608083731437,False,000063,中兴通讯
2021-04-30,498.46,501.37,491.63,494.7,33498152.0,969507407.0,-0.008253695572218556,False,000063,中兴通讯
2021-05-06,492.99,495.21,486.67,487.35,26568483.0,762244099.0,-0.014968967450443856,False,000063,中兴通讯
2021-05-07,487.18,491.45,480.35,480.86,28147320.0,798378096.0,-0.013406383334785561,False,000063,中兴通讯
2021-05-10,480.52,484.96,474.2,484.11,25772176.0,725624564.0,0.006735986172937136,False,000063,中兴通讯
2021-05-11,480.52,486.84,480.35,485.99,23095984.0,653838753.0,0.003875893935744522,False,000063,中兴通讯
2021-05-12,484.11,489.75,482.74,488.38,24001537.0,683996097.0,0.004905743800008677,False,000063,中兴通讯
2021-05-13,484.79,491.28,481.2,481.54,32051095.0,910719657.0,-0.01410448984144093,False,000063,中兴通讯
2021-05-14,484.45,499.66,480.18,496.92,46844603.0,1346329166.0,0.031439745829793544,False,000063,中兴通讯
2021-05-17,495.04,504.1,494.7,498.12,41076828.0,1202225865.0,0.002411964507471505,False,000063,中兴通讯
2021-05-18,500.34,510.08,494.87,503.42,49662576.0,1463254463.0,0.010583799896166313,False,000063,中兴通讯
2021-05-19,502.22,502.22,495.56,497.61,31307841.0,912291901.0,-0.011608174063053055,False,000063,中兴通讯
2021-05-20,497.44,502.56,495.04,497.09,29818447.0,869724599.0,-0.0010455414645022284,False,000063,中兴通讯
2021-05-21,496.41,500.34,490.6,490.6,29676982.0,859785337.0,-0.013141964397169859,False,000063,中兴通讯
2021-05-24,490.26,507.18,484.96,502.9,55641601.0,1615581784.0,0.024762211353530073,False,000063,中兴通讯
2021-05-25,502.73,514.01,501.54,511.11,73794344.0,2202709692.0,0.01619348804764146,False,000063,中兴通讯
2021-05-26,509.23,519.31,507.52,508.54,55079413.0,1654191302.0,-0.005040956097166479,False,000063,中兴通讯
2021-05-27,509.74,528.71,509.4,521.87,74432629.0,2265818328.0,0.02587463959250605,False,000063,中兴通讯
2021-05-28,519.48,544.26,518.8,536.05,105784698.0,3295701957.0,0.026808925581348685,False,000063,中兴通讯
2021-05-31,536.23,548.7,531.27,537.25,70104585.0,2212625603.0,0.0022360952203712226,False,000063,中兴通讯
2021-06-01,539.3,546.48,536.57,539.3,57756194.0,1826356623.0,0.003808466820561467,False,000063,中兴通讯
2021-06-02,540.16,540.5,522.9,525.29,56710663.0,1755097105.0,-0.026321511305376504,False,000063,中兴通讯
2021-06-03,526.49,572.45,526.49,560.15,162961179.0,5337826993.0,0.06425411396692746,False,000063,中兴通讯
2021-06-04,564.42,570.57,556.56,563.91,79614244.0,2628906513.0,0.006690059291881495,False,000063,中兴通讯
2021-06-07,565.62,585.78,565.62,574.84,80881787.0,2729520314.0,0.019197076909432568,False,000063,中兴通讯
2021-06-08,574.16,575.87,564.25,567.67,54667618.0,1819931819.0,-0.01255147723810288,False,000063,中兴通讯
2021-06-09,567.33,570.06,555.88,562.88,45073162.0,1483913470.0,-0.00847380241874989,False,000063,中兴通讯
2021-06-10,565.28,575.02,562.88,565.79,51868262.0,1726759396.0,0.0051565230723004726,False,000063,中兴通讯
2021-06-11,564.76,565.79,551.95,554.51,51155042.0,1665387619.0,-0.0201381437285838,False,000063,中兴通讯
2021-06-15,562.54,568.69,550.24,551.09,43555465.0,1419909329.0,-0.006186705695479874,False,000063,中兴通讯
2021-06-16,555.02,556.56,541.52,546.31,41781362.0,1340076071.0,-0.008711555002647682,False,000063,中兴通讯
2021-06-17,548.19,561.52,542.72,560.49,57863644.0,1873993664.0,0.025624820945073356,False,000063,中兴通讯
2021-06-18,555.88,589.54,555.54,583.56,126583430.0,4276232400.0,0.04033587306383878,False,000063,中兴通讯
2021-06-21,579.63,588.69,570.06,571.09,70245279.0,2371085205.0,-0.02160045875446965,False,000063,中兴通讯
2021-06-22,570.91,575.87,556.9,558.95,55048744.0,1818874131.0,-0.021486791732890163,False,000063,中兴通讯
2021-06-23,559.12,573.99,555.54,563.91,49963080.0,1653895865.0,0.008834640580278828,False,000063,中兴通讯
2021-06-24,564.76,568.35,548.87,551.26,52965838.0,1724493153.0,-0.02268809711052732,False,000063,中兴通讯
2021-06-25,548.87,556.22,545.45,552.46,40260640.0,1298244565.0,0.0021744653949007926,False,000063,中兴通讯
2021-06-28,554.51,572.96,554.51,570.57,69953847.0,2315631539.0,0.03225482858069216,False,000063,中兴通讯
2021-06-29,569.03,569.03,556.05,556.05,45705214.0,1498209489.0,-0.025777642896828566,False,000063,中兴通讯
2021-06-30,553.83,571.09,547.33,567.84,64380714.0,2112187782.0,0.0209814706333355,False,000063,中兴通讯
2021-07-01,569.55,579.29,560.49,560.66,54784838.0,1826667516.0,-0.012725027710517516,False,000063,中兴通讯
2021-07-02,558.44,558.44,540.16,542.55,54167758.0,1740607886.0,-0.03283441412145233,False,000063,中兴通讯
2021-07-05,540.84,549.21,536.05,548.36,38878360.0,1235034707.0,0.01065175850148294,False,000063,中兴通讯
2021-07-06,546.82,546.82,527.85,537.08,54645243.0,1717930312.0,-0.02078494636319219,False,000063,中兴通讯
2021-07-07,533.15,536.4,527.51,532.47,44239973.0,1375100999.0,-0.008620501236142511,False,000063,中兴通讯
2021-07-08,531.61,536.23,528.36,530.24,39025732.0,1215006141.0,-0.004196823730166755,False,000063,中兴通讯
2021-07-09,529.73,539.13,525.46,534.35,47829194.0,1489051597.0,0.007721320732707737,False,000063,中兴通讯
2021-07-12,563.91,587.83,562.2,587.83,98988864.0,3365862230.0,0.0953867354794771,False,000063,中兴通讯
2021-07-13,611.07,622.86,595.18,608.17,253710051.0,9020187313.0,0.03401665769667537,False,000063,中兴通讯
2021-07-14,609.88,631.41,606.29,615.69,157321988.0,5687811732.0,0.012289141962067946,False,000063,中兴通讯
2021-07-15,615.86,621.15,604.07,611.76,94484655.0,3375151426.0,-0.006403541373156474,False,000063,中兴通讯
2021-07-16,613.46,623.37,609.53,612.95,98088307.0,3541997457.0,0.0019433178050336385,False,000063,中兴通讯
2021-07-19,605.95,657.72,597.74,648.32,189379491.0,7037120192.0,0.056101035079260723,False,000063,中兴通讯
2021-07-20,639.1,645.93,627.82,636.87,102312184.0,3798795125.0,-0.017818848508243727,False,000063,中兴通讯
2021-07-21,635.68,639.78,623.03,632.09,98710738.0,3645071055.0,-0.007533764040510057,False,000063,中兴通讯
2021-07-22,630.72,645.08,624.74,634.65,94003287.0,3484033271.0,0.004041876762675929,False,000063,中兴通讯
2021-07-23,639.78,639.95,617.05,621.5,78872205.0,2881193229.0,-0.0209377548834203,False,000063,中兴通讯
2021-07-26,615.17,628.5,597.91,617.74,88755397.0,3192416010.0,-0.006068253991297311,False,000063,中兴通讯
2021-07-27,621.15,662.85,611.93,628.33,187140444.0,7046062804.0,0.01699784920067348,False,000063,中兴通讯
2021-07-28,626.11,651.91,598.6,637.22,149183810.0,5504887493.0,0.014049458702702779,False,000063,中兴通讯
2021-07-29,651.4,654.13,633.12,641.66,136868903.0,5163384354.0,0.006943603526567978,False,000063,中兴通讯
2021-07-30,636.53,668.66,633.97,663.02,168116867.0,6482603039.0,0.03274658725398643,False,000063,中兴通讯
2021-08-02,680.11,701.64,668.32,696.34,178367319.0,7174063731.0,0.04903289115805871,False,000063,中兴通讯
2021-08-03,690.19,712.23,675.15,680.11,136079220.0,5497276764.0,-0.023583497007922505,False,000063,中兴通讯
2021-08-04,679.08,706.08,678.74,701.64,121018602.0,4927703005.0,0.03116590218204376,False,000063,中兴通讯
2021-08-05,695.49,698.73,681.82,688.65,86233134.0,3478938753.0,-0.018687292612238664,False,000063,中兴通讯
2021-08-06,692.58,693.09,669.0,677.54,86340503.0,3419651029.0,-0.01626456776190601,False,000063,中兴通讯
2021-08-09,677.72,688.65,663.02,678.74,88998672.0,3516094697.0,0.0017695465731700178,False,000063,中兴通讯
2021-08-10,676.69,684.72,672.42,681.82,62077147.0,2464410991.0,0.0045275552145376124,False,000063,中兴通讯
2021-08-11,676.52,676.52,624.06,627.48,211800382.0,7995533422.0,-0.08305389540110289,False,000063,中兴通讯
2021-08-12,618.25,638.93,615.86,623.72,103502488.0,3801031240.0,-0.006010248271354809,False,000063,中兴通讯
2021-08-13,622.01,622.01,598.08,606.63,118405933.0,4217937745.0,-0.027782499700936828,False,000063,中兴通讯
2021-08-16,605.77,616.71,599.96,608.51,60822232.0,2173333921.0,0.0030942961305383,False,000063,中兴通讯
2021-08-17,610.9,612.27,595.69,598.26,65255913.0,2298215401.0,-0.016987904077529762,False,000063,中兴通讯
2021-08-18,598.26,602.36,592.1,601.67,53920722.0,1885764161.0,0.005683680180973423,False,000063,中兴通讯
2021-08-19,601.16,620.81,598.08,620.13,91006823.0,3274905394.0,0.03022001122952452,False,000063,中兴通讯
2021-08-20,616.52,617.04,604.49,607.93,56777503.0,2013778070.0,-0.0198693897201837,False,000063,中兴通讯
2021-08-23,607.41,613.08,599.17,609.82,49220489.0,1742265264.0,0.0031040878958230613,False,000063,中兴通讯
2021-08-24,603.29,608.79,599.68,602.09,56917164.0,1998692018.0,-0.012756895859202753,False,000063,中兴通讯
2021-08-25,601.57,606.21,580.95,586.97,102374101.0,3519743856.0,-0.02543322459900164,False,000063,中兴通讯
2021-08-26,586.45,591.09,578.55,582.5,56204684.0,1915106368.0,-0.007644525756833734,False,000063,中兴通讯
2021-08-27,584.22,594.53,579.06,591.43,59983149.0,2047688900.0,0.015214147780211133,False,000063,中兴通讯
2021-08-30,596.42,596.76,557.41,563.6,133339146.0,4437707053.0,-0.048198553195541415,False,000063,中兴通讯
2021-08-31,564.11,570.81,557.93,570.47,65312931.0,2147105407.0,0.012115802443583358,False,000063,中兴通讯
2021-09-01,570.47,586.62,561.53,579.4,80363728.0,2687909513.0,0.015532502867141484,False,000063,中兴通讯
2021-09-02,579.58,580.78,565.14,569.61,56448582.0,1870421918.0,-0.017041169211816615,False,000063,中兴通讯
2021-09-03,566.0,579.58,565.83,571.16,49625039.0,1654307363.0,0.002717464438661104,False,000063,中兴通讯
2021-09-06,570.47,585.25,567.55,583.01,58871479.0,1980358562.0,0.02053495829995477,False,000063,中兴通讯
2021-09-07,585.59,585.93,576.48,581.47,51814823.0,1748303013.0,-0.0026449589478482853,False,000063,中兴通讯
2021-09-08,584.22,600.37,578.2,595.21,82134239.0,2820689401.0,0.023354904538813503,False,000063,中兴通讯
2021-09-09,592.81,601.91,588.86,595.38,51701259.0,1792821452.0,0.0002855727011905233,False,000063,中兴通讯
2021-09-10,596.24,608.79,588.86,604.66,74949561.0,2625332381.0,0.01546645943366315,False,000063,中兴通讯
2021-09-13,600.02,600.02,587.14,587.31,55874500.0,1920705240.0,-0.02911352713130737,False,000063,中兴通讯
2021-09-14,585.93,594.87,572.7,575.62,47287463.0,1608043307.0,-0.020105068695355527,False,000063,中兴通讯
2021-09-15,573.05,587.31,570.13,580.61,38051785.0,1282752221.0,0.008631554242832887,False,000063,中兴通讯
2021-09-16,580.44,592.81,575.62,583.01,45528600.0,1551227215.0,0.0041250638580109895,False,000063,中兴通讯
2021-09-17,583.01,589.89,573.91,584.22,33564106.0,1137375724.0,0.0020732853566707158,False,000063,中兴通讯
2021-09-22,572.7,586.11,570.47,580.78,29337358.0,986598652.0,-0.00590559656274879,False,000063,中兴通讯
2021-09-23,586.62,608.27,586.62,601.91,81018564.0,2828877968.0,0.03573590481523298,False,000063,中兴通讯
2021-09-24,598.13,603.98,590.92,592.29,42176454.0,1461186004.0,-0.016111552666957008,False,000063,中兴通讯
2021-09-27,607.07,616.52,592.81,595.56,60472034.0,2120352734.0,0.0055057595831025175,False,000063,中兴通讯
2021-09-28,591.09,592.98,576.83,587.65,38426788.0,1309095318.0,-0.013370606808486538,False,000063,中兴通讯
2021-09-29,582.5,582.84,560.16,561.02,59450683.0,1969393860.0,-0.04637497706774929,False,000063,中兴通讯
2021-09-30,559.47,571.67,559.47,569.27,27130994.0,896575450.0,0.014598282763729884,False,000063,中兴通讯
2021-10-08,578.37,589.89,577.69,581.81,37492502.0,1273662058.0,0.021789095675670955,False,000063,中兴通讯
2021-10-11,587.48,604.84,580.44,594.53,57371037.0,1987058811.0,0.021627243480720093,False,000063,中兴通讯
2021-10-12,590.92,604.84,582.67,591.09,49367642.0,1708520731.0,-0.005802887355248749,False,000063,中兴通讯
2021-10-13,590.75,604.15,587.65,599.51,51104564.0,1783743152.0,0.014144364819602876,False,000063,中兴通讯
2021-10-14,601.57,602.77,582.67,583.87,47624419.0,1631707765.0,-0.02643429958675531,False,000063,中兴通讯
2021-10-15,607.93,609.65,585.42,587.14,56392154.0,1951064120.0,0.005584936934244567,False,000063,中兴通讯
2021-10-18,584.22,591.78,577.0,580.09,50881677.0,1723563699.0,-0.012080028326813902,False,000063,中兴通讯
2021-10-19,576.66,587.65,576.66,585.59,28521161.0,967774561.0,0.00943662208230003,False,000063,中兴通讯
2021-10-20,586.79,589.2,578.72,580.44,34407514.0,1168459714.0,-0.00883344937567225,False,000063,中兴通讯
2021-10-21,580.95,584.04,569.44,574.08,39758882.0,1328135882.0,-0.01101767719251554,False,000063,中兴通讯
2021-10-22,573.73,577.34,570.13,571.5,37327323.0,1242616525.0,-0.004504276195511278,False,000063,中兴通讯
2021-10-25,572.19,585.25,564.46,583.19,39604930.0,1325839762.0,0.020248550536169474,False,000063,中兴通讯
2021-10-26,584.56,592.81,577.51,586.79,56129091.0,1915091518.0,0.0061539707711235235,False,000063,中兴通讯
2021-10-27,585.08,588.17,575.62,576.14,31543490.0,1064039729.0,-0.018316317823927772,False,000063,中兴通讯
2021-10-28,578.55,581.64,563.6,566.35,40872417.0,1357752464.0,-0.01713842507150802,False,000063,中兴通讯
2021-10-29,568.75,571.33,559.82,560.5,53217186.0,1745217855.0,-0.010383019134508082,False,000063,中兴通讯
2021-11-01,549.85,549.85,522.36,539.37,112489934.0,3493084420.0,-0.03842745070590131,False,000063,中兴通讯
2021-11-02,537.65,548.48,529.4,535.42,49363446.0,1546259953.0,-0.007350306169338725,False,000063,中兴通讯
2021-11-03,535.76,539.54,530.26,534.04,31871726.0,991415982.0,-0.002580743115080416,False,000063,中兴通讯
2021-11-04,536.1,544.35,534.21,544.18,39962572.0,1254495207.0,0.018809331957496074,False,000063,中兴通讯
2021-11-05,541.95,547.79,537.65,537.82,40361729.0,1273182444.0,-0.011756142790174881,False,000063,中兴通讯
2021-11-08,534.73,539.88,532.84,535.25,27943005.0,871105982.0,-0.00479000421942323,False,000063,中兴通讯
2021-11-09,535.59,544.7,534.39,541.09,29324680.0,921386987.0,0.010851696135826861,False,000063,中兴通讯
2021-11-10,538.85,546.59,536.96,545.73,36030924.0,1138757263.0,0.0085387243366155,False,000063,中兴通讯
2021-11-11,542.98,552.43,542.81,552.43,39774404.0,1268228285.0,0.012202380590372531,False,000063,中兴通讯
2021-11-12,549.85,553.63,545.04,546.76,33794646.0,1077659471.0,-0.010316779248154762,False,000063,中兴通讯
2021-11-15,546.59,550.19,536.62,541.95,34238691.0,1079741615.0,-0.008836203022693268,False,000063,中兴通讯
2021-11-16,546.41,551.91,542.98,544.7,36499678.0,1162648126.0,0.0050614381278698784,False,000063,中兴通讯
2021-11-17,543.49,552.6,538.51,551.23,42603749.0,1358499348.0,0.011916960534110607,False,000063,中兴通讯
2021-11-18,547.79,551.57,545.73,546.76,28944622.0,923324591.0,-0.00814219563928733,False,000063,中兴通讯
2021-11-19,544.7,550.71,541.6,549.68,27669670.0,880921026.0,0.005326341438368132,False,000063,中兴通讯
2021-11-22,549.68,564.11,548.3,556.72,39529103.0,1283236066.0,0.012726129813774294,False,000063,中兴通讯
2021-11-23,558.44,565.14,556.21,557.07,29400586.0,957769849.0,0.0006284847440192666,False,000063,中兴通讯
2021-11-24,561.53,563.6,553.29,561.02,38990482.0,1270290981.0,0.00706565023049974,False,000063,中兴通讯
2021-11-25,560.85,563.08,552.43,552.6,30823260.0,999055162.0,-0.015122143021797572,False,000063,中兴通讯
2021-11-26,550.88,552.94,534.73,536.45,48064665.0,1509494730.0,-0.02966105140656095,False,000063,中兴通讯
2021-11-29,530.09,535.93,527.17,532.5,32801920.0,1014310218.0,-0.0073904634991750874,False,000063,中兴通讯
2021-11-30,534.56,536.62,525.79,527.17,42170955.0,1300667618.0,-0.010059820415006578,False,000063,中兴通讯
2021-12-01,526.83,531.46,524.94,530.95,28339455.0,871888509.0,0.007144777681281019,False,000063,中兴通讯
2021-12-02,529.06,530.43,524.08,525.45,32829798.0,1005956808.0,-0.010412816538249067,False,000063,中兴通讯
2021-12-03,526.83,532.67,526.14,531.64,26673841.0,822632498.0,0.011711530241526468,False,000063,中兴通讯
2021-12-06,530.61,535.42,529.06,529.23,28798655.0,892013670.0,-0.004543448576707745,False,000063,中兴通讯
2021-12-07,532.5,532.67,526.83,532.5,22847227.0,705042189.0,0.006159777607155883,False,000063,中兴通讯
2021-12-08,533.53,536.45,530.95,535.76,30114055.0,936336930.0,0.00610340201821451,False,000063,中兴通讯
2021-12-09,534.39,553.63,533.53,548.65,61205137.0,1950026138.0,0.023774415835013402,False,000063,中兴通讯
2021-12-10,546.07,556.55,544.7,551.74,40050551.0,1286156191.0,0.005616205385362749,False,000063,中兴通讯
2021-12-13,554.32,575.45,551.74,564.63,72078733.0,2370243709.0,0.023093728548411373,False,000063,中兴通讯
2021-12-14,560.33,569.61,560.16,562.74,37272031.0,1223147674.0,-0.0033529396216802343,False,000063,中兴通讯
2021-12-15,563.25,579.92,562.91,570.99,57367156.0,1916903336.0,0.014553986618900193,False,000063,中兴通讯
2021-12-16,567.89,569.95,563.25,566.86,36046613.0,1189030394.0,-0.007259336708473951,False,000063,中兴通讯
2021-12-17,564.97,574.42,557.75,561.19,46207341.0,1517927300.0,-0.010052830549154745,False,000063,中兴通讯
2021-12-20,560.16,564.46,547.1,547.79,34404521.0,1107995657.0,-0.024167527285349454,False,000063,中兴通讯
2021-12-21,551.4,556.38,547.96,554.15,25933030.0,832829547.0,0.011543406396837758,False,000063,中兴通讯
2021-12-22,555.86,566.17,553.29,557.24,30251397.0,982322490.0,0.005560618616362079,False,000063,中兴通讯
2021-12-23,557.58,565.14,551.57,562.22,30801283.0,1000586904.0,0.008897205530286325,False,000063,中兴通讯
2021-12-24,561.53,564.46,548.48,550.71,32474037.0,1044700422.0,-0.020684877557641916,False,000063,中兴通讯
2021-12-27,549.51,577.0,549.16,569.27,57429346.0,1899753483.0,0.03314648346417507,False,000063,中兴通讯
2021-12-28,571.5,574.42,562.91,566.86,31045609.0,1023746208.0,-0.004242478615515262,False,000063,中兴通讯
2021-12-29,566.86,569.27,561.02,561.36,22669571.0,743246187.0,-0.009749948715295104,False,000063,中兴通讯
2021-12-30,564.46,571.33,561.88,566.69,27259496.0,901092774.0,0.009450006055025294,False,000063,中兴通讯
2021-12-31,569.1,578.37,567.72,575.62,43869013.0,1467320210.0,0.015635303762146856,False,000063,中兴通讯
2022-01-04,577.0,578.03,569.27,574.25,29003438.0,968728060.0,-0.0023828791919977654,False,000063,中兴通讯
2022-01-05,574.08,578.89,561.71,566.17,39324081.0,1301922557.0,-0.014170455106174002,False,000063,中兴通讯
2022-01-06,561.88,570.99,558.61,568.58,28742208.0,944802506.0,0.0042476380233885955,False,000063,中兴通讯
2022-01-07,569.61,586.97,569.27,575.62,51349918.0,1730799239.0,0.012305696274783137,False,000063,中兴通讯
2022-01-10,579.06,594.53,577.34,594.18,74604763.0,2562468528.0,0.03173458300006088,False,000063,中兴通讯
2022-01-11,591.95,597.28,585.93,586.97,50070675.0,1726196205.0,-0.012208592564576884,False,000063,中兴通讯
2022-01-12,589.37,591.6,580.95,585.59,30408745.0,1034312355.0,-0.0023538251981248103,False,000063,中兴通讯
2022-01-13,591.43,593.67,573.56,574.77,35669235.0,1206243486.0,-0.01864992522255377,False,000063,中兴通讯
2022-01-14,568.92,575.11,565.83,567.03,29842652.0,991406495.0,-0.013557748395036122,False,000063,中兴通讯
2022-01-17,567.03,595.73,567.03,589.2,59818850.0,2046916498.0,0.038353472207500704,False,000063,中兴通讯
2022-01-18,589.03,594.01,584.39,589.54,37762023.0,1294336786.0,0.0005768872006196671,False,000063,中兴通讯
2022-01-19,585.93,590.4,575.11,578.2,39166580.0,1321335080.0,-0.01942274220684918,False,000063,中兴通讯
2022-01-20,578.2,589.89,576.14,584.56,51559132.0,1754592258.0,0.010939597900716436,False,000063,中兴通讯
2022-01-21,584.04,585.76,564.46,566.17,46915246.0,1560560572.0,-0.031965041019928614,False,000063,中兴通讯
2022-01-24,561.88,564.63,538.68,547.79,52463899.0,1677047625.0,-0.033002384638209474,False,000063,中兴通讯
2022-01-25,543.84,550.37,532.67,533.18,30448489.0,956696017.0,-0.027032923601109312,False,000063,中兴通讯
2022-01-26,536.62,538.17,529.23,534.73,32564471.0,1009444779.0,0.002902868384866877,False,000063,中兴通讯
2022-01-27,532.67,533.87,515.66,516.52,44228898.0,1341569734.0,-0.0346479366301308,False,000063,中兴通讯
2022-01-28,518.92,525.62,510.33,517.89,34292750.0,1033637504.0,0.0026488545181163883,False,000063,中兴通讯
2022-02-07,526.65,529.23,500.88,506.89,79160644.0,2352174052.0,-0.021468846969812324,False,000063,中兴通讯
2022-02-08,506.89,512.56,502.77,512.22,36273153.0,1073599168.0,0.010460202723515203,False,000063,中兴通讯
2022-02-09,512.22,530.09,508.61,528.89,52597884.0,1598361111.0,0.032026250477105556,False,000063,中兴通讯
2022-02-10,525.79,527.34,517.72,520.98,34708896.0,1053991802.0,-0.015068817426766879,False,000063,中兴通讯
2022-02-11,515.66,524.08,510.67,516.52,37426268.0,1125230598.0,-0.008597643322157985,False,000063,中兴通讯
2022-02-14,513.42,513.42,499.5,503.46,42419790.0,1245706185.0,-0.02560974486841787,False,000063,中兴通讯
2022-02-15,502.94,508.27,501.74,504.49,31487881.0,923875155.0,0.002043752881630003,False,000063,中兴通讯
2022-02-16,510.33,511.36,502.25,504.49,30913219.0,909011456.0,0.0,False,000063,中兴通讯
2022-02-17,503.28,503.46,498.47,500.19,30494262.0,887739269.0,-0.008559991751185788,False,000063,中兴通讯
2022-02-18,501.74,505.86,499.5,505.0,29797034.0,872781390.0,0.009570403034882564,False,000063,中兴通讯
2022-02-21,510.16,525.45,509.99,519.27,60105207.0,1816924060.0,0.027865549831057303,False,000063,中兴通讯
2022-02-22,512.05,515.14,505.86,508.27,37369815.0,1108728014.0,-0.02141117665894839,False,000063,中兴通讯
2022-02-23,511.88,517.55,507.07,516.52,33458489.0,999881592.0,0.016101207530982153,False,000063,中兴通讯
2022-02-24,512.39,514.63,496.24,500.88,50789899.0,1489933504.0,-0.030747458541395795,False,000063,中兴通讯
2022-02-25,505.18,507.92,498.99,501.74,33019113.0,965796906.0,0.0017155057966370044,False,000063,中兴通讯
2022-02-28,501.91,502.08,492.8,499.33,26394046.0,763840623.0,-0.004814857414341933,False,000063,中兴通讯
2022-03-01,499.5,505.18,498.47,504.66,26294375.0,767413881.0,0.010617735383050846,False,000063,中兴通讯
2022-03-02,501.39,503.28,496.58,501.74,21857269.0,635669482.0,-0.005802877968708836,False,000063,中兴通讯
2022-03-03,501.74,504.32,497.27,498.82,23191108.0,674177594.0,-0.005836748000688764,False,000063,中兴通讯
2022-03-04,495.72,500.54,491.77,494.01,29627478.0,854581729.0,-0.009689549334986105,False,000063,中兴通讯
2022-03-07,477.34,477.51,446.07,449.33,127821262.0,3390512005.0,-0.09479817551901709,False,000063,中兴通讯
2022-03-08,445.89,449.33,429.57,440.91,61659199.0,1579949287.0,-0.01891681139229715,False,000063,中兴通讯
2022-03-09,446.41,447.61,418.75,435.58,53527964.0,1356583418.0,-0.012162296664240213,False,000063,中兴通讯
2022-03-10,445.04,446.58,435.58,436.44,44445780.0,1140667288.0,0.001972432464435347,False,000063,中兴通讯
2022-03-11,426.82,430.6,410.67,430.26,70270093.0,1724356838.0,-0.014261231664359539,False,000063,中兴通讯
2022-03-14,422.7,431.29,413.42,413.42,47582191.0,1167509851.0,-0.039925651751448576,False,000063,中兴通讯
2022-03-15,410.84,410.84,387.13,387.47,67223574.0,1565288985.0,-0.06482559892955986,False,000063,中兴通讯
2022-03-16,399.16,405.0,381.46,403.97,65003141.0,1496183788.0,0.041702191336658284,False,000063,中兴通讯
2022-03-17,412.39,414.79,403.97,405.69,61918141.0,1472782595.0,0.004248703375189632,False,000063,中兴通讯
2022-03-18,404.48,413.59,400.36,412.39,42888554.0,1019177071.0,0.01638018239281304,False,000063,中兴通讯
2022-03-21,415.14,416.86,403.8,406.72,42100232.0,1002496464.0,-0.013844515545101892,False,000063,中兴通讯
2022-03-22,406.2,409.98,402.94,406.03,29994299.0,709456163.0,-0.0016979395035926397,False,000063,中兴通讯
2022-03-23,446.58,446.58,446.58,446.58,15396161.0,400146224.0,0.09519150710237756,False,000063,中兴通讯
2022-03-24,489.71,489.71,453.8,457.41,222784989.0,6105602304.0,0.023961588452051198,False,000063,中兴通讯
2022-03-25,448.13,450.36,433.35,435.76,105937995.0,2720323332.0,-0.04848851097650639,False,000063,中兴通讯
2022-03-28,424.42,437.82,414.28,426.99,70154545.0,1731329463.0,-0.020331039324775285,False,000063,中兴通讯
2022-03-29,422.7,427.17,413.08,413.42,56581801.0,1379848189.0,-0.03229656837955369,False,000063,中兴通讯
2022-03-30,414.79,418.23,413.42,418.06,46488428.0,1125933800.0,0.011160937522546684,False,000063,中兴通讯
2022-03-31,417.54,417.54,409.98,410.67,44415759.0,1067337307.0,-0.017834990618105964,False,000063,中兴通讯
2022-04-01,406.55,413.08,401.22,411.19,38854040.0,926330037.0,0.001265422503563676,False,000063,中兴通讯
2022-04-06,410.67,412.73,405.86,408.61,29082266.0,691097137.0,-0.006294238882031281,False,000063,中兴通讯
2022-04-07,408.61,410.5,397.61,398.3,34260759.0,803204796.0,-0.025555665709464354,False,000063,中兴通讯
2022-04-08,400.36,400.88,390.57,394.86,34581928.0,793679761.0,-0.0086742184915158,False,000063,中兴通讯
2022-04-11,391.77,392.46,373.55,375.79,50349378.0,1117212973.0,-0.049500794969649785,False,000063,中兴通讯
2022-04-12,373.73,382.83,369.77,382.15,34610850.0,758487232.0,0.016782724962460038,False,000063,中兴通讯
2022-04-13,378.71,385.07,377.16,378.02,28999412.0,643704715.0,-0.010866097416082873,False,000063,中兴通讯
2022-04-14,380.6,386.61,379.91,383.69,27356715.0,610184019.0,0.014887830612850247,False,000063,中兴通讯
2022-04-15,379.74,392.8,377.51,389.88,38451481.0,865360021.0,0.0160040645833489,False,000063,中兴通讯
2022-04-18,386.61,398.3,384.38,398.13,34719486.0,793344154.0,0.020939585648258405,False,000063,中兴通讯
2022-04-19,396.06,398.99,386.96,389.02,29373079.0,668568259.0,-0.023147828938721568,False,000063,中兴通讯
2022-04-20,388.68,393.14,383.52,385.58,22752649.0,514460916.0,-0.00888206200722324,False,000063,中兴通讯
2022-04-21,382.83,386.96,372.52,374.41,29561768.0,652975075.0,-0.02939724052286602,False,000063,中兴通讯
2022-04-22,370.12,396.24,367.54,391.94,62091090.0,1393474929.0,0.045757313202451334,False,000063,中兴通讯
2022-04-25,386.61,393.14,373.04,374.41,48510575.0,1079448515.0,-0.045757313202451404,False,000063,中兴通讯
2022-04-26,382.66,402.08,381.97,385.93,85242144.0,1947293043.0,0.030304552220732316,False,000063,中兴通讯
2022-04-27,384.04,410.33,383.69,407.4,88837392.0,2075143306.0,0.05413949792351634,False,000063,中兴通讯
2022-04-28,402.77,408.44,396.24,407.4,55214965.0,1292681124.0,0.0,False,000063,中兴通讯
2022-04-29,409.81,417.2,404.14,414.62,60416288.0,1446999596.0,0.01756693431226106,False,000063,中兴通讯
2022-05-05,412.39,414.11,405.51,408.09,45528421.0,1083326722.0,-0.015874699791518135,False,000063,中兴通讯
2022-05-06,397.78,404.83,396.06,399.16,29551540.0,687294115.0,-0.02212539929733644,False,000063,中兴通讯
2022-05-09,395.03,401.39,393.66,397.95,18903514.0,437237692.0,-0.0030359697642534816,False,000063,中兴通讯
2022-05-10,396.91,409.1,389.6,407.35,36425778.0,840225884.0,0.0233463975047926,False,000063,中兴通讯
2022-05-11,407.35,417.28,405.79,406.48,52334649.0,1236293015.0,-0.0021380394711742975,False,000063,中兴通讯
2022-05-12,401.61,409.62,400.91,406.66,29185210.0,680504546.0,0.000442728196719248,False,000063,中兴通讯
2022-05-13,408.23,410.14,401.44,404.92,24481766.0,569474431.0,-0.004287938751644758,False,000063,中兴通讯
2022-05-16,409.62,412.23,400.57,402.48,26926770.0,625969600.0,-0.006044110547487842,False,000063,中兴通讯
2022-05-17,403.18,414.32,401.09,413.62,42762382.0,1006172493.0,0.027302271741467096,False,000063,中兴通讯
2022-05-18,415.36,416.23,409.62,414.49,28363850.0,672860363.0,0.0021011709074438027,False,000063,中兴通讯
2022-05-19,409.1,413.62,404.92,412.4,28630458.0,672584093.0,-0.0050550966891692375,False,000063,中兴通讯
2022-05-20,411.88,420.41,411.71,413.97,37288633.0,889263526.0,0.0037997552887679455,False,000063,中兴通讯
2022-05-23,411.53,411.53,404.4,406.31,39278168.0,917031765.0,-0.018677092385368438,False,000063,中兴通讯
2022-05-24,406.31,407.35,388.55,389.25,41196201.0,941755527.0,-0.042894604332096714,False,000063,中兴通讯
2022-05-25,388.38,393.78,388.21,392.21,24379808.0,547003296.0,0.0075755999183986485,False,000063,中兴通讯
2022-05-26,393.25,427.37,389.77,421.28,104303895.0,2485750768.0,0.07150028511549278,False,000063,中兴通讯
2022-05-27,417.8,422.15,414.32,419.54,45140096.0,1083712085.0,-0.004138822777355653,False,000063,中兴通讯
2022-05-30,421.63,422.67,414.67,417.8,27525753.0,659982529.0,-0.004156023848178206,False,000063,中兴通讯
2022-05-31,419.19,424.59,416.76,423.54,42652687.0,1033166587.0,0.01364511151297031,False,000063,中兴通讯
2022-06-01,419.71,422.33,416.23,418.67,29389045.0,708039222.0,-0.011564940523656904,False,000063,中兴通讯
2022-06-02,416.23,423.37,415.36,421.63,26766816.0,646614430.0,0.0070451320790553325,False,000063,中兴通讯
2022-06-06,421.46,431.03,420.59,430.33,50901897.0,1248980123.0,0.020424204024313688,False,000063,中兴通讯
2022-06-07,429.12,439.56,427.37,429.12,47811244.0,1185930459.0,-0.00281575612183414,False,000063,中兴通讯
2022-06-08,427.72,433.99,423.54,428.77,40146798.0,988294141.0,-0.0008159554707915503,False,000063,中兴通讯
2022-06-09,428.59,428.59,419.89,422.15,30297517.0,738146414.0,-0.01555994350701328,False,000063,中兴通讯
2022-06-10,419.71,426.16,416.06,425.98,29044282.0,706399224.0,0.009031695694945488,False,000063,中兴通讯
2022-06-13,422.85,435.56,421.63,429.99,40244497.0,990734928.0,0.009369555792779564,False,000063,中兴通讯
2022-06-14,426.68,432.77,417.97,431.2,42495923.0,1041623058.0,0.0028100669915532865,False,000063,中兴通讯
2022-06-15,431.2,456.97,431.2,445.48,90048124.0,2313561815.0,0.03258033293011201,False,000063,中兴通讯
2022-06-16,445.48,456.97,442.17,445.3,44599883.0,1147916640.0,-0.0004041401972427911,False,000063,中兴通讯
2022-06-17,442.17,448.26,438.86,447.39,34833644.0,889590627.0,0.004682485115143848,False,000063,中兴通讯
2022-06-20,449.48,451.75,443.22,444.26,29660733.0,759508002.0,-0.0070207208133242155,False,000063,中兴通讯
2022-06-21,444.78,448.61,439.04,443.74,25680855.0,655388939.0,-0.0011711713050400927,False,000063,中兴通讯
2022-06-22,445.48,446.18,433.47,434.34,31123708.0,783219622.0,-0.021411167791331273,False,000063,中兴通讯
2022-06-23,434.34,438.17,428.77,437.99,30429471.0,759068545.0,0.008368441532480548,False,000063,中兴通讯
2022-06-24,438.34,440.26,429.99,433.47,48599542.0,1212568724.0,-0.010373489391955756,False,000063,中兴通讯
2022-06-27,435.21,443.91,433.82,438.52,39022597.0,983054607.0,0.011582831132709531,False,000063,中兴通讯
2022-06-28,437.82,444.26,426.68,443.91,52331691.0,1310847910.0,0.012216418376213432,False,000063,中兴通讯
2022-06-29,442.17,454.71,440.08,441.65,51177339.0,1312264636.0,-0.005104125991411391,False,000063,中兴通讯
2022-06-30,440.95,451.75,440.78,444.43,36019610.0,922826211.0,0.006274849046530711,False,000063,中兴通讯
2022-07-01,443.04,448.79,438.86,439.73,24582143.0,625583604.0,-0.010631660040851707,False,000063,中兴通讯
2022-07-04,439.73,440.26,432.94,437.3,29117795.0,729249175.0,-0.0055414437779452074,False,000063,中兴通讯
2022-07-05,437.82,439.91,427.55,433.12,34723173.0,863176426.0,-0.009604632552883827,False,000063,中兴通讯
2022-07-06,432.77,441.48,427.37,429.46,31112758.0,773073467.0,-0.008486220327005002,False,000063,中兴通讯
2022-07-07,429.64,432.6,426.5,429.81,20231991.0,499482693.0,0.0008146450344045237,False,000063,中兴通讯
2022-07-08,430.51,434.51,428.24,429.46,20796939.0,514962614.0,-0.0008146450344044954,False,000063,中兴通讯
2022-07-11,428.24,433.12,422.33,429.12,28454128.0,696418957.0,-0.0007920054456723879,False,000063,中兴通讯
2022-07-12,427.2,427.2,417.1,417.8,27867881.0,673224638.0,-0.02673375097084828,False,000063,中兴通讯
2022-07-13,417.1,418.84,411.36,413.45,25671128.0,611709742.0,-0.010466260954289706,False,000063,中兴通讯
2022-07-14,412.93,415.71,409.1,411.36,30397197.0,719744259.0,-0.005067844650596245,False,000063,中兴通讯
2022-07-15,411.71,417.8,408.23,408.75,25380675.0,602659277.0,-0.006365021306116213,False,000063,中兴通讯
2022-07-18,409.97,426.5,409.1,424.59,37733326.0,913141441.0,0.03802027520239404,False,000063,中兴通讯
2022-07-19,424.59,440.26,423.89,435.73,43527202.0,1088540564.0,0.025898788055710165,False,000063,中兴通讯
2022-07-20,436.95,439.91,434.34,436.08,30802953.0,772417734.0,0.0008029272864580996,False,000063,中兴通讯
2022-07-21,435.9,445.65,435.03,435.21,30940205.0,780924832.0,-0.0019970395371049707,False,000063,中兴通讯
2022-07-22,435.21,442.17,431.73,435.21,21644331.0,541816831.0,0.0,False,000063,中兴通讯
2022-07-25,435.73,437.82,428.77,430.51,18399711.0,456222271.0,-0.010858120817202827,False,000063,中兴通讯
2022-07-26,432.77,433.82,426.16,428.59,19671304.0,483768333.0,-0.004469801412312691,False,000063,中兴通讯
2022-07-27,428.77,431.55,424.41,427.37,17493383.0,428842284.0,-0.0028506024256658774,False,000063,中兴通讯
2022-07-28,429.29,435.73,428.77,432.42,26230475.0,651626137.0,0.01174718960066563,False,000063,中兴通讯
2022-07-29,433.29,435.56,425.11,425.11,22781359.0,562090592.0,-0.01704937919960741,False,000063,中兴通讯
2022-08-01,420.93,423.02,413.27,417.8,33401475.0,801542811.0,-0.0173451098423319,False,000063,中兴通讯
2022-08-02,414.14,417.1,398.13,403.87,37451261.0,872096364.0,-0.033909805122527135,False,000063,中兴通讯
2022-08-03,402.13,413.8,402.13,404.4,28704778.0,673170506.0,0.0013114431463780568,False,000063,中兴通讯
2022-08-04,407.53,412.75,405.61,410.31,19121167.0,450056056.0,0.014508484415253124,False,000063,中兴通讯
2022-08-05,411.18,442.87,410.49,441.82,73059310.0,1809977446.0,0.0739895877524693,False,000063,中兴通讯
2022-08-08,442.87,450.01,431.9,436.25,45410177.0,1139544347.0,-0.012687085797401954,False,000063,中兴通讯
2022-08-09,435.56,440.43,434.16,437.82,25508961.0,640480881.0,0.0035923934889467843,False,000063,中兴通讯
2022-08-10,435.56,439.21,430.86,432.94,20161680.0,502789157.0,-0.01120871673387431,False,000063,中兴通讯
2022-08-11,435.21,441.13,433.82,440.08,28611713.0,721335670.0,0.016357378295493125,False,000063,中兴通讯
2022-08-12,439.73,441.3,436.08,436.25,17078953.0,429499919.0,-0.00874105505056564,False,000063,中兴通讯
2022-08-15,434.34,434.86,428.59,429.81,23899812.0,591401592.0,-0.01487222294324627,False,000063,中兴通讯
2022-08-16,429.81,430.16,420.93,423.54,25269149.0,616776181.0,-0.014695289937954752,False,000063,中兴通讯
2022-08-17,423.37,435.21,419.71,433.82,33051868.0,814878707.0,0.02398174089005412,False,000063,中兴通讯
2022-08-18,431.73,433.99,427.55,429.99,17343708.0,428804713.0,-0.008867748922255975,False,000063,中兴通讯
2022-08-19,429.29,438.17,428.94,429.64,28082102.0,699457136.0,-0.0008143038733877394,False,000063,中兴通讯
2022-08-22,428.59,436.95,423.54,432.77,22075100.0,548828410.0,0.007258760318624155,False,000063,中兴通讯
2022-08-23,431.73,432.77,426.85,427.2,16946021.0,417676385.0,-0.012954121402485218,False,000063,中兴通讯
2022-08-24,426.68,430.16,416.23,416.23,28746493.0,695268886.0,-0.02601429555372397,False,000063,中兴通讯
2022-08-25,419.54,421.63,414.32,420.59,16744457.0,402110481.0,0.010420495334969526,False,000063,中兴通讯
2022-08-26,423.02,435.21,420.76,427.03,28788874.0,709166737.0,0.015195780944684748,False,000063,中兴通讯
2022-08-29,429.46,429.99,417.97,419.19,30605885.0,741288321.0,-0.018529990611449144,False,000063,中兴通讯
2022-08-30,419.19,434.16,418.32,426.5,36634157.0,901087871.0,0.01728808917126769,False,000063,中兴通讯
2022-08-31,423.89,428.77,418.32,426.5,29029445.0,706530925.0,0.0,False,000063,中兴通讯
2022-09-01,424.94,429.81,417.97,418.32,27163908.0,659669860.0,-0.019365677051858668,False,000063,中兴通讯
2022-09-02,418.67,427.72,416.23,422.5,27031803.0,656709128.0,0.009942756917353426,False,000063,中兴通讯
2022-09-05,422.5,423.02,413.45,418.32,26435567.0,632628171.0,-0.009942756917353423,False,000063,中兴通讯
2022-09-06,419.19,430.86,418.67,428.42,36308465.0,889670316.0,0.02385733294479505,False,000063,中兴通讯
2022-09-07,428.42,434.69,426.5,427.9,24178928.0,597090012.0,-0.00121449940189904,False,000063,中兴通讯
2022-09-08,428.42,429.99,424.24,424.59,16802599.0,411433270.0,-0.007765526008913949,False,000063,中兴通讯
2022-09-09,424.59,433.12,423.72,431.03,24549463.0,605409773.0,0.015053695835980842,False,000063,中兴通讯
2022-09-13,431.03,439.73,430.16,435.56,37425075.0,937682181.0,0.010454866228022108,False,000063,中兴通讯
2022-09-14,429.99,439.56,427.9,436.6,36609028.0,914981766.0,0.002384884637983444,False,000063,中兴通讯
2022-09-15,437.99,441.3,427.9,429.46,34650719.0,863109295.0,-0.016488838576857425,False,000063,中兴通讯
2022-09-16,428.94,439.04,427.55,427.55,46666304.0,1159520252.0,-0.004457364937021832,False,000063,中兴通讯
2022-09-19,425.81,425.98,404.92,405.09,46670722.0,1103057275.0,-0.05396197596090369,False,000063,中兴通讯
2022-09-20,408.23,410.31,401.26,402.31,26241188.0,610202002.0,-0.006886328922413079,False,000063,中兴通讯
2022-09-21,400.57,404.57,392.21,401.44,27294135.0,624442835.0,-0.0021648531005354758,False,000063,中兴通讯
2022-09-22,398.3,399.35,390.82,392.73,29368540.0,665449470.0,-0.02193572975799477,False,000063,中兴通讯
2022-09-23,392.73,394.82,384.03,388.73,26480108.0,592321134.0,-0.01023733763545062,False,000063,中兴通讯
2022-09-26,383.51,387.34,376.02,378.11,28208478.0,619543582.0,-0.02769985664790076,False,000063,中兴通讯
2022-09-27,379.33,384.03,376.19,383.68,19879680.0,434113452.0,0.014623713262383337,False,000063,中兴通讯
2022-09-28,383.51,383.51,374.45,374.45,20617615.0,448090578.0,-0.024350589143773325,False,000063,中兴通讯
2022-09-29,377.76,379.85,366.45,369.75,23724515.0,507755052.0,-0.012631181104466906,False,000063,中兴通讯
2022-09-30,369.06,375.15,366.97,372.54,23410252.0,500127683.0,0.007517313013947284,False,000063,中兴通讯
2022-10-10,372.54,374.28,358.09,358.61,36624139.0,763840746.0,-0.0381089675984322,False,000063,中兴通讯
2022-10-11,358.79,361.05,353.39,357.22,18885364.0,387157234.0,-0.0038836085300866575,False,000063,中兴通讯
2022-10-12,357.92,370.45,353.91,370.28,29662934.0,618858824.0,0.035907637722672886,False,000063,中兴通讯
2022-10-13,370.1,376.89,368.71,370.97,23430607.0,501886700.0,0.0018617206051811295,False,000063,中兴通讯
2022-10-14,374.45,380.2,372.54,378.98,22786439.0,494224749.0,0.021362236437276944,False,000063,中兴通讯
2022-10-17,375.5,386.46,374.28,385.07,20044934.0,441105199.0,0.01594170270121154,False,000063,中兴通讯
2022-10-18,385.77,388.55,382.11,385.25,19223467.0,425964444.0,0.0004673382575450742,False,000063,中兴通讯
2022-10-19,384.72,388.73,380.89,381.59,15196291.0,334656443.0,-0.009545740420196338,False,000063,中兴通讯
2022-10-20,378.98,390.64,377.76,383.68,21515279.0,475189562.0,0.005462138059120661,False,000063,中兴通讯
2022-10-21,384.38,389.08,381.76,383.33,12461577.0,275770193.0,-0.000912634839944709,False,000063,中兴通讯
2022-10-24,384.03,390.64,374.63,376.02,24312397.0,533290021.0,-0.01925390353456566,False,000063,中兴通讯
2022-10-25,375.15,379.15,370.8,375.15,17651246.0,380646671.0,-0.002316387472901372,False,000063,中兴通讯
2022-10-26,376.54,389.95,376.54,385.77,23055581.0,509031329.0,0.02791539095871957,False,000063,中兴通讯
2022-10-27,400.39,400.39,384.9,385.59,38345975.0,857324049.0,-0.0004667081603071404,False,000063,中兴通讯
2022-10-28,383.33,384.9,370.97,371.84,29505773.0,640193942.0,-0.03631097456665843,False,000063,中兴通讯
2022-10-31,371.49,389.77,370.45,385.94,41230450.0,912051498.0,0.03721826274471814,False,000063,中兴通讯
2022-11-01,386.12,391.69,384.03,390.82,28317089.0,632320540.0,0.012565178963587678,False,000063,中兴通讯
2022-11-02,388.38,400.04,387.86,397.08,38353793.0,867157617.0,0.015890675789723713,False,000063,中兴通讯
2022-11-03,391.51,392.73,385.77,388.21,33353535.0,743917475.0,-0.022591341400823972,False,000063,中兴通讯
2022-11-04,388.73,405.79,386.46,403.87,61734051.0,1414669616.0,0.039546613679241234,False,000063,中兴通讯
2022-11-07,400.39,417.63,398.65,412.4,54575054.0,1284881510.0,0.020900708142866622,False,000063,中兴通讯
2022-11-08,410.14,411.88,405.44,408.23,28245974.0,661136615.0,-0.010163011081971601,False,000063,中兴通讯
2022-11-09,407.18,409.1,399.17,399.52,27346298.0,632290431.0,-0.02156691452937022,False,000063,中兴通讯
2022-11-10,397.95,401.61,394.65,398.48,22139889.0,506445328.0,-0.0026065177664350817,False,000063,中兴通讯
2022-11-11,407.35,421.8,405.09,414.84,71547033.0,1698102311.0,0.04023559495650532,False,000063,中兴通讯
2022-11-14,417.8,421.98,415.71,419.89,37511169.0,902904378.0,0.012099868490934135,False,000063,中兴通讯
2022-11-15,416.41,425.29,415.54,423.54,31219866.0,756892463.0,0.0086551884229684,False,000063,中兴通讯
2022-11-16,422.67,432.42,419.37,421.28,37472464.0,912996601.0,-0.005350264887436599,False,000063,中兴通讯
2022-11-17,423.02,427.37,417.8,427.2,28057781.0,682553938.0,0.013954591897985792,False,000063,中兴通讯
2022-11-18,427.9,443.22,427.03,437.3,63271014.0,1595755458.0,0.023367170772889818,False,000063,中兴通讯
2022-11-21,433.64,442.69,432.6,436.25,28372813.0,711536149.0,-0.0024039849022380296,False,000063,中兴通讯
2022-11-22,434.69,444.78,428.42,435.38,43312094.0,1085451571.0,-0.001996260543846736,False,000063,中兴通讯
2022-11-23,433.64,435.73,425.63,426.85,29270076.0,721487674.0,-0.01978654951647475,False,000063,中兴通讯
2022-11-24,427.55,432.6,421.28,421.98,17222171.0,420372446.0,-0.011474743908333541,False,000063,中兴通讯
2022-11-25,421.8,430.16,421.8,424.76,19673115.0,482006342.0,0.006566383987662872,False,000063,中兴通讯
2022-11-28,414.32,419.02,409.1,416.76,28374183.0,677237692.0,-0.01901378699166189,False,000063,中兴通讯
2022-11-29,419.37,434.86,418.15,428.07,27588140.0,676169846.0,0.026776217066610604,False,000063,中兴通讯
2022-11-30,427.9,429.99,422.85,426.5,20341846.0,498019464.0,-0.0036743666788596886,False,000063,中兴通讯
2022-12-01,430.68,446.35,429.81,438.69,53820382.0,1357802215.0,0.028180646360163635,False,000063,中兴通讯
2022-12-02,436.08,441.3,434.86,436.08,20002460.0,503288934.0,-0.005967300535871978,False,000063,中兴通讯
2022-12-05,438.69,469.85,438.69,465.85,85152240.0,2237032869.0,0.06603798114040854,False,000063,中兴通讯
2022-12-06,470.02,476.99,463.58,468.63,58986876.0,1594483420.0,0.005949850614593161,False,000063,中兴通讯
2022-12-07,468.28,468.63,457.84,463.06,35267468.0,937450396.0,-0.011956909187974735,False,000063,中兴通讯
2022-12-08,460.62,469.5,459.58,464.11,23166255.0,618247703.0,0.002264957772313498,False,000063,中兴通讯
2022-12-09,464.28,469.85,458.36,461.49,27335310.0,727627383.0,-0.005661207859596336,False,000063,中兴通讯
2022-12-12,458.36,468.98,457.84,462.89,21778016.0,579323317.0,0.003029059630108982,False,000063,中兴通讯
2022-12-13,461.32,467.76,458.19,458.71,21919764.0,581887109.0,-0.009071242759159614,False,000063,中兴通讯
2022-12-14,462.19,468.63,461.15,463.41,21651748.0,578586465.0,0.010193989287550574,False,000063,中兴通讯
2022-12-15,461.49,466.89,459.06,462.19,15736281.0,418118792.0,-0.002636129443603604,False,000063,中兴通讯
2022-12-16,459.58,461.32,452.62,458.54,18607538.0,488004155.0,-0.007928533056149724,False,000063,中兴通讯
2022-12-19,459.23,461.15,447.74,449.66,20715192.0,537316144.0,-0.019555787261659626,False,000063,中兴通讯
2022-12-20,449.83,456.1,436.08,442.0,20865044.0,531067532.0,-0.01718185955515832,False,000063,中兴通讯
2022-12-21,444.78,444.78,435.38,437.65,13185698.0,332881685.0,-0.009890377899251195,False,000063,中兴通讯
2022-12-22,440.6,443.04,433.29,434.86,18236947.0,457640020.0,-0.00639536397153419,False,000063,中兴通讯
2022-12-23,434.51,443.39,434.16,437.82,13312024.0,335020734.0,0.006783726798671006,False,000063,中兴通讯
2022-12-26,437.65,440.78,433.47,436.43,14223039.0,356664197.0,-0.003179871138136364,False,000063,中兴通讯
2022-12-27,436.43,449.13,436.25,447.74,20877597.0,530858186.0,0.02558471093228822,False,000063,中兴通讯
2022-12-28,446.0,447.74,436.6,438.34,20017315.0,507242912.0,-0.02121784184616264,False,000063,中兴通讯
2022-12-29,435.21,446.35,435.21,444.78,20992313.0,534354633.0,0.01458491294311036,False,000063,中兴通讯
2022-12-30,446.0,452.62,444.78,450.18,22264410.0,575410280.0,0.012067724889009097,False,000063,中兴通讯
2023-01-03,450.53,455.75,443.56,451.4,22732583.0,589696754.0,0.0027063615977428457,False,000063,中兴通讯
2023-01-04,453.66,465.15,451.92,460.28,32813872.0,868348242.0,0.01948113557182249,False,000063,中兴通讯
2023-01-05,459.93,464.98,456.45,460.28,23741883.0,629370048.0,0.0,False,000063,中兴通讯
2023-01-06,460.28,461.15,452.09,452.62,19563537.0,512022379.0,-0.01678207860265747,False,000063,中兴通讯
2023-01-09,451.57,455.75,443.91,446.35,26379100.0,677835511.0,-0.0139495237272292,False,000063,中兴通讯
2023-01-10,448.09,448.09,440.43,443.74,17996763.0,457876630.0,-0.00586459230093485,False,000063,中兴通讯
2023-01-11,443.91,468.98,443.91,457.66,51051716.0,1353631622.0,0.03088774502694169,False,000063,中兴通讯
2023-01-12,457.66,467.76,456.1,463.06,27798519.0,739322730.0,0.011730084971674437,False,000063,中兴通讯
2023-01-13,464.11,466.37,454.88,460.1,19022654.0,500973871.0,-0.006412778161629416,False,000063,中兴通讯
2023-01-16,458.19,470.37,458.19,466.54,30997459.0,831043819.0,0.013899904358987048,False,000063,中兴通讯
2023-01-17,465.85,467.07,460.45,461.84,19371068.0,515758897.0,-0.010125250767731964,False,000063,中兴通讯
2023-01-18,461.84,467.41,461.15,466.54,14278358.0,381761596.0,0.010125250767731905,False,000063,中兴通讯
2023-01-19,464.8,466.89,459.93,466.72,19354701.0,515390256.0,0.00038574459900122784,False,000063,中兴通讯
2023-01-20,465.67,480.47,464.8,476.29,44141844.0,1208286847.0,0.02029740629589113,False,000063,中兴通讯
2023-01-30,480.3,482.56,469.33,470.2,36430395.0,992748305.0,-0.012868776309333295,False,000063,中兴通讯
2023-01-31,468.11,470.37,463.06,463.76,17696448.0,473237164.0,-0.013790959074491653,False,000063,中兴通讯
2023-02-01,463.76,472.29,463.76,469.68,20424112.0,549508211.0,0.012684434724452989,False,000063,中兴通讯
2023-02-02,470.72,477.34,466.72,469.15,25075929.0,678764244.0,-0.001129065019871902,False,000063,中兴通讯
2023-02-03,467.24,472.29,461.49,471.94,25812293.0,690972747.0,0.005929312125169419,False,000063,中兴通讯
2023-02-06,468.98,478.03,464.28,467.07,26340784.0,710124720.0,-0.010372719491535164,False,000063,中兴通讯
2023-02-07,467.59,476.81,464.45,472.98,26258959.0,712197481.0,0.012573964930179076,False,000063,中兴通讯
2023-02-08,473.51,478.55,464.98,465.67,22645170.0,609382522.0,-0.015575875540504916,False,000063,中兴通讯
2023-02-09,464.11,486.91,459.93,484.47,53283427.0,1464974649.0,0.03957828114971836,False,000063,中兴通讯
2023-02-10,483.95,504.84,482.04,490.91,63579966.0,1807177304.0,0.01320530169504711,False,000063,中兴通讯
2023-02-13,492.66,492.83,484.3,490.22,33405581.0,936961566.0,-0.0014065416688016454,False,000063,中兴通讯
2023-02-14,489.87,494.74,487.96,492.31,25578479.0,722574680.0,0.004254329439909377,False,000063,中兴通讯
2023-02-15,492.31,511.46,490.22,506.58,55733240.0,1609396882.0,0.028573658534223233,False,000063,中兴通讯
2023-02-16,506.76,541.05,503.97,519.81,124259556.0,3746090917.0,0.02578110228140148,False,000063,中兴通讯
2023-02-17,518.77,518.77,486.91,486.91,84856603.0,2436019130.0,-0.06538405911494143,False,000063,中兴通讯
2023-02-20,484.13,515.63,484.13,514.76,86161652.0,2500873973.0,0.05562147154954048,False,000063,中兴通讯
2023-02-21,510.76,541.4,509.89,525.04,106140066.0,3221241600.0,0.019773677540003164,False,000063,中兴通讯
2023-02-22,519.12,539.31,517.38,533.39,83767713.0,2556363929.0,0.01577841375016409,False,000063,中兴通讯
2023-02-23,530.95,537.92,511.63,518.42,80556394.0,2423087508.0,-0.028467139374851586,False,000063,中兴通讯
2023-02-24,518.77,531.65,515.29,523.99,50763139.0,1529106115.0,0.010686875628695507,False,000063,中兴通讯
2023-02-27,520.16,551.32,519.46,544.71,113945545.0,3536745856.0,0.03878094278121017,False,000063,中兴通讯
2023-02-28,565.77,584.92,551.32,561.24,191990360.0,6228764744.0,0.0298950785751098,False,000063,中兴通讯
2023-03-01,558.63,587.53,554.98,572.91,197273435.0,6526733973.0,0.020580014789637172,False,000063,中兴通讯
2023-03-02,570.12,583.53,562.46,567.34,140880524.0,4628414253.0,-0.009769865037947495,False,000063,中兴通讯
2023-03-03,557.07,565.77,541.57,556.72,106964446.0,3399595694.0,-0.018896350740890147,False,000063,中兴通讯
2023-03-06,565.77,586.83,559.85,570.3,145369182.0,4777516148.0,0.024100117625898417,False,000063,中兴通讯
2023-03-07,558.81,569.6,537.92,542.27,110416125.0,3496354049.0,-0.05039850577929819,False,000063,中兴通讯
2023-03-08,539.48,552.71,537.57,546.62,74171687.0,2319330088.0,0.00798983026940914,False,000063,中兴通讯
2023-03-09,546.62,576.74,532.35,567.34,117883806.0,3764039841.0,0.03720490862488078,False,000063,中兴通讯
2023-03-10,562.46,577.43,559.68,562.11,91585669.0,2992528661.0,-0.009261210998953983,False,000063,中兴通讯
2023-03-13,551.5,595.02,548.54,592.06,152926697.0,5149687285.0,0.05191042082112484,False,000063,中兴通讯
2023-03-14,586.49,595.36,578.3,587.18,115527820.0,3909763453.0,-0.008276564324907197,False,000063,中兴通讯
2023-03-15,587.88,593.1,565.77,574.65,69750333.0,2308758831.0,-0.021570256959980952,False,000063,中兴通讯
2023-03-16,570.64,576.22,559.68,564.38,50272385.0,1635784858.0,-0.01803337632506515,False,000063,中兴通讯
2023-03-17,571.86,611.03,569.25,603.72,167116835.0,5721648629.0,0.06738273080152493,False,000063,中兴通讯
2023-03-20,604.07,626.18,582.83,586.66,141611740.0,4915230100.0,-0.02866507862807005,False,000063,中兴通讯
2023-03-21,591.88,595.36,578.3,590.14,65651914.0,2208243051.0,0.005914361223824074,False,000063,中兴通讯
2023-03-22,592.06,624.09,581.09,621.83,131913297.0,4627039570.0,0.05230694659858856,False,000063,中兴通讯
2023-03-23,617.82,644.28,613.82,637.14,158535253.0,5766989511.0,0.024322668158239042,False,000063,中兴通讯
2023-03-24,631.92,637.14,600.76,616.08,141632779.0,5016370108.0,-0.03361258641281447,False,000063,中兴通讯
2023-03-27,614.34,615.21,587.01,596.93,128374462.0,4425550804.0,-0.03157697164437835,False,000063,中兴通讯
2023-03-28,593.62,612.77,590.66,605.81,87035723.0,3016597807.0,0.01476655196833189,False,000063,中兴通讯
2023-03-29,607.2,609.29,586.66,603.89,78221836.0,2685933703.0,-0.00317434341114766,False,000063,中兴通讯
2023-03-30,600.59,600.59,543.49,550.1,203080403.0,6512362659.0,-0.09329198226238822,False,000063,中兴通讯
2023-03-31,559.16,571.52,549.23,566.82,101158844.0,3260874841.0,0.029941713127685586,False,000063,中兴通讯
2023-04-03,565.25,569.77,521.03,561.94,258719346.0,8043575962.0,-0.008646710380664778,False,000063,中兴通讯
2023-04-04,548.88,577.09,546.62,566.12,148665433.0,4804913183.0,0.007410987237204897,False,000063,中兴通讯
2023-04-06,557.07,603.72,551.84,585.62,144408305.0,4796316155.0,0.03386504520372753,False,000063,中兴通讯
2023-04-07,616.78,644.11,616.43,644.11,277566040.0,10192319651.0,0.09519840390247195,False,000063,中兴通讯
2023-04-10,644.11,651.59,613.82,619.74,188685048.0,6875745265.0,-0.03856948372524047,False,000063,中兴通讯
2023-04-11,617.65,618.87,597.11,610.16,109715237.0,3834400770.0,-0.015578817390613993,False,000063,中兴通讯
2023-04-12,603.55,662.91,601.28,643.24,195339156.0,7177491593.0,0.05279668712984078,False,000063,中兴通讯
2023-04-13,634.71,635.06,598.15,601.81,150996405.0,5303404169.0,-0.06657612411171893,False,000063,中兴通讯
2023-04-14,597.45,606.85,588.05,598.85,83141651.0,2852891684.0,-0.004930631480589155,False,000063,中兴通讯
2023-04-17,591.88,595.89,580.22,586.31,95231199.0,3206281605.0,-0.021162489454183264,False,000063,中兴通讯
2023-04-18,587.88,610.68,587.18,606.16,99244801.0,3422861663.0,0.033295317683785464,False,000063,中兴通讯
2023-04-19,600.59,635.4,598.32,615.38,124724920.0,4437698847.0,0.015095985549193301,False,000063,中兴通讯
2023-04-20,622.17,652.12,622.17,649.33,173202159.0,6395291053.0,0.053701098878657545,False,000063,中兴通讯
2023-04-21,661.52,670.74,621.48,636.62,165381884.0,6150226859.0,-0.019768130794183204,False,000063,中兴通讯
2023-04-24,654.55,676.84,648.46,662.04,187618479.0,7144729909.0,0.03915304581555432,False,000063,中兴通讯
2023-04-25,652.64,662.39,634.53,642.19,139228498.0,5180713124.0,-0.030441767011223968,False,000063,中兴通讯
2023-04-26,637.14,642.02,604.77,613.82,123910519.0,4421051297.0,-0.04518248450277195,False,000063,中兴通讯
2023-04-27,606.68,613.3,585.27,603.55,87414389.0,3021443195.0,-0.016872838411207618,False,000063,中兴通讯
2023-04-28,598.32,634.53,598.15,620.08,99578962.0,3559199817.0,0.027019614826120017,False,000063,中兴通讯
2023-05-04,618.0,618.0,579.7,585.44,126268113.0,4260059949.0,-0.05748480070235929,False,000063,中兴通讯
2023-05-05,585.62,588.58,570.99,582.31,67809357.0,2256910443.0,-0.005360749296902816,False,000063,中兴通讯
2023-05-08,583.18,602.33,576.56,600.59,82749693.0,2827931782.0,0.030909553419972972,False,000063,中兴通讯
2023-05-09,596.24,606.85,575.0,577.26,80616460.0,2727809579.0,-0.03961973379273866,False,000063,中兴通讯
2023-05-10,576.22,584.4,551.5,559.16,88948879.0,2871138947.0,-0.031857113998300546,False,000063,中兴通讯
2023-05-11,559.85,564.03,548.36,551.5,47934362.0,1525017642.0,-0.013793818909370498,False,000063,中兴通讯
2023-05-12,548.36,555.85,536.18,540.53,62742466.0,1958391607.0,-0.020091698991781086,False,000063,中兴通讯
2023-05-15,535.13,547.32,521.03,545.93,88880284.0,2722970041.0,0.009940622695943892,False,000063,中兴通讯
2023-05-16,551.21,559.68,545.75,548.57,63647741.0,1993033062.0,0.00482412995868186,False,000063,中兴通讯
2023-05-17,543.63,557.56,537.99,551.39,51987149.0,1621763338.0,0.0051274704141445245,False,000063,中兴通讯
2023-05-18,552.8,579.25,552.27,572.37,82945652.0,2680411138.0,0.03734327263678288,False,000063,中兴通讯
2023-05-19,566.03,584.19,565.32,575.55,59629393.0,1950961530.0,0.005540469953741939,False,000063,中兴通讯
2023-05-22,574.49,579.6,560.03,567.08,41780047.0,1345038622.0,-0.014825718111640122,False,000063,中兴通讯
2023-05-23,566.56,566.56,549.28,550.33,57071281.0,1798185547.0,-0.029982288950946512,False,000063,中兴通讯
2023-05-24,549.98,563.91,540.64,552.8,47025383.0,1473178820.0,0.00447817415497587,False,000063,中兴通讯
2023-05-25,578.37,599.53,555.45,566.91,105016081.0,3414605850.0,0.025204288516597013,False,000063,中兴通讯
2023-05-26,569.02,596.18,569.02,593.36,108012919.0,3598725183.0,0.04560073645824574,False,000063,中兴通讯
2023-05-29,603.06,621.22,600.59,606.94,100764606.0,3481232745.0,0.02262864195805062,False,000063,中兴通讯
2023-05-30,603.06,620.34,597.06,616.81,84500835.0,2933303771.0,0.016131095442106936,False,000063,中兴通讯
2023-05-31,613.46,625.27,610.11,620.34,59980714.0,2107049691.0,0.005706679998196463,False,000063,中兴通讯
2023-06-01,617.16,643.61,615.4,633.21,82854186.0,2978394189.0,0.02053440585397934,False,000063,中兴通讯
2023-06-02,641.85,645.38,627.74,635.33,68446177.0,2464215327.0,0.003342428261921502,False,000063,中兴通讯
2023-06-05,635.33,642.2,631.27,635.68,45829639.0,1653484803.0,0.0005507431237310827,False,000063,中兴通讯
2023-06-06,634.97,638.85,620.16,622.63,57911819.0,2068762257.0,-0.020742850189125035,False,000063,中兴通讯
2023-06-07,628.8,634.09,617.69,628.8,44055641.0,1567533649.0,0.009860799237833099,False,000063,中兴通讯
2023-06-08,621.75,626.69,613.11,624.04,48024014.0,1688889220.0,-0.00759877223594806,False,000063,中兴通讯
2023-06-09,627.57,644.67,619.81,641.85,73908346.0,2659220750.0,0.028140162651887065,False,000063,中兴通讯
2023-06-12,642.03,657.54,631.27,634.27,78715874.0,2866438112.0,-0.011879900241653009,False,000063,中兴通讯
2023-06-13,631.27,651.37,621.92,648.55,73984680.0,2679103227.0,0.022264370497399506,False,000063,中兴通讯
2023-06-14,645.38,654.19,634.97,649.43,64753015.0,2371657402.0,0.0013559533041053425,False,000063,中兴通讯
2023-06-15,653.14,684.17,652.25,664.77,129412477.0,4927760919.0,0.02334606107843594,False,000063,中兴通讯
2023-06-16,656.49,692.63,656.49,687.7,110627681.0,4271501564.0,0.033911580156567325,False,000063,中兴通讯
2023-06-19,687.7,705.33,665.3,699.69,129824949.0,5064732724.0,0.017284683484571593,False,000063,中兴通讯
2023-06-20,705.33,769.69,703.57,769.69,238114700.0,10053814931.0,0.09535045657067756,False,000063,中兴通讯
2023-06-21,767.22,768.81,741.65,755.06,155346847.0,6668797383.0,-0.019190620090928496,False,000063,中兴通讯
2023-06-26,740.6,761.4,725.96,737.95,125646881.0,5276627242.0,-0.02292114466232617,False,000063,中兴通讯
2023-06-27,724.9,801.25,724.73,782.74,164361200.0,7130373708.0,0.0589245130260276,False,000063,中兴通讯
2023-06-28,770.75,775.16,731.78,751.18,152296428.0,6473212476.0,-0.041155281182343934,False,000063,中兴通讯
2023-06-29,750.29,810.78,747.3,796.67,149258741.0,6661032179.0,0.05879523687764292,False,000063,中兴通讯
2023-06-30,796.67,817.3,785.21,803.02,109645422.0,4982749285.0,0.007939079887734742,False,000063,中兴通讯
2023-07-03,812.89,824.35,781.15,797.9,115606458.0,5255838526.0,-0.0063963439226112796,False,000063,中兴通讯
2023-07-04,784.68,797.73,782.03,786.44,72684570.0,3249776109.0,-0.01446684407494513,False,000063,中兴通讯
2023-07-05,785.91,799.67,768.81,769.51,80461572.0,3559577287.0,-0.021762483593204464,False,000063,中兴通讯
2023-07-06,759.99,784.68,757.35,763.17,91217316.0,3978941028.0,-0.008273137460696205,False,000063,中兴通讯
2023-07-07,763.17,767.05,740.24,758.05,68119634.0,2916126790.0,-0.006731464657798861,False,000063,中兴通讯
2023-07-10,767.05,768.81,739.54,747.65,51922726.0,2204032168.0,-0.013814392497737943,False,000063,中兴通讯
2023-07-11,748.0,781.15,740.6,763.7,75016431.0,3254505240.0,0.021240087864485814,False,000063,中兴通讯
2023-07-12,762.11,766.52,723.67,731.78,84962895.0,3569747463.0,-0.04269511955424943,False,000063,中兴通讯
2023-07-13,741.3,756.11,722.96,749.06,73002100.0,3061649627.0,0.023339164777829994,False,000063,中兴通讯
2023-07-14,768.46,793.5,756.47,776.04,106946600.0,4693645401.0,0.03538497812858267,False,000063,中兴通讯
2023-07-17,774.1,798.61,765.28,778.86,66633924.0,2957865449.0,0.003627246886456536,False,000063,中兴通讯
2023-07-18,780.98,789.09,754.7,755.58,59894918.0,2606125289.0,-0.030345645887148005,False,000063,中兴通讯
2023-07-19,754.0,758.76,742.36,743.95,48320128.0,2050084483.0,-0.015511837972103659,False,000063,中兴通讯
2023-07-20,749.41,750.47,706.21,708.68,103442881.0,4233378478.0,-0.048569743541469916,False,000063,中兴通讯
2023-07-21,722.61,722.61,698.45,708.5,52132992.0,2090872150.0,-0.0002540256015013646,False,000063,中兴通讯
2023-07-24,708.68,743.06,702.16,726.14,74948578.0,3092255334.0,0.024592774568871576,False,000063,中兴通讯
2023-07-25,737.07,742.36,715.56,720.49,81599368.0,3354265432.0,-0.007811297606868046,False,000063,中兴通讯
2023-07-26,717.67,718.38,689.28,693.87,82207307.0,3257186354.0,-0.037646913017221194,False,000063,中兴通讯
2023-07-27,694.22,701.27,683.99,688.05,47707600.0,1868348478.0,-0.008423113364226801,False,000063,中兴通讯
2023-07-28,688.05,700.92,686.11,694.04,48452342.0,1908078111.0,0.00866808602218036,False,000063,中兴通讯
2023-07-31,690.52,699.16,685.93,690.34,60621441.0,2375439628.0,-0.005345365882177527,False,000063,中兴通讯
2023-08-01,688.05,713.79,676.94,702.33,83598772.0,3303883159.0,0.017219149189042965,False,000063,中兴通讯
2023-08-02,698.63,716.79,696.69,703.57,53082940.0,2130073733.0,0.0017639950516254409,False,000063,中兴通讯
2023-08-03,700.04,716.61,693.52,702.16,42310500.0,1690850313.0,-0.0020060758080997524,False,000063,中兴通讯
2023-08-04,700.74,724.02,698.45,719.79,69434824.0,2817181098.0,0.024798204516577438,False,000063,中兴通讯
2023-08-07,737.25,737.95,647.85,648.02,236894499.0,9114774408.0,-0.10503794272692367,False,000063,中兴通讯
2023-08-08,665.48,675.35,657.9,659.66,123874722.0,4672423838.0,0.01780299069567388,False,000063,中兴通讯
2023-08-09,656.13,669.01,647.14,650.49,72509631.0,2690712958.0,-0.013998625724953792,False,000063,中兴通讯
2023-08-10,648.55,653.66,637.97,643.08,55885135.0,2038350551.0,-0.011456791749476797,False,000063,中兴通讯
2023-08-11,646.79,648.9,627.74,630.39,48726760.0,1762788622.0,-0.019930457821070204,False,000063,中兴通讯
2023-08-14,625.8,649.08,622.63,645.73,58951314.0,2121565259.0,0.024042784284337915,False,000063,中兴通讯
2023-08-15,645.73,661.78,641.85,647.32,47253346.0,1739713876.0,0.0024593028906577633,False,000063,中兴通讯
2023-08-16,640.09,641.85,623.33,626.86,55925230.0,1997675602.0,-0.03211753243412304,False,000063,中兴通讯
2023-08-17,626.86,640.97,617.87,633.21,37816569.0,1354075549.0,0.01007889046607429,False,000063,中兴通讯
2023-08-18,630.92,630.92,607.64,610.29,77255061.0,2687434988.0,-0.03686786664866602,False,000063,中兴通讯
2023-08-21,613.64,625.98,608.35,610.11,49709178.0,1734695892.0,-0.0002949852528763978,False,000063,中兴通讯
2023-08-22,618.93,643.61,611.87,640.62,84479175.0,3003804317.0,0.048797188639172366,False,000063,中兴通讯
2023-08-23,631.8,631.8,611.87,612.4,57789094.0,2030899133.0,-0.04505079363473739,False,000063,中兴通讯
2023-08-24,623.51,629.68,605.88,616.28,64182805.0,2247475388.0,0.006315741930045568,False,000063,中兴通讯
2023-08-25,603.41,603.76,580.13,594.42,60873361.0,2050012687.0,-0.03611526550058034,False,000063,中兴通讯
2023-08-28,624.22,626.69,601.65,604.29,58430569.0,2025421389.0,0.016468074945448427,False,000063,中兴通讯
2023-08-29,599.53,619.1,593.01,615.58,74558219.0,2574422542.0,0.018510697649535123,False,000063,中兴通讯
2023-08-30,616.11,638.32,615.75,620.69,72274699.0,2563686185.0,0.008266849639251683,False,000063,中兴通讯
2023-08-31,616.81,631.98,614.52,625.1,51061809.0,1808332812.0,0.0070798744905375575,False,000063,中兴通讯
2023-09-01,626.16,627.74,606.58,614.69,55229331.0,1930017839.0,-0.01679356125538908,False,000063,中兴通讯
2023-09-04,622.45,625.1,610.82,621.04,53211775.0,1865350717.0,0.010277416415047253,False,000063,中兴通讯
2023-09-05,620.16,620.16,599.88,603.06,61156125.0,2100498724.0,-0.029378797832721407,False,000063,中兴通讯
2023-09-06,599.18,600.59,586.66,597.41,60689062.0,2040310384.0,-0.009413049419578956,False,000063,中兴通讯
2023-09-07,597.77,599.18,583.66,584.89,38342052.0,1281803057.0,-0.021179849481946518,False,000063,中兴通讯
2023-09-08,582.25,588.95,573.96,579.25,40269326.0,1322786711.0,-0.009689632050692358,False,000063,中兴通讯
2023-09-11,580.84,616.28,579.78,602.7,86235722.0,2927035173.0,0.03968539717651296,False,000063,中兴通讯
2023-09-12,599.53,604.82,592.83,597.77,36979946.0,1253263314.0,-0.00821349590644991,False,000063,中兴通讯
2023-09-13,594.77,594.77,577.14,581.9,43239870.0,1430577099.0,-0.02690745291992438,False,000063,中兴通讯
2023-09-14,589.3,603.59,585.6,587.89,63948244.0,2149118240.0,0.01024124390539203,False,000063,中兴通讯
2023-09-15,586.83,589.3,574.14,574.84,49925427.0,1641943044.0,-0.022448114361970077,False,000063,中兴通讯
2023-09-18,573.79,586.31,569.55,575.37,37794251.0,1238920077.0,0.0009215709088086977,False,000063,中兴通讯
2023-09-19,574.84,577.31,565.67,569.91,33907540.0,1097005732.0,-0.009534858489787449,False,000063,中兴通讯
2023-09-20,570.44,579.43,569.55,571.85,29854467.0,972531765.0,0.0033982656021583776,False,000063,中兴通讯
2023-09-21,573.61,601.12,572.2,585.6,87933796.0,2938756710.0,0.02376024341987612,False,000063,中兴通讯
2023-09-22,584.37,613.64,579.78,612.93,113645063.0,3897770420.0,0.045613774272728336,False,000063,中兴通讯
2023-09-25,609.05,610.99,593.89,595.47,65700415.0,2238022908.0,-0.02889972722723413,False,000063,中兴通讯
2023-09-26,594.59,606.94,593.36,597.41,55952472.0,1904445957.0,0.003252635152528385,False,000063,中兴通讯
2023-09-27,593.36,596.89,577.14,581.54,84136381.0,2786729657.0,-0.026923887633936355,False,000063,中兴通讯
2023-09-28,578.72,582.95,571.67,576.25,56609419.0,1850146515.0,-0.009138162900329792,False,000063,中兴通讯
2023-10-09,572.02,597.41,565.67,591.6,80701366.0,2670778812.0,0.0262891365257865,False,000063,中兴通讯
2023-10-10,591.6,595.12,579.6,580.66,42096646.0,1397407594.0,-0.01866534321447144,False,000063,中兴通讯
2023-10-11,582.07,606.23,582.07,598.12,80007662.0,2714806841.0,0.029626015093469533,False,000063,中兴通讯
2023-10-12,602.7,604.64,591.77,594.77,49302784.0,1665455614.0,-0.0056166265233589035,False,000063,中兴通讯
2023-10-13,590.71,590.71,560.91,568.85,97123050.0,3153768752.0,-0.04455799720655843,False,000063,中兴通讯
2023-10-16,568.85,568.85,552.27,559.68,58155550.0,1843890164.0,-0.016251587155488443,False,000063,中兴通讯
2023-10-17,560.74,563.91,552.63,554.92,41361090.0,1305451775.0,-0.008541232617712396,False,000063,中兴通讯
2023-10-18,546.28,546.63,529.0,535.17,75337104.0,2289000096.0,-0.03623950578123888,False,000063,中兴通讯
2023-10-19,536.05,546.1,530.76,532.7,53302269.0,1623372345.0,-0.004626039508332233,False,000063,中兴通讯
2023-10-20,531.47,532.17,511.36,512.95,75209560.0,2214158255.0,-0.03778003938923168,False,000063,中兴通讯
2023-10-23,510.48,511.36,488.97,493.38,85799685.0,2422649799.0,-0.03889870632286279,False,000063,中兴通讯
2023-10-24,493.55,495.32,450.88,461.81,187717707.0,4934073050.0,-0.06612611712907486,False,000063,中兴通讯
2023-10-25,471.69,471.69,453.0,456.7,121989637.0,3181039925.0,-0.011126830890831085,False,000063,中兴通讯
2023-10-26,450.53,453.88,439.07,452.47,118304898.0,2992105828.0,-0.009305257591346122,False,000063,中兴通讯
2023-10-27,447.88,463.75,443.48,459.52,135214287.0,3483853051.0,0.015461003820197475,False,000063,中兴通讯
2023-10-30,455.29,478.21,450.71,469.4,135514160.0,3572506454.0,0.021272816997118395,False,000063,中兴通讯
2023-10-31,469.57,469.57,458.46,461.11,80365465.0,2107500358.0,-0.017818657169855836,False,000063,中兴通讯
2023-11-01,462.52,466.75,455.47,458.99,56425680.0,1474052545.0,-0.004608202916225803,False,000063,中兴通讯
2023-11-02,461.11,463.4,452.29,453.35,60378519.0,1565196282.0,-0.012363969238776211,False,000063,中兴通讯
2023-11-03,453.53,465.16,453.53,463.75,86843253.0,2270769809.0,0.022681159829579783,False,000063,中兴通讯
2023-11-06,468.16,479.62,463.4,477.16,118666580.0,3181240567.0,0.02850625049210017,False,000063,中兴通讯
2023-11-07,474.33,484.03,467.81,479.8,110485124.0,2979071136.0,0.005517485991849064,False,000063,中兴通讯
2023-11-08,479.62,486.15,471.87,480.86,103230889.0,2799354143.0,0.0022068170428391743,False,000063,中兴通讯
2023-11-09,478.21,490.03,476.98,488.26,120505629.0,3310745319.0,0.01527188340941955,False,000063,中兴通讯
2023-11-10,483.15,486.15,477.16,479.8,84821322.0,2314245813.0,-0.017478700452258775,False,000063,中兴通讯
2023-11-13,482.27,496.55,482.27,492.32,127319654.0,3540104158.0,0.025759561168137445,False,000063,中兴通讯
2023-11-14,491.79,494.44,485.8,489.85,86965188.0,2412805932.0,-0.005029689783080351,False,000063,中兴通讯
2023-11-15,495.85,496.73,488.44,489.67,81826000.0,2279916661.0,-0.0003675269561134452,False,000063,中兴通讯
2023-11-16,487.38,492.14,483.68,483.68,69484325.0,1920478576.0,-0.012308163803389859,False,000063,中兴通讯
2023-11-17,480.51,491.09,479.1,485.97,72854264.0,2000829980.0,0.004723362569008452,False,000063,中兴通讯
2023-11-20,484.56,491.44,477.16,485.27,92052484.0,2524484565.0,-0.0014414565322779938,False,000063,中兴通讯
2023-11-21,489.67,492.85,479.27,480.33,81336644.0,2242604660.0,-0.010232069385805414,False,000063,中兴通讯
2023-11-22,479.8,480.33,468.52,468.52,82841573.0,2227314401.0,-0.024894577480398975,False,000063,中兴通讯
2023-11-23,470.28,473.1,465.16,473.1,61211693.0,1629190783.0,0.00972799243542855,False,000063,中兴通讯
2023-11-24,472.92,473.45,461.29,462.87,60801232.0,1604611604.0,-0.02186054551405823,False,000063,中兴通讯
2023-11-27,459.52,464.81,455.82,460.4,50147109.0,1307716644.0,-0.0053505602753167,False,000063,中兴通讯
2023-11-28,460.05,461.81,454.76,458.11,45525207.0,1181186585.0,-0.004986346898372825,False,000063,中兴通讯
2023-11-29,458.11,461.11,453.35,454.58,46295489.0,1199451362.0,-0.007735414219341445,False,000063,中兴通讯
2023-11-30,452.12,455.64,448.41,451.94,43547858.0,1115456306.0,-0.005824488071793743,False,000063,中兴通讯
2023-12-01,451.23,463.4,450.0,460.93,77140147.0,1997135200.0,0.019696759991202063,False,000063,中兴通讯
2023-12-04,461.11,463.75,451.59,454.58,69032604.0,1793891043.0,-0.01387227191940836,False,000063,中兴通讯
2023-12-05,452.29,452.29,441.36,442.24,70361451.0,1782741940.0,-0.027521194590762736,False,000063,中兴通讯
2023-12-06,440.83,448.24,439.42,444.53,47978811.0,1206727138.0,0.005164823100810252,False,000063,中兴通讯
2023-12-07,443.3,447.36,439.42,443.83,52048417.0,1308733224.0,-0.0015759380090853074,False,000063,中兴通讯
2023-12-08,442.59,466.93,441.54,460.23,129280737.0,3351592765.0,0.036284758293816444,False,000063,中兴通讯
2023-12-11,456.7,469.4,449.82,468.52,96061603.0,2507913556.0,0.0178524256768821,False,000063,中兴通讯
2023-12-12,466.4,472.22,461.99,466.4,65630255.0,1737617777.0,-0.004535155165391262,False,000063,中兴通讯
2023-12-13,466.4,467.63,456.35,456.35,56354926.0,1475553061.0,-0.021783576073396222,False,000063,中兴通讯
2023-12-14,459.17,480.86,459.17,464.64,128124810.0,3427085971.0,0.018002853233490223,False,000063,中兴通讯
2023-12-15,466.58,480.33,460.58,470.45,142809145.0,3825279752.0,0.012426771256398125,False,000063,中兴通讯
2023-12-18,466.4,467.99,454.06,457.94,78495734.0,2052296361.0,-0.02695151228722349,False,000063,中兴通讯
2023-12-19,455.47,462.7,452.47,457.41,59791892.0,1549182511.0,-0.0011580271136257384,False,000063,中兴通讯
2023-12-20,457.41,458.64,443.48,443.65,72127672.0,1832348787.0,-0.030544180770578733,False,000063,中兴通讯
2023-12-21,439.6,453.88,435.54,450.88,73845937.0,1861487716.0,0.016165265428968636,False,000063,中兴通讯
2023-12-22,450.88,457.58,441.01,443.83,69032453.0,1758704958.0,-0.01575962247934,False,000063,中兴通讯
2023-12-25,442.59,452.47,442.59,446.47,44630398.0,1133568371.0,0.005930602578559767,False,000063,中兴通讯
2023-12-26,445.59,446.47,429.9,434.48,70943156.0,1753394263.0,-0.027222295082945092,False,000063,中兴通讯
2023-12-27,434.31,438.19,431.66,434.48,52359613.0,1290309104.0,0.0,False,000063,中兴通讯
2023-12-28,432.72,465.69,431.31,463.75,167972268.0,4333261289.0,0.06519570019505497,False,000063,中兴通讯
2023-12-29,462.87,467.81,460.23,466.93,80246966.0,2116275731.0,0.006833739578565117,False,000063,中兴通讯
2024-01-02,467.28,467.46,451.06,451.41,112461318.0,2905735778.0,-0.03380333606131357,False,000063,中兴通讯
2024-01-03,449.65,454.41,441.89,446.65,73969611.0,1880494907.0,-0.010600727291048415,False,000063,中兴通讯
2024-01-04,448.24,448.24,436.6,439.77,77460377.0,1934000255.0,-0.015523427177798678,False,000063,中兴通讯
2024-01-05,441.18,446.65,429.9,432.9,96123917.0,2385200566.0,-0.01574510852211452,False,000063,中兴通讯
2024-01-08,431.66,432.01,412.44,412.62,116035899.0,2748155040.0,-0.04797968188813509,False,000063,中兴通讯
2024-01-09,415.09,425.84,412.97,419.14,87315488.0,2076434773.0,0.01567792043199708,False,000063,中兴通讯
2024-01-10,416.32,427.43,409.97,419.67,78266839.0,1865512801.0,0.0012636951646521827,False,000063,中兴通讯
2024-01-11,418.97,428.31,417.2,425.49,90795107.0,2186442645.0,0.013772757818176903,False,000063,中兴通讯
2024-01-12,422.67,423.37,415.09,415.44,71809378.0,1705826673.0,-0.023903246438562415,False,000063,中兴通讯
2024-01-15,411.03,421.96,409.97,416.67,49882974.0,1178160059.0,0.002956342060173887,False,000063,中兴通讯
2024-01-16,414.03,424.96,411.03,424.43,72818107.0,1725274653.0,0.018452550675469852,False,000063,中兴通讯
2024-01-17,421.79,424.96,412.09,412.09,62768590.0,1488578635.0,-0.02950532017622397,False,000063,中兴通讯
2024-01-18,409.09,424.08,407.33,424.08,109711518.0,2585206215.0,0.028680344584067378,False,000063,中兴通讯
2024-01-19,423.02,428.49,418.26,419.67,76625582.0,1839677859.0,-0.010453428523101748,False,000063,中兴通讯
2024-01-22,420.55,421.96,399.75,403.27,87564072.0,2046846317.0,-0.039862375356843956,False,000063,中兴通讯
2024-01-23,402.04,423.73,400.45,421.26,115860500.0,2735022851.0,0.043643907457607475,False,000063,中兴通讯
2024-01-24,423.9,424.78,407.5,423.55,103062042.0,2436285281.0,0.005421350620347505,False,000063,中兴通讯
2024-01-25,420.55,438.89,418.08,435.89,143659297.0,3509606262.0,0.028718347062113972,False,000063,中兴通讯
2024-01-26,432.37,434.84,425.14,427.08,95365627.0,2326456768.0,-0.02041856862957233,False,000063,中兴通讯
2024-01-29,430.25,431.31,415.44,416.67,78984441.0,1882641549.0,-0.024676807713864223,False,000063,中兴通讯
2024-01-30,412.97,418.79,402.04,402.92,77523236.0,1802882921.0,-0.03355651052175697,False,000063,中兴通讯
2024-01-31,401.16,403.1,386.87,387.23,89528627.0,1996097252.0,-0.03971919933458438,False,000063,中兴通讯
2024-02-01,382.29,401.69,380.0,392.69,77835415.0,1734917876.0,0.014001664788489143,False,000063,中兴通讯
2024-02-02,393.57,398.86,370.83,382.64,84385843.0,1842371239.0,-0.025925897156343705,False,000063,中兴通讯
2024-02-05,377.88,393.75,368.36,385.46,100624811.0,2185257635.0,0.0073428268988639175,False,000063,中兴通讯
2024-02-06,380.53,407.15,380.17,406.98,112266451.0,2529259750.0,0.05432661791513776,False,000063,中兴通讯
2024-02-07,406.8,411.56,402.21,408.21,98380590.0,2267801101.0,0.0030177036848334,False,000063,中兴通讯
2024-02-08,412.27,425.84,410.85,423.2,108345776.0,2580703642.0,0.036063132673212844,False,000063,中兴通讯
2024-02-19,433.78,436.78,424.26,435.54,120590576.0,2944412877.0,0.028741759980714765,False,000063,中兴通讯
2024-02-20,431.84,433.07,424.96,428.31,80037442.0,1945535622.0,-0.016739408055565886,False,000063,中兴通讯
2024-02-21,423.9,440.3,423.37,430.96,111394250.0,2736893699.0,0.006168045903039772,False,000063,中兴通讯
2024-02-22,440.65,456.7,438.01,446.47,139407740.0,3525555188.0,0.035356930437256684,False,000063,中兴通讯
2024-02-23,451.41,453.88,445.24,450.0,103278624.0,2628971676.0,0.007875373954830359,False,000063,中兴通讯
2024-02-26,452.47,460.76,448.24,451.41,115998496.0,2993132812.0,0.0031284346745310563,False,000063,中兴通讯
2024-02-27,449.65,496.55,447.53,496.55,289459669.0,7888985736.0,0.09530816591047123,False,000063,中兴通讯
2024-02-28,509.25,517.71,482.8,482.8,358209477.0,10215545692.0,-0.028081694125991104,False,000063,中兴通讯
2024-02-29,479.27,528.64,478.92,526.53,345344884.0,10002562488.0,0.0867058207843319,False,000063,中兴通讯
2024-03-01,526.35,545.4,519.83,538.52,320903340.0,9702847501.0,0.022516326103325594,False,000063,中兴通讯
2024-03-04,546.45,550.16,522.65,533.76,250868808.0,7590688175.0,-0.008878336380706788,False,000063,中兴通讯
2024-03-05,524.06,528.82,509.95,513.13,273285115.0,8038012594.0,-0.039417075356736456,False,000063,中兴通讯
2024-03-06,511.01,537.64,509.95,521.41,222685876.0,6640398892.0,0.016007456074996398,False,000063,中兴通讯
2024-03-07,520.0,525.82,502.9,505.02,183709842.0,5339672553.0,-0.03193864799704758,False,000063,中兴通讯
2024-03-08,509.6,533.41,505.19,532.17,237691181.0,7018424258.0,0.05236495471741821,False,000063,中兴通讯
2024-03-11,520.53,530.23,519.83,529.0,187760801.0,5585970498.0,-0.005974555310658497,False,000063,中兴通讯
2024-03-12,525.47,527.76,513.3,515.24,163883428.0,4819534155.0,-0.026355620330412236,False,000063,中兴通讯
2024-03-13,521.77,524.59,513.13,514.19,140223371.0,4124845542.0,-0.0020399645709320347,False,000063,中兴通讯
2024-03-14,506.96,515.6,499.02,507.84,139111577.0,4000476337.0,-0.012426409618910889,False,000063,中兴通讯
2024-03-15,505.19,513.13,497.61,511.36,123182534.0,3531568122.0,0.006907405799810896,False,000063,中兴通讯
2024-03-18,511.36,524.24,508.72,520.89,152776767.0,4485441013.0,0.01846504388630098,False,000063,中兴通讯
2024-03-19,516.12,521.24,512.42,512.42,105883083.0,3098701635.0,-0.016394285757060797,False,000063,中兴通讯
2024-03-20,510.31,517.54,506.96,514.54,102936111.0,2990277708.0,0.004128696368860978,False,000063,中兴通讯
2024-03-21,514.36,517.89,505.54,505.9,101663352.0,2946707765.0,-0.016934276338065987,False,000063,中兴通讯
2024-03-22,502.9,506.43,486.85,491.61,163763599.0,4588184185.0,-0.028653302071647912,False,000063,中兴通讯
2024-03-25,491.61,500.43,483.68,485.27,93137809.0,2604817731.0,-0.01298028215836414,False,000063,中兴通讯
2024-03-26,484.03,488.79,472.22,476.98,106538061.0,2899256655.0,-0.017230875779744474,False,000063,中兴通讯
2024-03-27,479.27,480.15,461.11,461.11,100692429.0,2670692703.0,-0.033837935041066615,False,000063,中兴通讯
2024-03-28,461.29,491.61,461.29,484.03,148553139.0,4026084347.0,0.048510262019742935,False,000063,中兴通讯
2024-03-29,483.15,494.61,475.04,493.55,126814271.0,3489819240.0,0.019477282597087017,False,000063,中兴通讯
2024-04-01,496.02,498.49,491.61,496.55,102177746.0,2867827697.0,0.0060600124854705735,False,000063,中兴通讯
2024-04-02,494.44,495.67,485.8,489.15,76024853.0,2113349558.0,-0.015014992445929796,False,000063,中兴通讯
2024-04-03,485.97,487.74,479.1,479.98,68108574.0,1862805932.0,-0.018924754536247423,False,000063,中兴通讯
2024-04-08,475.74,481.92,472.92,473.28,58091244.0,1571204783.0,-0.014057256844755365,False,000063,中兴通讯
2024-04-09,473.28,477.16,468.87,476.45,53800775.0,1445477939.0,0.006675606271762351,False,000063,中兴通讯
2024-04-10,475.22,475.22,463.58,467.1,58484773.0,1551654894.0,-0.01981941828613486,False,000063,中兴通讯
2024-04-11,464.46,479.45,463.93,471.87,71788742.0,1926568192.0,0.010160156412598355,False,000063,中兴通讯
2024-04-12,473.28,481.21,473.28,475.39,85380081.0,2312089165.0,0.007431995866231908,False,000063,中兴通讯
2024-04-15,475.74,500.78,475.57,497.08,152468173.0,4246781936.0,0.04461545915090116,False,000063,中兴通讯
2024-04-16,493.73,497.08,484.91,486.5,102271435.0,2851257276.0,-0.02151407731173407,False,000063,中兴通讯
2024-04-17,490.2,511.19,487.38,511.19,150311301.0,4294027315.0,0.04950443943059401,False,000063,中兴通讯
2024-04-18,506.25,514.01,503.43,505.37,107831784.0,3107857848.0,-0.011450506787995378,False,000063,中兴通讯
2024-04-19,503.78,509.6,489.32,494.26,105088034.0,2964607630.0,-0.022229139746838603,False,000063,中兴通讯
2024-04-22,482.97,489.85,476.98,484.56,74451894.0,2045097709.0,-0.019820431849128056,False,000063,中兴通讯
2024-04-23,488.26,491.79,479.62,484.91,60331096.0,1661945356.0,0.000722044034794207,False,000063,中兴通讯
2024-04-24,487.21,498.67,482.97,497.96,93875140.0,2625285463.0,0.026556445806099182,False,000063,中兴通讯
2024-04-25,493.2,496.73,488.09,490.2,67798272.0,1891703418.0,-0.015706281419572993,False,000063,中兴通讯
2024-04-26,499.9,510.66,498.14,506.78,148981889.0,4267967094.0,0.03326351327514346,False,000063,中兴通讯
2024-04-29,508.01,516.3,503.43,509.25,135467026.0,3914553087.0,0.004862070737759463,False,000063,中兴通讯
2024-04-30,510.83,513.13,503.43,505.54,85395338.0,2460126044.0,-0.0073118902022901566,False,000063,中兴通讯
2024-05-06,511.36,516.3,505.54,506.78,117710751.0,3408429244.0,0.002449819464530561,False,000063,中兴通讯
2024-05-07,506.6,510.83,498.49,500.96,90780660.0,2591115248.0,-0.01155072679106014,False,000063,中兴通讯
2024-05-08,497.26,497.96,486.32,487.21,89707499.0,2497664641.0,-0.027831015941492596,False,000063,中兴通讯
2024-05-09,485.62,498.32,485.27,494.96,65836054.0,1839554902.0,0.015781709586130246,False,000063,中兴通讯
2024-05-10,495.49,499.02,486.68,493.55,70704328.0,1972334859.0,-0.0028527803588363405,False,000063,中兴通讯
2024-05-13,489.85,510.66,486.85,504.13,113432714.0,3230475096.0,0.021210000455506327,False,000063,中兴通讯
2024-05-14,504.31,507.48,497.26,505.9,80080910.0,2286034186.0,0.0035048499784872175,False,000063,中兴通讯
2024-05-15,503.96,505.37,496.38,496.9,58102065.0,1649667042.0,-0.017950222689615547,False,000063,中兴通讯
2024-05-16,501.14,509.25,500.43,503.08,104019922.0,2980774478.0,0.012360404570679913,False,000063,中兴通讯
2024-05-17,503.08,503.08,492.32,499.9,81893839.0,2306484429.0,-0.006341124759430136,False,000063,中兴通讯
2024-05-20,490.2,496.2,483.15,490.73,111337609.0,3092217558.0,-0.01851400004145761,False,000063,中兴通讯
2024-05-21,489.32,491.79,480.51,483.33,86312331.0,2371162819.0,-0.015194428207062126,False,000063,中兴通讯
2024-05-22,481.56,488.09,479.62,484.56,54309821.0,1494014862.0,0.002541612501686839,False,000063,中兴通讯
2024-05-23,484.91,485.8,474.86,476.1,65736144.0,1780503813.0,-0.017613346472218603,False,000063,中兴通讯
2024-05-24,474.51,480.86,472.22,472.57,46294546.0,1248856057.0,-0.007442032091380701,False,000063,中兴通讯
2024-05-27,474.33,480.86,469.75,480.68,52767764.0,1423828138.0,0.017015883934006673,False,000063,中兴通讯
2024-05-28,479.45,484.56,475.22,475.74,44785850.0,1215119873.0,-0.01033028153073645,False,000063,中兴通讯
2024-05-29,475.74,479.45,471.34,472.75,37502541.0,1010130407.0,-0.006304778973795654,False,000063,中兴通讯
2024-05-30,471.87,476.98,467.46,473.45,41573878.0,1113854219.0,0.001479602890942193,False,000063,中兴通讯
2024-05-31,473.98,481.92,473.1,475.39,49763836.0,1348898783.0,0.004089209357383546,False,000063,中兴通讯
2024-06-03,473.81,484.56,472.75,480.15,60288705.0,1638276675.0,0.00996303529708894,False,000063,中兴通讯
2024-06-04,477.86,481.92,475.22,480.68,42192050.0,1144583686.0,0.001103212959117267,False,000063,中兴通讯
2024-06-05,480.68,484.91,478.57,478.92,49576304.0,1354755221.0,-0.0036681991944561196,False,000063,中兴通讯
2024-06-06,481.39,486.32,476.63,480.33,69035579.0,1886852049.0,0.002939798833429943,False,000063,中兴通讯
2024-06-07,480.51,481.56,469.04,472.39,68027226.0,1828564080.0,-0.01666845208419155,False,000063,中兴通讯
2024-06-11,470.1,475.92,467.63,474.86,38279820.0,1027216240.0,0.005215108151215161,False,000063,中兴通讯
2024-06-12,473.63,487.56,473.1,485.27,87587160.0,2403781249.0,0.02168541331878189,False,000063,中兴通讯
2024-06-13,485.8,493.73,483.86,488.44,73802045.0,2046682174.0,0.006511201896942875,False,000063,中兴通讯
2024-06-14,485.97,494.79,485.09,490.56,79428600.0,2211502896.0,0.004330956718628172,False,000063,中兴通讯
2024-06-17,488.97,492.85,488.26,489.32,58959563.0,1639066876.0,-0.002530923504733648,False,000063,中兴通讯
2024-06-18,488.79,502.02,488.44,499.37,95548466.0,2699948009.0,0.02033063177605347,False,000063,中兴通讯
2024-06-19,499.37,501.67,495.67,497.79,65655679.0,1857414939.0,-0.0031690026119628903,False,000063,中兴通讯
2024-06-20,496.55,499.2,484.03,484.39,79433802.0,2203923903.0,-0.027287933972749825,False,000063,中兴通讯
2024-06-21,481.92,494.96,480.86,493.03,67651793.0,1877631992.0,0.01767965674820817,False,000063,中兴通讯
2024-06-24,490.2,494.96,475.74,476.1,76508079.0,2104053999.0,-0.034942107917791156,False,000063,中兴通讯
2024-06-25,476.1,478.21,463.58,466.58,70950119.0,1893748283.0,-0.020198420797980527,False,000063,中兴通讯
2024-06-26,467.28,485.62,465.52,483.5,73206153.0,1974303737.0,0.03562181949085635,False,000063,中兴通讯
2024-06-27,481.39,482.45,472.57,473.98,51393949.0,1393749627.0,-0.019886188181295273,False,000063,中兴通讯
2024-06-28,473.98,498.14,473.81,493.2,129760469.0,3621765892.0,0.039749644578135485,False,000063,中兴通讯
2024-07-01,493.2,498.14,490.91,496.2,69433289.0,1949631171.0,0.006064299967511446,False,000063,中兴通讯
2024-07-02,495.49,497.43,486.68,488.97,60124353.0,1678013589.0,-0.014677933358049506,False,000063,中兴通讯
2024-07-03,488.97,492.85,483.33,488.79,49921638.0,1382471032.0,-0.00036818851667782366,False,000063,中兴通讯
2024-07-04,491.09,495.14,484.39,484.74,62647533.0,1739075087.0,-0.008320284663301042,False,000063,中兴通讯
2024-07-05,483.33,487.56,477.16,484.74,59566739.0,1630100272.0,0.0,False,000063,中兴通讯
2024-07-08,483.15,486.85,477.86,479.62,50871496.0,1394300229.0,-0.01061854101794477,False,000063,中兴通讯
2024-07-09,478.92,509.42,478.04,509.07,194074782.0,5515876459.0,0.059591407951117045,False,000063,中兴通讯
2024-07-10,507.84,514.01,505.37,508.72,116991513.0,3381645849.0,-0.0006877646936920134,False,000063,中兴通讯
2024-07-11,514.54,522.12,508.19,513.48,130686794.0,3814025781.0,0.009313313257573346,False,000063,中兴通讯
2024-07-12,507.84,509.78,501.14,504.66,80872601.0,2311898226.0,-0.01732614501432486,False,000063,中兴通讯
2024-07-15,505.8,507.07,499.12,501.83,59446934.0,1653717121.0,-0.0056235182823068715,False,000063,中兴通讯
2024-07-16,500.92,515.74,500.38,513.57,94241773.0,2653140327.0,0.02312492253470265,False,000063,中兴通讯
2024-07-17,510.5,515.56,503.99,505.62,76451795.0,2155203043.0,-0.015600940442479774,False,000063,中兴通讯
2024-07-18,500.2,502.37,489.18,502.01,94120986.0,2584506422.0,-0.00716535920026962,False,000063,中兴通讯
2024-07-19,498.58,511.58,497.85,507.79,80784591.0,2268513697.0,0.01144793647218727,False,000063,中兴通讯
2024-07-22,507.97,509.59,500.56,503.45,60021579.0,1674727792.0,-0.008583573922610685,False,000063,中兴通讯
2024-07-23,505.26,505.62,489.18,489.54,64989194.0,1784077866.0,-0.02801822769285996,False,000063,中兴通讯
2024-07-24,489.0,493.52,483.94,486.47,60260621.0,1628081386.0,-0.0062909398978167955,False,000063,中兴通讯
2024-07-25,483.04,487.01,478.7,483.04,54939161.0,1467419853.0,-0.007075768812418373,False,000063,中兴通讯
2024-07-26,484.12,488.64,482.5,486.47,47004814.0,1263916576.0,0.007075768812418417,False,000063,中兴通讯
2024-07-29,487.56,488.1,481.6,481.6,39658525.0,1061166751.0,-0.010061340776335765,False,000063,中兴通讯
2024-07-30,479.43,483.76,471.66,483.4,49749298.0,1315840140.0,0.003730574274771172,False,000063,中兴通讯
2024-07-31,480.51,497.13,480.51,495.32,81429742.0,2213577775.0,0.024359550077515158,False,000063,中兴通讯
2024-08-01,495.32,497.13,490.45,490.63,56144256.0,1532582089.0,-0.009513738779351116,False,000063,中兴通讯
2024-08-02,485.39,489.0,479.97,480.69,55821851.0,1495257293.0,-0.020467707879648318,False,000063,中兴通讯
2024-08-05,478.7,481.23,466.6,466.6,72920366.0,1909230721.0,-0.029750212100568652,False,000063,中兴通讯
2024-08-06,472.38,474.55,466.96,470.58,43029242.0,1119120586.0,0.008493616865300455,False,000063,中兴通讯
2024-08-07,470.76,475.45,468.41,470.4,36628521.0,958326136.0,-0.00038257986821299685,False,000063,中兴通讯
2024-08-08,466.42,471.48,460.64,468.23,40127129.0,1034292476.0,-0.004623768398787113,False,000063,中兴通讯
2024-08-09,471.48,474.01,466.24,466.24,30775534.0,799867348.0,-0.0042591051787900305,False,000063,中兴通讯
2024-08-12,464.43,465.52,459.74,461.54,29287700.0,749312878.0,-0.01013179893040684,False,000063,中兴通讯
2024-08-13,462.63,466.78,459.92,466.78,25599538.0,656342536.0,0.011289330516642023,False,000063,中兴通讯
2024-08-14,467.69,468.77,464.61,464.61,24401391.0,630417074.0,-0.00465971059688234,False,000063,中兴通讯
2024-08-15,463.35,471.12,461.72,469.31,34303744.0,889179677.0,0.010065186908717539,False,000063,中兴通讯
2024-08-16,469.31,473.65,467.14,470.4,37949028.0,988179859.0,0.0023198656795068604,False,000063,中兴通讯
2024-08-19,470.4,476.54,466.78,472.56,42274861.0,1107628789.0,0.004581326414562738,False,000063,中兴通讯
2024-08-20,472.38,472.56,461.36,462.81,42506239.0,1093726279.0,-0.020848120307021926,False,000063,中兴通讯
2024-08-21,461.18,464.61,456.31,456.31,32999122.0,841675946.0,-0.014144199592209231,False,000063,中兴通讯
2024-08-22,455.76,456.12,429.21,434.99,102061914.0,2479321836.0,-0.047849360781051425,False,000063,中兴通讯
2024-08-23,433.54,441.49,432.64,440.41,42638485.0,1032273200.0,0.01238306890237208,False,000063,中兴通讯
2024-08-26,440.41,444.74,439.14,441.31,30161627.0,737690570.0,0.0020414651194675232,False,000063,中兴通讯
2024-08-27,438.96,439.14,430.83,431.74,31666559.0,759533919.0,-0.021924021133805694,False,000063,中兴通讯
2024-08-28,430.83,437.16,430.29,433.36,25020052.0,599788293.0,0.0037452361429123494,False,000063,中兴通讯
2024-08-29,429.93,442.4,428.67,439.32,37961315.0,919613779.0,0.01365928557050176,False,000063,中兴通讯
2024-08-30,438.78,453.96,438.06,448.54,59640405.0,1485464727.0,0.0207697867779979,False,000063,中兴通讯
2024-09-02,449.26,451.07,436.98,437.16,40214437.0,984370937.0,-0.025698602889670158,False,000063,中兴通讯
2024-09-03,435.35,443.12,435.35,440.05,23462577.0,570503806.0,0.006589096011348,False,000063,中兴通讯
2024-09-04,435.71,441.13,433.91,437.7,24164620.0,585033348.0,-0.00535461262297108,False,000063,中兴通讯
2024-09-05,437.16,443.84,437.16,441.67,25353588.0,618938628.0,0.009029252696694823,False,000063,中兴通讯
2024-09-06,442.03,442.4,434.27,435.17,24857865.0,602427916.0,-0.014826237551386212,False,000063,中兴通讯
2024-09-09,432.64,434.27,421.44,425.05,47425204.0,1120739838.0,-0.023529950278790353,False,000063,中兴通讯
2024-09-10,425.42,432.46,420.9,431.01,39966612.0,943345009.0,0.013924482627369358,False,000063,中兴通讯
2024-09-11,428.12,431.74,427.22,429.75,22323900.0,530660988.0,-0.002927647427778717,False,000063,中兴通讯
2024-09-12,431.01,435.71,428.12,428.49,24012030.0,574110481.0,-0.002936243720311834,False,000063,中兴通讯
2024-09-13,427.58,431.92,425.05,425.23,22206040.0,526412422.0,-0.007637201530817501,False,000063,中兴通讯
2024-09-18,426.14,428.31,421.8,427.22,23307994.0,548063222.0,0.004668904017699466,False,000063,中兴通讯
2024-09-19,429.57,436.8,424.69,432.28,40803412.0,975592495.0,0.011774423405436055,False,000063,中兴通讯
2024-09-20,432.64,439.51,432.64,436.43,45620093.0,1101092483.0,0.009554469432482551,False,000063,中兴通讯
2024-09-23,442.4,456.12,440.59,449.8,93792149.0,2345331323.0,0.030175043657768026,False,000063,中兴通讯
2024-09-24,451.25,459.38,444.92,459.2,92258309.0,2316808696.0,0.020682805480141373,False,000063,中兴通讯
2024-09-25,464.07,471.48,458.65,460.28,98413307.0,2537530465.0,0.002349154949901153,False,000063,中兴通讯
2024-09-26,459.56,475.09,458.11,475.09,91092698.0,2356644030.0,0.03166925981572258,False,000063,中兴通讯
2024-09-27,481.6,520.07,481.23,517.72,191391162.0,5290243992.0,0.08593029580325723,False,000063,中兴通讯
2024-09-30,534.34,566.86,524.23,562.7,286947790.0,8701519424.0,0.08331207086499583,False,000063,中兴通讯
2024-10-08,619.06,619.06,588.9,619.06,316587709.0,10762270256.0,0.09545557208102001,False,000063,中兴通讯
2024-10-09,611.84,618.52,573.36,578.96,269019865.0,8915458308.0,-0.06696880796238101,False,000063,中兴通讯
2024-10-10,592.51,597.03,563.43,571.74,171084858.0,5485898311.0,-0.012549047969720483,False,000063,中兴通讯
2024-10-11,565.59,570.47,531.45,539.04,166810005.0,5044328921.0,-0.058894562929909175,False,000063,中兴通讯
2024-10-14,541.57,552.05,532.18,549.34,117696424.0,3539351137.0,0.018927777991755004,False,000063,中兴通讯
2024-10-15,548.07,561.8,541.21,541.57,115544641.0,3531929674.0,-0.014245229018886195,False,000063,中兴通讯
2024-10-16,531.81,541.39,529.1,531.81,86121711.0,2546652669.0,-0.01818604593730901,False,000063,中兴通讯
2024-10-17,536.51,545.0,531.81,531.99,86259528.0,2572798085.0,0.00033840947869496167,False,000063,中兴通讯
2024-10-18,531.99,571.37,529.83,557.83,171164415.0,5213426617.0,0.04742956429247269,False,000063,中兴通讯
2024-10-21,562.52,583.3,558.37,572.82,164232532.0,5193693620.0,0.026517274773026827,False,000063,中兴通讯
2024-10-22,550.96,552.95,537.96,543.38,225061818.0,6782707921.0,-0.05276264022304441,False,000063,中兴通讯
2024-10-23,542.11,573.9,538.5,554.21,202578848.0,6202214277.0,0.019734785278560995,False,000063,中兴通讯
2024-10-24,561.8,586.73,559.99,569.93,266349762.0,8447367331.0,0.02796986997613917,False,000063,中兴通讯
2024-10-25,567.04,571.01,560.17,567.22,144530701.0,4523761983.0,-0.004766310742498342,False,000063,中兴通讯
2024-10-28,564.51,564.87,556.56,560.72,105450702.0,3268653141.0,-0.011525563335084974,False,000063,中兴通讯
2024-10-29,563.25,575.53,555.84,556.02,148437166.0,4623753454.0,-0.008417407365414376,False,000063,中兴通讯
2024-10-30,550.96,558.01,539.4,546.45,133921875.0,4060229121.0,-0.017361452703972467,False,000063,中兴通讯
2024-10-31,542.65,554.03,538.5,546.99,114645794.0,3471012502.0,0.0009877085965404049,False,000063,中兴通讯
2024-11-01,543.19,549.16,534.7,534.7,101329245.0,3036429933.0,-0.022724678764536998,False,000063,中兴通讯
2024-11-04,537.05,549.7,536.87,547.35,77809651.0,2347032565.0,0.023382609595880382,False,000063,中兴通讯
2024-11-05,546.81,562.88,543.92,561.44,136879055.0,4219020209.0,0.025416460284338745,False,000063,中兴通讯
2024-11-06,561.26,585.28,555.66,565.59,206571283.0,6494075415.0,0.007364522251696342,False,000063,中兴通讯
2024-11-07,558.01,575.89,556.38,575.35,146159772.0,4573964221.0,0.01710911718286617,False,000063,中兴通讯
2024-11-08,584.38,612.56,581.85,592.15,248811831.0,8240081468.0,0.028781429898036323,False,000063,中兴通讯
2024-11-11,593.59,651.4,587.45,651.4,255971423.0,8812997769.0,0.09536391167462899,False,000063,中兴通讯
2024-11-12,651.4,657.72,620.51,628.64,343530058.0,12136871228.0,-0.035565137031983454,False,000063,中兴通讯
2024-11-13,622.32,654.83,621.77,640.2,271825742.0,9634274143.0,0.018221871725613056,False,000063,中兴通讯
2024-11-14,634.96,639.12,598.47,599.92,231945494.0,7905116608.0,-0.0649843145426289,False,000063,中兴通讯
2024-11-15,599.37,617.08,594.14,595.04,181613775.0,6071856723.0,-0.008167682816374049,False,000063,中兴通讯
2024-11-18,602.26,605.34,579.32,583.3,140084364.0,4587320163.0,-0.019926996417168018,False,000063,中兴通讯
2024-11-19,586.37,589.26,566.32,587.09,133949243.0,4295289179.0,0.0064764962920415645,False,000063,中兴通讯
2024-11-20,581.85,589.98,580.23,585.28,107233935.0,3466756379.0,-0.003087764849132631,False,000063,中兴通讯
2024-11-21,582.76,590.34,578.06,583.3,86829308.0,2808178999.0,-0.0033887314429089854,False,000063,中兴通讯
2024-11-22,581.85,591.61,558.73,559.09,132339216.0,4220449151.0,-0.0423911717749809,False,000063,中兴通讯
2024-11-25,556.56,561.26,542.65,553.31,98406505.0,3001059405.0,-0.01039203886595422,False,000063,中兴通讯
2024-11-26,559.99,562.52,548.43,549.34,64708378.0,1989273313.0,-0.007200865468658981,False,000063,中兴通讯
2024-11-27,545.54,560.54,545.54,560.36,73732294.0,2259026554.0,0.019861876677915516,False,000063,中兴通讯
2024-11-28,560.54,565.41,554.57,555.3,66139865.0,2048253918.0,-0.009070926080351798,False,000063,中兴通讯
2024-11-29,553.85,569.57,552.41,562.88,79966209.0,2485998080.0,0.013557953301631993,False,000063,中兴通讯
2024-12-02,562.88,570.83,560.54,570.83,84687086.0,2654529531.0,0.014024980485969537,False,000063,中兴通讯
2024-12-03,569.93,570.29,556.38,562.52,74461519.0,2321241743.0,-0.014664753033115945,False,000063,中兴通讯
2024-12-04,561.8,566.32,552.59,556.2,67017966.0,2070109910.0,-0.011298747202182376,False,000063,中兴通讯
2024-12-05,552.77,559.09,551.87,555.84,45135269.0,1388905952.0,-0.000647458747124349,False,000063,中兴通讯
2024-12-06,557.47,567.58,556.02,565.41,74690194.0,2325147586.0,0.01707064864390586,False,000063,中兴通讯
2024-12-09,563.61,569.93,556.56,561.08,57861696.0,1803071912.0,-0.00768763384517527,False,000063,中兴通讯
2024-12-10,580.59,580.59,561.08,562.34,97473265.0,3074385154.0,0.002243151320666194,False,000063,中兴通讯
2024-12-11,562.34,565.05,557.83,562.7,55263210.0,1718481762.0,0.000639977267096525,False,000063,中兴通讯
2024-12-12,562.88,565.41,558.01,565.05,60759229.0,1891577928.0,0.004167596366926393,False,000063,中兴通讯
2024-12-13,559.63,561.08,550.96,551.87,73100145.0,2246666670.0,-0.023601711511627557,False,000063,中兴通讯
2024-12-16,552.41,566.86,552.05,566.32,110109638.0,3426348119.0,0.02584677817140178,False,000063,中兴通讯
2024-12-17,596.12,623.04,595.58,599.01,493647742.0,16727885875.0,0.056119003000982104,False,000063,中兴通讯
2024-12-18,586.91,643.45,580.05,624.3,432061996.0,14652219646.0,0.0413527296007824,False,000063,中兴通讯
2024-12-19,629.9,686.81,629.9,682.83,604031374.0,22240849857.0,0.08961490461850447,False,000063,中兴通讯
2024-12-20,664.77,685.72,657.18,675.24,399563043.0,14816285391.0,-0.011177743453014961,False,000063,中兴通讯
2024-12-23,689.15,694.93,648.69,653.03,292997985.0,10788069340.0,-0.033445113205005005,False,000063,中兴通讯
2024-12-24,662.24,675.43,646.7,664.95,243344491.0,8891881047.0,0.018088779830989464,False,000063,中兴通讯
2024-12-25,659.35,706.68,657.9,688.07,341551695.0,13016279761.0,0.0341787270846293,False,000063,中兴通讯
2024-12-26,685.54,751.84,680.3,740.46,346433237.0,13917196375.0,0.07338103774934558,False,000063,中兴通讯
2024-12-27,737.02,740.46,719.14,724.02,246093405.0,9925364050.0,-0.022452598379582835,False,000063,中兴通讯
2024-12-30,738.47,760.51,723.66,737.02,277403747.0,11489120449.0,0.017796012549631833,False,000063,中兴通讯
2024-12-31,737.21,759.61,721.67,729.8,284838390.0,11668303970.0,-0.00984450486084894,False,000063,中兴通讯
2025-01-02,729.62,739.37,678.5,685.18,329999755.0,12796803804.0,-0.06308894653646191,False,000063,中兴通讯
2025-01-03,690.96,692.23,642.19,643.99,273493496.0,9970054006.0,-0.06199837943240211,False,000063,中兴通讯
2025-01-06,645.98,657.54,622.14,628.64,215596743.0,7607105096.0,-0.024124442223333535,False,000063,中兴通讯
2025-01-07,634.06,643.99,623.4,640.02,244307135.0,8578225669.0,0.01794067005529675,False,000063,中兴通讯
2025-01-08,629.9,639.48,605.16,630.08,236241597.0,8137445865.0,-0.015652630414685627,False,000063,中兴通讯
2025-01-09,623.04,693.13,621.41,693.13,391504889.0,14480336477.0,0.09537077633389354,False,000063,中兴通讯
2025-01-10,691.86,719.5,680.84,681.21,337007238.0,12965675593.0,-0.017346943127358773,False,000063,中兴通讯
2025-01-13,675.79,718.42,675.06,704.51,275892695.0,10696780491.0,0.03363189704485797,False,000063,中兴通讯
2025-01-14,704.87,769.18,687.71,749.67,334016550.0,13451416855.0,0.06213058399979857,False,000063,中兴通讯
2025-01-15,740.64,761.23,728.9,739.19,243089622.0,9987571421.0,-0.014078117604511784,False,000063,中兴通讯
2025-01-16,740.64,752.74,703.43,721.85,290635201.0,11676382223.0,-0.023737631021616603,False,000063,中兴通讯
2025-01-17,714.44,769.54,703.79,745.51,325467720.0,13306786014.0,0.032251186855235765,False,000063,中兴通讯
2025-01-20,755.27,761.77,725.28,731.42,242727347.0,9958662285.0,-0.019080697771484377,False,000063,中兴通讯
2025-01-21,745.7,787.6,741.0,774.6,351807875.0,14839944905.0,0.05735891692107675,False,000063,中兴通讯
2025-01-22,764.48,786.34,756.53,777.67,247306347.0,10561721934.0,0.003955502590100211,False,000063,中兴通讯
2025-01-23,789.77,790.31,729.98,742.44,306570011.0,12897073627.0,-0.04636021033985418,False,000063,中兴通讯
2025-01-24,741.0,779.84,739.73,775.32,268008714.0,11379933389.0,0.04333378802717676,False,000063,中兴通讯
2025-01-27,771.35,771.35,722.21,722.21,235879849.0,9653472027.0,-0.07095989203068523,False,000063,中兴通讯
2025-02-05,749.85,776.4,747.86,768.82,267628353.0,11317095943.0,0.06254091655847882,False,000063,中兴通讯
2025-02-06,763.22,806.75,762.31,783.99,262699338.0,11461972361.0,0.019539393281152,False,000063,中兴通讯
2025-02-07,776.77,800.25,758.52,775.14,328761952.0,14132981614.0,-0.011352606966755198,False,000063,中兴通讯
2025-02-10,773.15,773.15,742.44,763.22,224708444.0,9413877110.0,-0.015497332958811103,False,000063,中兴通讯
2025-02-11,758.88,764.3,748.04,752.02,159099342.0,6642569758.0,-0.01478340590059362,False,000063,中兴通讯
2025-02-12,749.85,757.62,733.23,757.62,239505801.0,9894444734.0,0.007419021337783861,False,000063,中兴通讯
2025-02-13,749.67,749.67,714.99,718.42,278677602.0,11197823427.0,-0.053127584434517275,False,000063,中兴通讯
2025-02-14,712.1,725.82,707.22,717.88,188927125.0,7488652935.0,-0.0007519320830509091,False,000063,中兴通讯
2025-02-17,726.19,747.86,721.67,738.83,223828258.0,9124264139.0,0.028765429728330738,False,000063,中兴通讯
2025-02-18,728.35,732.51,707.22,709.75,164822890.0,6569693982.0,-0.04015505853632581,False,000063,中兴通讯
2025-02-19,706.68,736.84,703.79,729.62,178075711.0,7159377127.0,0.027611055312033145,False,000063,中兴通讯
2025-02-20,726.01,728.72,712.1,719.32,121766360.0,4845515716.0,-0.014217529368117465,False,000063,中兴通讯
2025-02-21,729.44,791.22,719.5,784.17,387523865.0,16260112668.0,0.0863195122824185,False,000063,中兴通讯
2025-02-24,775.32,796.28,765.93,791.22,290190099.0,12561886464.0,0.008950224468248022,False,000063,中兴通讯
2025-02-25,765.93,789.41,756.35,767.73,201882277.0,8585915097.0,-0.030137949212573997,False,000063,中兴通讯
2025-02-26,769.54,774.96,751.11,763.76,160115044.0,6756041424.0,-0.005184505145310969,False,000063,中兴通讯
2025-02-27,760.51,768.64,722.75,731.24,201336579.0,8245971770.0,-0.04351188045089332,False,000063,中兴通讯
2025-02-28,722.39,727.09,697.28,698.37,166992468.0,6547507817.0,-0.045992674962558995,False,000063,中兴通讯
2025-03-03,674.88,677.41,639.66,652.84,257157751.0,9324192975.0,-0.06741697199383044,False,000063,中兴通讯
2025-03-04,648.33,677.41,642.19,668.56,158618303.0,5778421756.0,0.023794069410685414,False,000063,中兴通讯
2025-03-05,668.38,674.88,659.71,668.56,107419443.0,3961802127.0,0.0,False,000063,中兴通讯
2025-03-06,680.12,696.92,680.12,686.44,176866215.0,6751920209.0,0.026392675840921878,False,000063,中兴通讯
2025-03-07,684.46,690.24,669.46,673.62,122738333.0,4610087177.0,-0.01885266783535928,False,000063,中兴通讯
2025-03-10,671.81,679.04,665.67,672.17,79230261.0,2941410897.0,-0.0021548689781983863,False,000063,中兴通讯
2025-03-11,660.25,672.54,658.63,669.46,69009211.0,2546186760.0,-0.004039867453349127,False,000063,中兴通讯
2025-03-12,669.83,728.53,666.21,700.53,252782412.0,9754909427.0,0.045365774145297896,False,000063,中兴通讯
2025-03-13,686.44,692.77,667.66,671.45,166984865.0,6263726451.0,-0.04239763838530924,False,000063,中兴通讯
2025-03-14,666.57,681.93,664.77,680.3,123194131.0,4611688983.0,0.01309432432383072,False,000063,中兴通讯
2025-03-17,679.04,679.22,670.19,673.62,82472216.0,3074808769.0,-0.00986772365227196,False,000063,中兴通讯
2025-03-18,674.88,682.29,673.08,675.43,73479204.0,2751516684.0,0.0026833713888626677,False,000063,中兴通讯
2025-03-19,670.73,671.27,661.88,664.04,85867769.0,3162835511.0,-0.0170071364617305,False,000063,中兴通讯
2025-03-20,664.23,664.77,651.76,653.93,86279237.0,3141191326.0,-0.015342076536329068,False,000063,中兴通讯
2025-03-21,650.5,653.75,632.25,634.24,127580906.0,4519847650.0,-0.030572880387977668,False,000063,中兴通讯
2025-03-24,632.25,635.86,616.17,630.26,116798343.0,4046396879.0,-0.006294999039858653,False,000063,中兴通讯
2025-03-25,629.36,629.36,616.36,617.98,73054217.0,2511139542.0,-0.01967633818724169,False,000063,中兴通讯
2025-03-26,617.8,625.93,617.8,619.97,58243863.0,2006021264.0,0.0032149952972014774,False,000063,中兴通讯
2025-03-27,618.88,631.89,613.65,624.48,83203768.0,2878605681.0,0.007248213660635138,False,000063,中兴通讯
2025-03-28,625.03,630.81,619.61,626.47,64806293.0,2242244976.0,0.0031815846814732887,False,000063,中兴通讯
2025-03-31,623.4,624.66,610.76,618.16,78746905.0,2688421903.0,-0.013353564488449793,False,000063,中兴通讯
2025-04-01,619.79,628.28,614.91,622.14,64163933.0,2207062721.0,0.006417824172913299,False,000063,中兴通讯
2025-04-02,622.14,635.5,622.14,632.97,89385312.0,3122760185.0,0.01725787985790458,False,000063,中兴通讯
2025-04-03,625.03,631.35,620.15,627.92,69427051.0,2408579661.0,-0.008010257837588162,False,000063,中兴通讯
2025-04-07,585.28,589.26,565.05,565.05,124966582.0,3958713931.0,-0.10549854701239848,False,000063,中兴通讯
2025-04-08,559.99,571.74,535.25,548.43,156880402.0,4798264381.0,-0.02985457201905628,False,000063,中兴通讯
2025-04-09,533.08,563.61,517.9,559.27,147524382.0,4461632715.0,0.019572711125177108,False,000063,中兴通讯
2025-04-10,572.64,588.9,571.37,571.56,126515943.0,4042732811.0,0.02173710268848887,False,000063,中兴通讯
2025-04-11,564.15,586.37,564.15,579.5,87898451.0,2806676837.0,0.01379619817903721,False,000063,中兴通讯
2025-04-14,592.87,596.85,585.65,588.54,87940798.0,2878513270.0,0.01547923102447274,False,000063,中兴通讯
2025-04-15,588.9,588.9,577.16,580.77,55695109.0,1791895292.0,-0.013290084520311498,False,000063,中兴通讯
2025-04-16,579.79,583.11,569.29,577.4,52350747.0,1636398267.0,-0.005819542055132994,False,000063,中兴通讯
2025-04-17,572.79,580.16,571.5,574.64,38061164.0,1192505069.0,-0.004791509462288506,False,000063,中兴通讯
2025-04-18,572.61,600.24,571.14,596.92,127272535.0,4076606811.0,0.038039343296720984,False,000063,中兴通讯
2025-04-21,589.37,595.45,585.69,594.34,76093497.0,2446276792.0,-0.004331554881231186,False,000063,中兴通讯
2025-04-22,591.21,591.76,584.03,584.58,62147282.0,1980191865.0,-0.016557905516731104,False,000063,中兴通讯
2025-04-23,589.0,596.18,588.08,590.84,77919720.0,2507177158.0,0.010651612507094227,False,000063,中兴通讯
2025-04-24,589.55,590.11,578.32,581.45,55260160.0,1750455592.0,-0.016020269433346793,False,000063,中兴通讯
2025-04-25,583.29,588.45,581.82,582.37,43661463.0,1386648271.0,0.0015810008276764182,False,000063,中兴通讯
2025-04-28,581.82,583.48,577.21,577.95,32757899.0,1030286380.0,-0.007618624826452265,False,000063,中兴通讯
2025-04-29,577.21,583.66,574.08,579.42,33211082.0,1045713686.0,0.002540243466605109,False,000063,中兴通讯
2025-04-30,581.27,591.21,579.61,588.26,52609867.0,1679922173.0,0.015141423831109864,False,000063,中兴通讯
2025-05-06,593.61,603.55,592.32,603.37,73358605.0,2388607671.0,0.025361580187800326,False,000063,中兴通讯
2025-05-07,613.87,616.81,596.92,601.89,74481562.0,2444985311.0,-0.002455902865572356,False,000063,中兴通讯
2025-05-08,600.42,613.68,598.76,608.89,72198471.0,2380308285.0,0.01156292306147597,False,000063,中兴通讯
2025-05-09,607.23,607.42,594.89,598.76,54641040.0,1778499301.0,-0.0167767773746601,False,000063,中兴通讯
2025-05-12,605.58,615.52,604.47,610.92,80650311.0,2667437152.0,0.020105167655209838,False,000063,中兴通讯
2025-05-13,618.84,618.84,603.18,603.74,68438330.0,2263730540.0,-0.011822376019630758,False,000063,中兴通讯
2025-05-14,604.1,612.39,600.79,607.79,66496434.0,2191185295.0,0.006685785884210231,False,000063,中兴通讯
2025-05-15,607.6,607.6,591.58,592.5,60747615.0,1968782678.0,-0.02547855455753797,False,000063,中兴通讯
2025-05-16,589.74,596.37,588.08,591.76,35751904.0,1149861752.0,-0.0012497257296740787,False,000063,中兴通讯
2025-05-19,589.92,590.66,583.11,589.19,35271063.0,1124060652.0,-0.0043524350008140745,False,000063,中兴通讯
2025-05-20,587.9,591.95,585.32,589.55,31665839.0,1011903330.0,0.0006108217438840343,False,000063,中兴通讯
2025-05-21,589.19,594.89,586.98,589.37,39171500.0,1255570919.0,-0.0003053642340424311,False,000063,中兴通讯
2025-05-22,586.24,593.42,584.03,584.03,36809644.0,1171924548.0,-0.009101818416785316,False,000063,中兴通讯
2025-05-23,582.92,586.61,574.08,574.64,48113991.0,1515613886.0,-0.016208593605308387,False,000063,中兴通讯
2025-05-26,573.35,584.76,573.35,579.61,37241344.0,1173482168.0,0.008611705809267862,False,000063,中兴通讯
2025-05-27,578.69,579.24,569.11,570.95,41669358.0,1294951348.0,-0.015053823428156941,False,000063,中兴通讯
2025-05-28,571.32,575.37,569.48,570.58,26389073.0,819738741.0,-0.0006482528062462514,False,000063,中兴通讯
2025-05-29,571.32,580.9,571.32,580.34,46244952.0,1451942240.0,0.016960751343461408,False,000063,中兴通讯
2025-05-30,576.48,577.03,570.95,572.61,35988129.0,1120037228.0,-0.013409281974961605,False,000063,中兴通讯
2025-06-03,569.85,576.48,568.37,572.98,31414308.0,978388892.0,0.0006459553817080879,False,000063,中兴通讯
2025-06-04,574.64,584.95,574.64,582.19,47168756.0,1490768860.0,0.015946042844290808,False,000063,中兴通讯
2025-06-05,582.55,594.89,580.34,593.05,67255035.0,2152065125.0,0.018481857539375087,False,000063,中兴通讯
2025-06-06,591.03,600.42,590.47,595.08,64159121.0,2073834758.0,0.0034171378137582585,False,000063,中兴通讯
2025-06-09,595.26,600.42,595.26,597.47,47878977.0,1554859520.0,0.004008223051077587,False,000063,中兴通讯
2025-06-10,597.29,597.47,585.13,589.92,52826385.0,1694243039.0,-0.012717138854286178,False,000063,中兴通讯
2025-06-11,589.74,596.18,589.0,591.03,39323410.0,1266585723.0,0.0018798430532662512,False,000063,中兴通讯
2025-06-12,589.37,597.29,587.9,588.26,45773929.0,1471292481.0,-0.004697750501109284,False,000063,中兴通讯
2025-06-13,586.79,591.76,576.11,579.79,54047399.0,1707030214.0,-0.014503058025837512,False,000063,中兴通讯
2025-06-16,577.58,588.26,576.48,584.03,34408749.0,1090658341.0,0.007286382359700546,False,000063,中兴通讯
2025-06-17,584.03,585.32,579.06,580.16,27509403.0,867821826.0,-0.006648423805368326,False,000063,中兴通讯
2025-06-18,580.16,583.29,574.27,580.34,37849765.0,1189694222.0,0.00031021111838619,False,000063,中兴通讯
2025-06-19,580.16,584.76,573.53,574.45,44918041.0,1411415395.0,-0.010201077385498325,False,000063,中兴通讯
2025-06-20,573.35,579.24,569.29,570.21,39003864.0,1212103654.0,-0.007408347268517938,False,000063,中兴通讯
2025-06-23,565.43,575.56,562.66,573.35,36624482.0,1134671564.0,0.005491636453457574,False,000063,中兴通讯
2025-06-24,574.64,587.53,574.64,584.4,57687662.0,1826628795.0,0.01908932939223098,False,000063,中兴通讯
2025-06-25,584.76,593.97,583.84,593.61,71073555.0,2274615183.0,0.015636858195914045,False,000063,中兴通讯
2025-06-26,593.61,598.58,589.55,589.55,57903311.0,1866027556.0,-0.006863004049776058,False,000063,中兴通讯
2025-06-27,591.58,603.55,588.08,596.55,84993840.0,2761267676.0,0.011803526299127006,False,000063,中兴通讯
2025-06-30,596.74,600.42,596.0,598.39,49682177.0,1613451582.0,0.003079654968877578,False,000063,中兴通讯
2025-07-01,596.92,609.44,591.76,601.16,71479489.0,2326433499.0,0.004618406775206762,False,000063,中兴通讯
2025-07-02,598.58,598.58,588.26,590.11,55424666.0,1779491629.0,-0.01855216186606557,False,000063,中兴通讯
2025-07-03,589.55,613.31,589.37,602.26,107850559.0,3521060352.0,0.020380285557467244,False,000063,中兴通讯
2025-07-04,601.71,602.26,594.16,595.26,61800037.0,2003474856.0,-0.011690960867429174,False,000063,中兴通讯
2025-07-07,593.05,593.97,586.61,587.34,53502159.0,1709822789.0,-0.013394416388472115,False,000063,中兴通讯
2025-07-08,587.53,603.74,586.98,602.63,103897305.0,3383156636.0,0.025699541223782506,False,000063,中兴通讯
2025-07-09,601.53,612.58,600.42,605.21,95151806.0,3130081158.0,0.0042720955158314445,False,000063,中兴通讯
2025-07-10,605.21,617.0,605.21,610.0,89759259.0,2983022870.0,0.007883451926349072,False,000063,中兴通讯
2025-07-11,610.18,619.57,606.68,615.89,99807507.0,3332349388.0,0.009609418991815508,False,000063,中兴通讯
2025-07-14,616.08,616.81,611.1,611.29,54588700.0,1817012765.0,-0.007496897838371065,False,000063,中兴通讯
2025-07-15,611.1,625.47,609.63,617.0,113278368.0,3800583299.0,0.009297545584586479,False,000063,中兴通讯
2025-07-16,620.31,623.44,610.0,612.21,70983783.0,2374551268.0,-0.00779366299628362,False,000063,中兴通讯
2025-07-17,611.1,638.36,609.63,635.97,156577989.0,5342055690.0,0.03807603150716674,False,000063,中兴通讯
2025-07-18,637.99,640.02,628.42,630.26,82813281.0,2845583506.0,-0.009018959754561077,False,000063,中兴通讯
2025-07-21,630.26,632.47,625.1,630.81,72688397.0,2480094900.0,0.0008722751867428167,False,000063,中兴通讯
2025-07-22,628.23,629.89,621.23,625.28,70118948.0,2378126926.0,-0.008805158434089477,False,000063,中兴通讯
2025-07-23,624.18,630.63,621.6,624.18,69232444.0,2348470055.0,-0.0017607611035044383,False,000063,中兴通讯
2025-07-24,624.18,641.86,622.71,638.54,103503424.0,3552664623.0,0.022745532028008764,False,000063,中兴通讯
2025-07-25,637.99,638.18,627.68,633.39,66062165.0,2268594593.0,-0.008097974170766303,False,000063,中兴通讯
2025-07-28,635.97,638.54,631.18,634.86,55473677.0,1911719910.0,0.002318155976024068,False,000063,中兴通讯
2025-07-29,628.6,658.99,617.18,646.28,149059110.0,5137129104.0,0.01782834426450437,False,000063,中兴通讯
2025-07-30,643.89,646.46,632.84,637.26,76581180.0,2660684944.0,-0.014055110847126429,False,000063,中兴通讯
2025-07-31,637.07,653.28,629.34,631.55,113587805.0,3964945771.0,-0.009000620341519012,False,000063,中兴通讯
2025-08-01,630.44,636.89,618.1,624.36,78598461.0,2674808893.0,-0.011449990129771648,False,000063,中兴通讯
2025-08-04,618.84,623.99,618.65,623.81,37928775.0,1279438972.0,-0.0008812902659053729,False,000063,中兴通讯
2025-08-05,624.92,636.33,624.92,633.94,61492521.0,2104820882.0,0.016108477910559513,False,000063,中兴通讯
2025-08-06,632.65,645.54,627.68,636.33,60412669.0,2085994562.0,0.0037629839643681193,False,000063,中兴通讯
2025-08-07,636.15,638.91,626.57,629.7,59849986.0,2049471763.0,-0.010473781204537649,False,000063,中兴通讯
2025-08-08,629.15,629.7,621.6,622.15,48431216.0,1642794290.0,-0.012062294273056865,False,000063,中兴通讯
2025-08-11,622.34,629.15,622.15,626.2,50037762.0,1702018654.0,0.006488587670665271,False,000063,中兴通讯
2025-08-12,626.2,638.18,624.18,636.33,83261946.0,2859970032.0,0.016047487806929255,False,000063,中兴通讯
2025-08-13,636.33,653.83,635.6,653.83,161077819.0,5661894704.0,0.02713008213008816,False,000063,中兴通讯
2025-08-14,652.36,654.94,640.57,641.12,102818630.0,3613913941.0,-0.019630731941488424,False,000063,中兴通讯
2025-08-15,639.1,649.96,639.1,648.49,79052758.0,2773536501.0,0.011429936549309074,False,000063,中兴通讯
2025-08-18,652.91,713.32,652.91,705.59,385922318.0,14703286024.0,0.08438774881940869,False,000063,中兴通讯
2025-08-19,695.46,703.01,688.27,696.19,210663950.0,7958207096.0,-0.01341172067096761,False,000063,中兴通讯
2025-08-20,701.72,743.89,689.19,735.61,337923758.0,13222735875.0,0.05507747539693184,False,000063,中兴通讯
2025-08-21,801.73,809.09,779.07,783.86,510560082.0,21992747371.0,0.06353034599354429,False,000063,中兴通讯
2025-08-22,801.17,859.74,782.76,857.35,443629570.0,19832362156.0,0.08961580364879977,False,000063,中兴通讯
2025-08-25,876.32,882.21,819.22,844.27,447663969.0,20601146393.0,-0.015373887974395579,False,000063,中兴通讯
2025-08-26,828.98,846.85,817.01,829.17,242269171.0,10938261395.0,-0.01804714819340478,False,000063,中兴通讯
2025-08-27,834.33,857.9,810.38,812.22,288887778.0,13093776890.0,-0.02065396103131014,False,000063,中兴通讯
2025-08-28,810.38,873.74,805.78,873.37,353370637.0,16286232282.0,0.07258805251277325,False,000063,中兴通讯
2025-08-29,849.24,853.66,828.8,836.9,265928498.0,12094795642.0,-0.04265470289969468,False,000063,中兴通讯
2025-09-01,854.03,900.26,847.22,884.05,322863809.0,15332547284.0,0.054809033085270076,False,000063,中兴通讯
2025-09-02,877.79,887.74,811.3,825.67,302199658.0,13876967920.0,-0.06831844416929408,False,000063,中兴通讯
2025-09-03,825.49,834.88,798.6,809.28,185077993.0,8174452512.0,-0.02005021447320401,False,000063,中兴通讯
2025-09-04,808.73,815.17,738.55,752.18,286618254.0,11960715660.0,-0.07316930647207459,False,000063,中兴通讯
2025-09-05,760.84,773.92,740.76,770.23,171662102.0,7068335576.0,0.023713514534553802,False,000063,中兴通讯
2025-09-08,770.78,782.02,756.97,769.86,155408356.0,6488447705.0,-0.0004804914090975617,False,000063,中兴通讯
2025-09-09,770.42,773.36,743.16,748.87,118595078.0,4865690488.0,-0.027643276434871283,False,000063,中兴通讯
2025-09-10,750.53,766.18,747.39,756.79,121846417.0,5020502741.0,0.010520400419602982,False,000063,中兴通讯
2025-09-11,758.44,816.46,747.39,805.59,258558096.0,11063660268.0,0.062489124099353435,False,000063,中兴通讯
2025-09-12,792.52,833.59,792.52,811.86,221412621.0,9822820086.0,0.0077529832845408325,False,000063,中兴通讯
2025-09-15,810.57,810.94,791.97,793.07,125341918.0,5438838798.0,-0.02341642138118297,False,000063,中兴通讯
2025-09-16,795.1,826.77,794.91,815.91,182967796.0,8082184361.0,0.028392564641191626,False,000063,中兴通讯
2025-09-17,814.25,833.41,803.02,812.78,152762323.0,6760498261.0,-0.0038435845413515384,False,000063,中兴通讯
2025-09-18,815.91,842.43,800.81,814.99,250780818.0,11268108215.0,0.0027153730046712756,False,000063,中兴通讯
2025-09-19,810.2,832.48,804.67,806.33,143703379.0,6367967890.0,-0.010682755233207714,False,000063,中兴通讯
2025-09-22,812.04,842.61,807.8,829.17,199678040.0,8962316238.0,0.027932112463331594,False,000063,中兴通讯
2025-09-23,829.35,834.33,778.15,801.17,210379325.0,9153775170.0,-0.03435204120068341,False,000063,中兴通讯
2025-09-24,789.75,814.07,782.76,809.83,170832588.0,7400153379.0,0.010751189839734141,False,000063,中兴通讯
2025-09-25,810.38,853.85,807.25,843.53,265946092.0,12084419090.0,0.04077111835111094,False,000063,中兴通讯
2025-09-26,835.43,866.56,807.07,819.04,274751909.0,12387882391.0,-0.029462544737948716,False,000063,中兴通讯
2025-09-29,818.12,839.85,803.57,830.83,165732749.0,7404033671.0,0.014292278414454157,False,000063,中兴通讯
2025-09-30,832.85,850.53,822.54,840.59,149081871.0,6773192617.0,0.011678825111955173,False,000063,中兴通讯
2025-10-09,845.01,924.57,844.64,920.52,450868585.0,22120684455.0,0.09083470152352302,False,000063,中兴通讯
2025-10-10,939.49,996.22,920.89,957.73,490694689.0,25514362631.0,0.03962717332734727,False,000063,中兴通讯
2025-10-13,940.04,1012.98,924.57,988.48,368249886.0,19317777066.0,0.0316025086436644,False,000063,中兴通讯
2025-10-14,996.59,1028.63,920.89,924.57,366750968.0,19415044611.0,-0.06683964516582513,False,000063,中兴通讯
2025-10-15,939.86,951.83,893.82,928.26,244937954.0,12216470401.0,0.003983101394640606,False,000063,中兴通讯
2025-10-16,928.44,1017.77,928.44,995.11,336962904.0,18015224808.0,0.0695414178528731,False,000063,中兴通讯
2025-10-17,983.51,992.35,895.66,895.66,319595274.0,16078399369.0,-0.10529240713747996,False,000063,中兴通讯
2025-10-20,902.47,918.5,881.11,895.1,188081515.0,9182116669.0,-0.0006254327975321508,False,000063,中兴通讯
2025-10-21,900.08,956.62,889.58,943.73,224207585.0,11278479336.0,0.05290466440880632,False,000063,中兴通讯
2025-10-22,924.39,931.57,897.31,919.78,163856972.0,8130304067.0,-0.025705597273637634,False,000063,中兴通讯
2025-10-23,916.29,916.47,874.11,887.55,153119678.0,7360533065.0,-0.03566965322124933,False,000063,中兴通讯
2025-10-24,898.79,923.28,892.71,918.13,180263335.0,8928361854.0,0.03387413500405226,False,000063,中兴通讯
2025-10-27,930.1,966.93,922.73,945.2,207191737.0,10598537991.0,0.029057552517887844,False,000063,中兴通讯
2025-10-28,928.26,931.76,901.0,909.65,196055252.0,9748756812.0,-0.038336635169940285,False,000063,中兴通讯
2025-10-29,837.09,860.11,821.25,850.9,399195903.0,18259603876.0,-0.0667652972873009,False,000063,中兴通讯
2025-10-30,840.04,845.01,824.38,825.67,228519633.0,10333210301.0,-0.030099434900707357,False,000063,中兴通讯
2025-10-31,822.35,822.54,799.33,800.44,186297077.0,8184852241.0,-0.031033601481441398,False,000063,中兴通讯
2025-11-03,794.36,795.65,775.39,788.1,143913239.0,6131808275.0,-0.01553659111375897,False,000063,中兴通讯
2025-11-04,784.6,791.97,762.5,768.57,141174163.0,5956845340.0,-0.025093339996873968,False,000063,中兴通讯
2025-11-05,753.84,765.08,750.16,756.97,110508624.0,4552636087.0,-0.015208022829465347,False,000063,中兴通讯
2025-11-06,762.5,785.7,761.02,784.6,171531123.0,7220528777.0,0.03585041124218776,False,000063,中兴通讯
2025-11-07,774.47,776.13,766.18,768.39,93528781.0,3913369087.0,-0.020876617020913757,False,000063,中兴通讯
2025-11-10,767.84,778.15,764.34,775.57,94867699.0,3974226850.0,0.009300826134057638,False,000063,中兴通讯
2025-11-11,780.91,780.91,749.42,753.29,119779158.0,4943348051.0,-0.029147963068728924,False,000063,中兴通讯
2025-11-12,738.55,743.34,721.98,731.74,134244074.0,5337907506.0,-0.029025020210741735,False,000063,中兴通讯
2025-11-13,728.98,747.76,726.58,743.16,85035481.0,3413382050.0,0.015486105128844395,False,000063,中兴通讯
2025-11-14,739.47,748.87,731.55,732.29,75455771.0,3027462509.0,-0.014734754369810539,False,000063,中兴通讯
2025-11-17,728.98,736.53,716.45,721.98,98087659.0,3857551427.0,-0.014179172690033083,False,000063,中兴通讯
2025-11-18,719.4,733.21,716.27,726.58,78984680.0,3115580519.0,0.006351156269091556,False,000063,中兴通讯
2025-11-19,722.16,734.87,719.58,723.64,65518369.0,2581836882.0,-0.004054562794157277,False,000063,中兴通讯
2025-11-20,732.29,736.16,720.69,721.79,67198837.0,2656227050.0,-0.0025597932935990837,False,000063,中兴通讯
2025-11-21,710.93,720.14,699.69,701.17,99937543.0,3846514490.0,-0.02898386952683623,False,000063,中兴通讯
2025-11-24,703.56,720.69,698.4,711.85,82158420.0,3161839719.0,0.015116846727129605,False,000063,中兴通讯
2025-11-25,718.66,745.0,717.56,734.13,151104684.0,6025716932.0,0.030818909588953645,False,000063,中兴通讯
2025-11-26,729.16,761.58,727.87,754.58,151758716.0,6205552919.0,0.027475178422124893,False,000063,中兴通讯
2025-11-27,780.55,798.41,764.52,779.07,261494670.0,11094587944.0,0.03193959755618037,False,000063,中兴通讯
2025-11-28,779.44,788.1,766.18,775.2,140096802.0,5892270297.0,-0.004979840050457029,False,000063,中兴通讯
2025-12-01,781.84,852.74,774.1,852.74,327257555.0,14665961598.0,0.09533363388709534,False,000063,中兴通讯
2025-12-02,879.82,879.82,828.8,838.01,438002305.0,20271708396.0,-0.0174246608785443,False,000063,中兴通讯
2025-12-03,828.8,842.06,796.57,797.49,302888390.0,13400097427.0,-0.04956073818967715,False,000063,中兴通讯
2025-12-04,788.65,800.99,781.28,790.49,154390238.0,6625696277.0,-0.00881628904729734,False,000063,中兴通讯
2025-12-05,791.23,791.78,767.47,772.63,165802791.0,6986521843.0,-0.02285272694488546,False,000063,中兴通讯
2025-12-08,764.52,786.07,764.34,777.78,152076359.0,6429272244.0,0.006643428436758827,False,000063,中兴通讯
2025-12-09,773.92,803.02,773.55,780.36,176312787.0,7555512538.0,0.0033116438290542766,False,000063,中兴通讯
2025-12-10,773.73,780.18,763.97,773.92,112848446.0,4719894688.0,-0.008286842594387814,False,000063,中兴通讯
2025-12-11,755.13,755.13,696.56,696.56,436171362.0,16918578961.0,-0.10531457455431299,False,000063,中兴通讯
2025-12-12,679.62,713.69,670.04,695.27,295769275.0,11059139191.0,-0.0018536751893291146,False,000063,中兴通讯
2025-12-15,687.72,691.96,678.14,678.51,136359186.0,5060885621.0,-0.024401041771201115,False,000063,中兴通讯
2025-12-16,675.56,676.12,655.86,658.8,121609438.0,4381168137.0,-0.029479219256344665,False,000063,中兴通讯
2025-12-17,659.54,684.77,659.54,680.72,130463977.0,4765070514.0,0.03273106323781675,False,000063,中兴通讯
2025-12-18,672.25,684.41,670.04,672.62,81610528.0,3001421919.0,-0.011970527321882111,False,000063,中兴通讯
2025-12-19,677.04,688.09,674.83,682.01,96817050.0,3592574112.0,0.013863786273143337,False,000063,中兴通讯
2025-12-22,683.48,694.17,682.38,688.27,109079722.0,4078535824.0,0.009136882316079512,False,000063,中兴通讯
2025-12-23,687.35,689.38,678.7,684.96,100401302.0,3729607486.0,-0.004820760412006609,False,000063,中兴通讯
2025-12-24,683.3,708.9,680.17,704.85,164073896.0,6202909607.0,0.028624571820298483,False,000063,中兴通讯
2025-12-25,706.69,707.98,695.09,701.9,99080499.0,3768902635.0,-0.004194070480558636,False,000063,中兴通讯
2025-12-26,701.9,701.9,690.3,698.03,94240602.0,3566502514.0,-0.005528861954921186,False,000063,中兴通讯
2025-12-29,696.01,704.11,684.77,690.3,108612762.0,4088965341.0,-0.011135796072024766,False,000063,中兴通讯
2025-12-30,686.25,693.61,685.14,686.43,75279807.0,2812987564.0,-0.005622032197063289,False,000063,中兴通讯
2025-12-31,689.75,702.27,687.54,696.93,129593138.0,4900208974.0,0.015180721788616526,False,000063,中兴通讯
2026-01-05,696.93,708.16,692.32,704.48,139218049.0,5313967351.0,0.010774966706460705,False,000063,中兴通讯
2026-01-06,705.4,725.66,701.72,723.27,176451241.0,6857102860.0,0.02632265442187452,False,000063,中兴通讯
2026-01-07,725.11,726.03,709.45,716.82,133066209.0,5178015274.0,-0.008957833372130597,False,000063,中兴通讯
2026-01-08,712.77,744.08,711.3,736.53,190323482.0,7583580394.0,0.027125205213479216,False,000063,中兴通讯
2026-01-09,735.42,743.89,728.06,740.95,149988277.0,5999526120.0,0.005983178365520793,False,000063,中兴通讯
2026-01-12,742.61,788.65,739.47,781.65,259293063.0,10812097160.0,0.053473923387145725,False,000063,中兴通讯
2026-01-13,781.65,781.65,737.08,741.87,218361983.0,8952069574.0,-0.052233044361977704,False,000063,中兴通讯
2026-01-14,740.95,762.86,736.34,743.89,181556900.0,7398304219.0,0.002719148778561445,False,000063,中兴通讯
2026-01-15,735.79,739.66,723.08,733.76,122178124.0,4854055502.0,-0.013711174770377423,False,000063,中兴通讯
2026-01-16,736.71,742.24,728.61,737.08,113486703.0,4527617804.0,0.004514434797120626,False,000063,中兴通讯
2026-01-19,733.58,734.69,724.92,728.42,81690247.0,3234093654.0,-0.011818629549189443,False,000063,中兴通讯
2026-01-20,727.13,728.42,705.59,710.74,110193672.0,4272560046.0,-0.02457112413008136,False,000063,中兴通讯
2026-01-21,703.74,736.34,703.56,727.87,126087363.0,4968779542.0,0.02381578003494933,False,000063,中兴通讯
2026-01-22,735.42,739.47,724.74,732.84,100181155.0,3976747822.0,0.006804936200705078,False,000063,中兴通讯
2026-01-23,729.16,740.4,722.53,738.74,125222529.0,4981089368.0,0.0080186352266281,False,000063,中兴通讯
2026-01-26,736.9,748.68,724.92,727.5,107269648.0,4266549956.0,-0.015332033204024206,False,000063,中兴通讯
2026-01-27,727.13,742.24,713.32,740.4,126645533.0,5030108051.0,0.017576581653694842,False,000063,中兴通讯
2026-01-28,740.4,743.16,727.5,730.27,96973075.0,3858640512.0,-0.013776251925670502,False,000063,中兴通讯
2026-01-29,726.58,750.34,714.24,727.69,128684845.0,5106299245.0,-0.0035391954416702596,False,000063,中兴通讯
2026-01-30,718.29,721.61,704.85,708.9,103648928.0,4009946893.0,-0.02616066047102974,False,000063,中兴通讯
2026-02-02,703.74,713.69,678.88,682.93,120066040.0,4521814701.0,-0.03732210756157391,False,000063,中兴通讯
2026-02-03,690.3,691.22,672.8,686.25,100838031.0,3737483046.0,0.0048496275243425195,False,000063,中兴通讯
2026-02-04,681.46,683.67,672.43,683.67,80106346.0,2950244798.0,-0.0037666477609508923,False,000063,中兴通讯
2026-02-05,676.49,681.09,668.93,673.54,64320470.0,2356087797.0,-0.014927959736168622,False,000063,中兴通讯
2026-02-06,668.2,675.75,664.51,668.75,59527448.0,2168002905.0,-0.007137087116404562,False,000063,中兴通讯
2026-02-09,677.77,688.46,675.56,686.43,87706082.0,3256165594.0,0.02609395530215014,False,000063,中兴通讯
2026-02-10,684.41,697.11,683.67,692.14,70048273.0,2629858792.0,0.00828399378169037,False,000063,中兴通讯
2026-02-11,692.14,697.67,687.17,687.9,52536731.0,1972593942.0,-0.006144768762088513,False,000063,中兴通讯
2026-02-12,686.25,693.43,684.41,691.22,54168417.0,2027036348.0,0.004814673724448285,False,000063,中兴通讯
2026-02-13,685.14,695.82,683.48,684.41,52123338.0,1947656301.0,-0.009900999006724254,False,000063,中兴通讯
2026-02-24,690.3,699.88,685.88,695.64,82620729.0,3111933418.0,0.01627513188994949,False,000063,中兴通讯
2026-02-25,698.03,703.56,692.69,699.14,77337475.0,2930917406.0,0.005018723162613621,False,000063,中兴通讯
2026-02-26,699.32,713.51,696.75,710.37,98020425.0,3769272600.0,0.01593495275427512,False,000063,中兴通讯
2026-02-27,701.72,715.53,695.46,711.85,86148352.0,3306058613.0,0.002081254003224378,False,000063,中兴通讯
2026-03-02,699.14,707.8,690.48,696.93,93338625.0,3542532682.0,-0.021182239758771853,False,000063,中兴通讯
2026-03-03,703.19,721.06,675.56,676.85,144149266.0,5467610621.0,-0.029235292669187812,False,000063,中兴通讯
2026-03-04,670.96,695.46,670.41,680.91,89577043.0,3322085606.0,0.005980456193692767,False,000063,中兴通讯
2026-03-05,690.3,705.4,686.25,697.67,106307649.0,4018976101.0,0.024316072771853093,False,000063,中兴通讯
2026-03-06,690.48,693.61,682.01,688.83,78066967.0,2915545524.0,-0.012751705425299463,False,000063,中兴通讯
2026-03-09,663.04,663.04,640.94,657.52,149206982.0,5261724249.0,-0.046519324331796966,False,000063,中兴通讯
2026-03-10,665.99,680.17,664.15,679.06,99600867.0,3643111310.0,0.03223430705747787,False,000063,中兴通讯
2026-03-11,681.46,698.03,681.27,683.67,113584992.0,4251217985.0,0.006765856165067243,False,000063,中兴通讯
2026-03-12,677.96,701.72,675.56,683.67,101379123.0,3787622570.0,0.0,False,000063,中兴通讯
2026-03-13,677.77,685.51,669.49,671.51,73166993.0,2685444343.0,-0.017946437177619942,False,000063,中兴通讯
2026-03-16,668.75,674.83,655.31,672.25,71952396.0,2592702211.0,0.0011013872638045322,False,000063,中兴通讯
2026-03-17,675.56,676.67,658.62,659.91,64914771.0,2344666746.0,-0.018526833063232467,False,000063,中兴通讯
2026-03-18,659.91,671.88,651.44,667.65,66984593.0,2399879497.0,0.011660622044231357,False,000063,中兴通讯
2026-03-19,655.67,659.54,647.94,651.07,62797096.0,2229283026.0,-0.02514692082028403,False,000063,中兴通讯
2026-03-20,652.91,656.41,631.18,631.18,80158372.0,2789730871.0,-0.03102607995809973,False,000063,中兴通讯
2026-03-23,618.29,619.57,587.53,590.29,110640288.0,3625221742.0,-0.06697714178714728,False,000063,中兴通讯
2026-03-24,598.58,606.5,589.37,606.31,67932857.0,2202265072.0,0.026777464862300423,False,000063,中兴通讯
2026-03-25,607.79,623.26,607.79,616.08,62863706.0,2103146782.0,0.015985418804252513,False,000063,中兴通讯
2026-03-26,612.76,617.55,600.24,601.89,48435809.0,1599337986.0,-0.023302120870775492,False,000063,中兴通讯
2026-03-27,593.61,606.87,589.74,601.89,41130528.0,1339007330.0,0.0,False,000063,中兴通讯
2026-03-30,591.4,600.42,585.69,600.24,51249862.0,1651482527.0,-0.0027451291227459204,False,000063,中兴通讯
2026-03-31,598.58,613.13,597.29,597.47,59161649.0,1940619122.0,-0.004625501897352774,False,000063,中兴通讯
2026-04-01,608.89,610.73,602.45,607.6,48471315.0,1596884809.0,0.0168126973814972,False,000063,中兴通讯
2026-04-02,603.92,606.13,587.9,590.29,53087898.0,1715197281.0,-0.028902829157175895,False,000063,中兴通讯
2026-04-03,595.45,600.79,590.84,590.84,46858410.0,1514504977.0,0.0009313116079571536,False,000063,中兴通讯
2026-04-07,592.13,599.5,590.66,595.63,40459381.0,1308445461.0,0.008074415744380213,False,000063,中兴通讯
2026-04-08,607.79,627.13,607.79,626.94,97677765.0,3281673431.0,0.05123117335729539,False,000063,中兴通讯
2026-04-09,620.68,661.2,617.73,654.94,183752288.0,6429909684.0,0.04369278611192631,False,000063,中兴通讯
2026-04-10,653.83,666.17,648.31,659.17,124541087.0,4450874881.0,0.006437839464924756,False,000063,中兴通讯
2026-04-13,654.2,666.72,650.15,657.88,92006380.0,3285500766.0,-0.001958923977857565,False,000063,中兴通讯
2026-04-14,664.88,670.41,653.28,659.91,94191345.0,3388093483.0,0.0030809182126732867,False,000063,中兴通讯
2026-04-15,662.49,663.59,645.73,648.49,82120548.0,2915665374.0,-0.017456878648598115,False,000063,中兴通讯
2026-04-16,652.36,655.49,643.7,651.99,71566355.0,2525964206.0,0.005382640948577215,False,000063,中兴通讯
2026-04-17,648.31,660.46,647.57,650.7,61008831.0,2164790699.0,-0.001980517884782147,False,000063,中兴通讯
2026-04-20,650.52,664.7,648.86,659.91,82386576.0,2953620475.0,0.01405475558480318,False,000063,中兴通讯
2026-04-21,655.86,656.59,640.2,648.31,79104000.0,2775543364.0,-0.01773448506617372,False,000063,中兴通讯
2026-04-22,646.1,689.56,644.62,687.72,230832460.0,8493460079.0,0.0590128013320786,False,000063,中兴通讯
2026-04-23,685.14,692.14,672.25,678.7,133095929.0,4930924360.0,-0.013202574641933649,False,000063,中兴通讯
2026-04-24,673.54,683.3,662.12,670.04,103407016.0,3763717186.0,-0.01284179161422692,False,000063,中兴通讯
2026-04-27,659.36,695.82,650.88,686.25,168435634.0,6228963623.0,0.023904580728254604,False,000063,中兴通讯
2026-04-28,681.46,681.46,659.73,663.22,113250297.0,4108537165.0,-0.03413523264192249,False,000063,中兴通讯
2026-04-29,659.73,681.27,655.12,670.78,96826940.0,3518802208.0,0.01133445417666126,False,000063,中兴通讯
2026-04-30,666.91,678.33,657.52,675.93,98381385.0,3578015727.0,0.007648306026924868,False,000063,中兴通讯
2026-05-06,690.85,720.14,689.75,704.48,216711363.0,8321464030.0,0.04137042162203979,False,000063,中兴通讯
2026-05-07,710.93,717.19,700.61,716.45,146336014.0,5647115493.0,0.01684851915516809,False,000063,中兴通讯
2026-05-08,709.45,716.45,698.59,712.4,137817377.0,5295615756.0,-0.005668909747105314,False,000063,中兴通讯
2026-05-11,721.98,727.32,710.19,720.32,164649887.0,6423026461.0,0.01105600630286098,False,000063,中兴通讯
2026-05-12,716.45,718.29,699.14,701.53,126951673.0,4873756125.0,-0.026431893587775313,False,000063,中兴通讯
2026-05-13,697.11,716.45,694.35,715.16,121557110.0,4674427092.0,0.019242629753027148,False,000063,中兴通讯
2026-05-14,729.53,740.4,691.77,691.77,163800662.0,6364577815.0,-0.03325276345527751,False,000063,中兴通讯
2026-05-15,693.25,705.22,673.72,676.12,146967367.0,5466586803.0,-0.022882955346364798,False,000063,中兴通讯
2026-05-18,670.41,701.35,663.41,690.85,134080666.0,5000487052.0,0.021552148420701547,False,000063,中兴通讯
2026-05-19,689.75,696.19,676.85,693.43,105085365.0,3914401483.0,0.003727573883004585,False,000063,中兴通讯
2026-05-20,686.98,702.64,683.85,684.77,91169664.0,3419307030.0,-0.012567281928982254,False,000063,中兴通讯
2026-05-21,695.64,697.48,638.73,641.49,168355165.0,6107719538.0,-0.06528941998704739,False,000063,中兴通讯
2026-05-22,646.65,657.52,638.36,656.41,119684280.0,4217793336.0,0.022991998243277554,False,000063,中兴通讯
2020-01-02,129.16,131.02,128.05,129.54,12457719.0,467238470.0,,False,002352,顺丰控股
2020-01-03,130.12,130.16,128.05,128.53,7591739.0,282690163.0,-0.007827373632730462,False,002352,顺丰控股
2020-01-06,128.22,128.84,125.84,127.36,10597786.0,391483135.0,-0.009144618025967553,False,002352,顺丰控股
2020-01-07,127.88,130.92,127.53,130.3,10722076.0,401789987.0,0.022821762034726693,False,002352,顺丰控股
2020-01-08,129.43,131.06,128.22,128.74,8304045.0,311016664.0,-0.01204461750632968,False,002352,顺丰控股
2020-01-09,129.12,130.85,128.19,128.78,8958800.0,334956852.0,0.0003106554855675379,False,002352,顺丰控股
2020-01-10,128.78,130.23,126.77,129.92,11429611.0,426242465.0,0.008813354303330335,False,002352,顺丰控股
2020-01-13,129.57,131.19,128.57,131.06,9696946.0,366171503.0,0.008736357197983173,False,002352,顺丰控股
2020-01-14,131.4,132.13,128.91,129.33,9811365.0,370235023.0,-0.013287956184197841,False,002352,顺丰控股
2020-01-15,129.26,129.95,127.53,127.88,8909396.0,330509613.0,-0.011274953235512385,False,002352,顺丰控股
2020-01-16,128.53,128.67,127.22,127.39,6214603.0,229431793.0,-0.0038390770699451944,False,002352,顺丰控股
2020-01-17,127.84,129.43,126.84,128.5,8007485.0,297425846.0,0.008675657213579002,False,002352,顺丰控股
2020-01-20,129.09,136.52,128.53,134.31,19451122.0,744954260.0,0.044221656585709465,False,002352,顺丰控股
2020-01-21,134.75,137.28,133.48,134.65,16866991.0,660998211.0,0.0025282583366241507,False,002352,顺丰控股
2020-01-22,133.44,134.72,128.91,132.75,16135247.0,617014222.0,-0.014211159135559717,False,002352,顺丰控股
2020-01-23,132.75,141.36,131.3,135.55,25060037.0,992080405.0,0.020872915822626403,False,002352,顺丰控股
2020-02-03,130.92,142.32,127.95,133.61,30142904.0,1179881852.0,-0.014415467343871884,False,002352,顺丰控股
2020-02-04,134.37,137.55,128.95,134.1,29626193.0,1142692711.0,0.00366068168683013,False,002352,顺丰控股
2020-02-05,134.37,147.51,131.51,145.5,50790449.0,2034385107.0,0.08159029632391432,False,002352,顺丰控股
2020-02-06,146.71,159.09,142.91,156.74,56902189.0,2539617934.0,0.07441229501317141,False,002352,顺丰控股
2020-02-07,154.42,156.01,149.93,155.01,35582491.0,1574834984.0,-0.011098750657515704,False,002352,顺丰控股
2020-02-10,155.01,157.22,151.41,156.29,28070746.0,1251420055.0,0.008223624886899377,False,002352,顺丰控股
2020-02-11,158.64,158.98,152.86,153.14,22785543.0,1025327023.0,-0.020360720169124887,False,002352,顺丰控股
2020-02-12,151.65,156.01,150.17,151.72,23922333.0,1049063730.0,-0.00931581886427906,False,002352,顺丰控股
2020-02-13,151.83,151.83,147.85,148.2,19539920.0,843046284.0,-0.023474003958711718,False,002352,顺丰控股
2020-02-14,148.48,149.27,145.5,146.78,24377693.0,1037416646.0,-0.009627845745069672,False,002352,顺丰控股
2020-02-17,151.38,160.54,149.41,160.19,48435511.0,2196094567.0,0.08742574359647529,False,002352,顺丰控股
2020-02-18,158.98,160.64,153.42,157.98,30412352.0,1386997775.0,-0.013892167977119176,False,002352,顺丰控股
2020-02-19,158.95,164.79,156.39,161.12,32016906.0,1496732343.0,0.01968098623397917,False,002352,顺丰控股
2020-02-20,161.33,165.83,159.5,161.71,22355873.0,1046650834.0,0.0036551786196002832,False,002352,顺丰控股
2020-02-21,160.19,163.13,157.5,158.26,22783427.0,1053256475.0,-0.02156535740880531,False,002352,顺丰控股
2020-02-24,158.12,161.99,155.49,158.84,21436011.0,979182006.0,0.003658156082003587,False,002352,顺丰控股
2020-02-25,155.59,172.67,155.53,171.53,43233568.0,2073065134.0,0.07686077215868287,False,002352,顺丰控股
2020-02-26,166.97,170.7,165.51,167.8,26308943.0,1277898904.0,-0.021985384388627766,False,002352,顺丰控股
2020-02-27,169.38,175.09,164.89,172.94,26821356.0,1323865818.0,0.03017191949917818,False,002352,顺丰控股
2020-02-28,168.0,171.91,165.0,169.18,23363100.0,1135057529.0,-0.021981476656415633,False,002352,顺丰控股
2020-03-02,170.53,174.53,167.9,172.91,28046645.0,1398052604.0,0.021807991040829425,False,002352,顺丰控股
2020-03-03,175.74,176.3,164.27,166.17,36318936.0,1782967933.0,-0.03975986720357576,False,002352,顺丰控股
2020-03-04,166.93,169.18,162.51,166.34,22270334.0,1069416099.0,0.001022525727419424,False,002352,顺丰控股
2020-03-05,167.62,168.8,164.51,167.97,19305358.0,935169881.0,0.009751505588370185,False,002352,顺丰控股
2020-03-06,165.34,167.55,164.82,165.58,13823772.0,663903186.0,-0.014330930318251724,False,002352,顺丰控股
2020-03-09,170.04,171.04,162.44,162.44,23889014.0,1142902579.0,-0.01914575889256287,False,002352,顺丰控股
2020-03-10,161.68,164.24,156.67,162.61,24730610.0,1148169234.0,0.001045993019534164,False,002352,顺丰控股
2020-03-11,162.92,163.47,158.98,159.02,12986318.0,603428697.0,-0.022324715364293632,False,002352,顺丰控股
2020-03-12,156.6,157.6,153.97,154.77,14757631.0,664566741.0,-0.027089836548669144,False,002352,顺丰控股
2020-03-13,145.5,155.87,145.5,152.62,20219776.0,880287488.0,-0.013988972063181107,False,002352,顺丰控股
2020-03-16,153.11,157.12,148.61,148.61,19536731.0,865789486.0,-0.026625747091009056,False,002352,顺丰控股
2020-03-17,152.07,152.69,144.4,147.99,15013758.0,642471041.0,-0.004180720856721508,False,002352,顺丰控股
2020-03-18,149.3,154.39,148.27,149.51,18891771.0,830460614.0,0.010218576312079857,False,002352,顺丰控股
2020-03-19,153.66,157.25,151.03,155.18,31540045.0,1409454636.0,0.037222453239966875,False,002352,顺丰控股
2020-03-20,157.7,158.95,154.11,156.36,15775668.0,714939509.0,0.007575307458950936,False,002352,顺丰控股
2020-03-23,150.69,155.87,148.82,153.9,11738017.0,520942630.0,-0.015858000079920605,False,002352,顺丰控股
2020-03-24,156.91,157.63,150.13,155.04,15003393.0,667036108.0,0.00738010729762246,False,002352,顺丰控股
2020-03-25,157.77,162.37,156.25,161.02,21219084.0,983114738.0,0.037845432729378625,False,002352,顺丰控股
2020-03-26,160.47,160.47,157.6,158.64,12006332.0,552350829.0,-0.014891096660294293,False,002352,顺丰控股
2020-03-27,161.23,161.75,157.39,157.6,10842648.0,499901114.0,-0.006577306787761739,False,002352,顺丰控股
2020-03-30,157.81,163.99,155.87,163.09,23614844.0,1106040791.0,0.03424201824504781,False,002352,顺丰控股
2020-03-31,164.44,167.17,161.5,163.27,19639118.0,932311976.0,0.00110307646924664,False,002352,顺丰控股
2020-04-01,162.44,162.44,158.39,158.46,15600909.0,723200415.0,-0.029903076600977175,False,002352,顺丰控股
2020-04-02,157.25,160.05,156.67,159.95,11638501.0,533659149.0,0.009359070858430952,False,002352,顺丰控股
2020-04-03,160.12,164.65,159.67,163.51,14598454.0,689248090.0,0.02201288415096804,False,002352,顺丰控股
2020-04-07,166.17,171.35,164.68,169.11,19632835.0,958846643.0,0.03367524021509837,False,002352,顺丰控股
2020-04-08,168.24,171.04,166.97,168.31,10794539.0,525954290.0,-0.004741873623518511,False,002352,顺丰控股
2020-04-09,169.35,170.32,167.17,167.97,9158880.0,446584891.0,-0.0020221251091632826,False,002352,顺丰控股
2020-04-10,168.31,168.94,164.17,166.34,9394235.0,452645052.0,-0.009751505588370183,False,002352,顺丰控股
2020-04-13,165.58,171.11,164.58,169.35,12497037.0,611597084.0,0.01793369282323923,False,002352,顺丰控股
2020-04-14,170.01,170.59,167.28,168.83,13336572.0,650830897.0,-0.003075287774678323,False,002352,顺丰控股
2020-04-15,169.35,169.9,165.48,165.58,10337189.0,499349011.0,-0.01943782977844249,False,002352,顺丰控股
2020-04-16,164.51,167.21,163.16,164.86,9752074.0,465359724.0,-0.004357832825578352,False,002352,顺丰控股
2020-04-17,166.55,170.21,165.51,168.18,15606155.0,758329197.0,0.019938205519670314,False,002352,顺丰控股
2020-04-20,172.7,172.77,167.28,168.35,14293444.0,700263424.0,0.0010103112023315223,False,002352,顺丰控股
2020-04-21,167.45,167.55,163.61,165.65,12483438.0,596854145.0,-0.016168016861178608,False,002352,顺丰控股
2020-04-22,164.1,169.9,163.37,169.38,12651943.0,612087785.0,0.02226758274754797,False,002352,顺丰控股
2020-04-23,170.15,171.7,168.24,169.45,13379613.0,656982792.0,0.00041318655960723947,False,002352,顺丰控股
2020-04-24,163.41,166.4,162.33,164.38,22284715.0,1050394987.0,-0.03037707733270631,False,002352,顺丰控股
2020-04-27,164.38,165.6,161.11,163.37,11160430.0,524633395.0,-0.006163253681936675,False,002352,顺丰控股
2020-04-28,163.02,169.73,160.28,167.16,15846199.0,756226748.0,0.02293387054129733,False,002352,顺丰控股
2020-04-29,166.64,167.61,162.26,162.82,11172159.0,529065511.0,-0.02630614143388299,False,002352,顺丰控股
2020-04-30,163.82,164.55,161.95,162.61,12163330.0,570363425.0,-0.0012906003082004728,False,002352,顺丰控股
2020-05-06,161.43,163.44,157.08,162.92,22574139.0,1041902546.0,0.0019045869425806006,False,002352,顺丰控股
2020-05-07,162.64,162.64,159.69,160.28,13557975.0,628317125.0,-0.016336997012267932,False,002352,顺丰控股
2020-05-08,161.25,161.57,159.38,159.55,16491236.0,759747928.0,-0.00456493304369123,False,002352,顺丰控股
2020-05-11,160.56,165.84,160.56,163.86,29399527.0,1390210292.0,0.026655051989416086,False,002352,顺丰控股
2020-05-12,164.38,165.94,161.63,162.43,18280679.0,860872866.0,-0.008765264982364213,False,002352,顺丰控股
2020-05-13,162.5,163.96,160.24,161.84,13308587.0,619224939.0,-0.003638946871814427,False,002352,顺丰控股
2020-05-14,160.87,161.88,158.37,159.1,15703280.0,721084381.0,-0.01707525751574892,False,002352,顺丰控股
2020-05-15,160.28,160.56,157.5,157.95,14499611.0,661610159.0,-0.007254408095647043,False,002352,顺丰控股
2020-05-18,158.12,160.11,156.91,158.47,15067718.0,687918301.0,0.003286773706622723,False,002352,顺丰控股
2020-05-19,161.46,164.0,160.59,162.92,27097463.0,1266852182.0,0.027693981825494898,False,002352,顺丰控股
2020-05-20,163.37,165.08,158.75,159.13,15996493.0,741452216.0,-0.023537804558119244,False,002352,顺丰控股
2020-05-21,159.69,160.18,155.45,156.39,21420652.0,964542803.0,-0.01736859077396831,False,002352,顺丰控股
2020-05-22,156.39,156.67,153.95,154.3,11258659.0,501854697.0,-0.013454128079008889,False,002352,顺丰控股
2020-05-25,154.58,155.31,152.11,154.96,7048132.0,312459141.0,0.004268259729625172,False,002352,顺丰控股
2020-05-26,155.21,156.67,154.68,155.97,11804950.0,529277751.0,0.006496661964993679,False,002352,顺丰控股
2020-05-27,156.67,156.73,154.61,154.75,7797484.0,349204450.0,-0.007852769499028595,False,002352,顺丰控股
2020-05-28,155.83,155.83,151.28,154.75,10459257.0,462099799.0,0.0,False,002352,顺丰控股
2020-05-29,154.72,160.18,153.57,158.4,25468649.0,1157670701.0,0.023312567815620126,False,002352,顺丰控股
2020-06-01,160.56,164.38,160.56,161.95,18467049.0,865491306.0,0.022164166237012794,False,002352,顺丰控股
2020-06-02,164.55,175.08,163.37,168.9,53241154.0,2602508386.0,0.04201917819641615,False,002352,顺丰控股
2020-06-03,171.47,174.18,169.0,172.89,29849908.0,1477546707.0,0.023348730302930117,False,002352,顺丰控股
2020-06-04,173.49,175.08,171.68,173.76,19656928.0,982467740.0,0.0050194826288859394,False,002352,顺丰控股
2020-06-05,173.83,176.06,172.23,175.08,19460295.0,978032612.0,0.007567975577124075,False,002352,顺丰控股
2020-06-08,176.68,181.27,176.27,178.8,24772773.0,1277772868.0,0.021024850416719126,False,002352,顺丰控股
2020-06-09,179.29,183.53,177.31,182.28,20796924.0,1083515181.0,0.019276103656268015,False,002352,顺丰控股
2020-06-10,182.45,187.25,180.47,185.79,19800861.0,1052964861.0,0.019073037222397504,False,002352,顺丰控股
2020-06-11,185.68,187.63,182.31,184.12,14591703.0,776649420.0,-0.009029284669038516,False,002352,顺丰控股
2020-06-12,180.57,189.12,178.98,185.2,25956221.0,1387984753.0,0.005848603263038159,False,002352,顺丰控股
2020-06-15,185.86,195.1,185.86,191.14,22301789.0,1233961322.0,0.03156982162595459,False,002352,顺丰控股
2020-06-16,194.61,194.86,189.23,191.1,15210172.0,835721216.0,-0.00020929259180618086,False,002352,顺丰控股
2020-06-17,191.1,195.76,190.97,193.22,13813411.0,767455921.0,0.011032584843136262,False,002352,顺丰控股
2020-06-18,192.11,194.61,190.2,194.51,13631457.0,758923544.0,0.006654139529237196,False,002352,顺丰控股
2020-06-19,195.31,196.91,193.57,194.58,18290041.0,1028321639.0,0.0003598139286808924,False,002352,顺丰控股
2020-06-22,194.61,195.03,186.66,189.05,22051728.0,1200443246.0,-0.02883185921033979,False,002352,顺丰控股
2020-06-23,191.14,196.07,189.68,193.29,23666156.0,1309594965.0,0.022180121481718874,False,002352,顺丰控股
2020-06-24,192.53,194.09,190.79,191.83,12973854.0,718383909.0,-0.007582088670414164,False,002352,顺丰控股
2020-06-29,192.46,195.14,187.28,190.1,15034370.0,819433532.0,-0.009059313653863064,False,002352,顺丰控股
2020-06-30,191.56,193.12,188.99,190.1,16074247.0,882711361.0,0.0,False,002352,顺丰控股
2020-07-01,189.75,194.09,185.41,191.77,26045531.0,1414778043.0,0.008746487791040754,False,002352,顺丰控股
2020-07-02,193.05,197.57,190.72,192.95,33479464.0,1864493501.0,0.006134350698203497,False,002352,顺丰控股
2020-07-03,193.57,195.48,190.83,195.41,21382809.0,1190320708.0,0.012668827388224483,False,002352,顺丰控股
2020-07-06,196.7,199.55,193.92,197.33,36466790.0,2064602671.0,0.009777538809482521,False,002352,顺丰控股
2020-07-07,197.46,217.0,194.37,213.24,39343556.0,2362585952.0,0.07754083777322571,False,002352,顺丰控股
2020-07-08,214.01,214.04,205.04,214.04,29056468.0,1750008529.0,0.0037446214885435837,False,002352,顺丰控股
2020-07-09,214.6,220.19,211.85,214.08,20236666.0,1253888146.0,0.00018686349675987144,False,002352,顺丰控股
2020-07-10,212.51,227.46,211.09,225.37,29988431.0,1925988593.0,0.05139371909071053,False,002352,顺丰控股
2020-07-13,223.46,235.94,222.49,230.9,29173608.0,1927565414.0,0.0242412203298754,False,002352,顺丰控股
2020-07-14,227.28,233.99,225.23,228.39,22022220.0,1444390109.0,-0.010930022374218874,False,002352,顺丰控股
2020-07-15,229.72,233.89,226.93,230.86,24742998.0,1643300977.0,0.010756772200535327,False,002352,顺丰控股
2020-07-16,230.97,238.61,220.12,221.27,29663349.0,1953794854.0,-0.04242779090392645,False,002352,顺丰控股
2020-07-17,222.52,225.89,217.52,220.09,22533175.0,1437405203.0,-0.005347121676258978,False,002352,顺丰控股
2020-07-20,225.2,232.32,223.08,226.93,22775169.0,1492169834.0,0.030605046274950313,False,002352,顺丰控股
2020-07-21,229.78,240.31,229.58,235.0,28214090.0,1909166443.0,0.034943914262627954,False,002352,顺丰控股
2020-07-22,235.45,240.38,232.15,233.61,20501583.0,1397455003.0,-0.0059324558871545205,False,002352,顺丰控股
2020-07-23,229.72,235.76,227.66,230.17,19807816.0,1311893395.0,-0.014834891921401914,False,002352,顺丰控股
2020-07-24,227.63,230.17,218.98,220.85,23585190.0,1518951379.0,-0.041334428293067146,False,002352,顺丰控股
2020-07-27,225.2,237.12,223.84,233.85,32750052.0,2189688986.0,0.057196146129359846,False,002352,顺丰控股
2020-07-28,236.32,238.06,232.04,236.25,19606051.0,1324968283.0,0.010210682201956936,False,002352,顺丰控股
2020-07-29,232.15,247.02,232.01,243.27,26853215.0,1861114284.0,0.029281371250723574,False,002352,顺丰控股
2020-07-30,242.57,248.06,240.21,244.28,19537170.0,1378691169.0,0.004143170730358349,False,002352,顺丰控股
2020-07-31,244.28,254.15,240.52,246.47,19886516.0,1411844563.0,0.00892517386734049,False,002352,顺丰控股
2020-08-03,247.75,250.22,238.23,246.5,21706004.0,1525040699.0,0.00012171126047039855,False,002352,顺丰控股
2020-08-04,246.19,253.1,241.88,243.2,19090629.0,1345614991.0,-0.01347784339073287,False,002352,顺丰控股
2020-08-05,242.61,243.96,239.45,242.68,20664893.0,1439522410.0,-0.002140447017914822,False,002352,顺丰控股
2020-08-06,244.66,246.71,235.14,236.84,18425870.0,1263093158.0,-0.024358895410521716,False,002352,顺丰控股
2020-08-07,238.06,239.38,231.42,235.28,14994390.0,1016238182.0,-0.006608513417835744,False,002352,顺丰控股
2020-08-10,232.95,238.68,230.41,234.23,15362368.0,1035067816.0,-0.0044727556409211505,False,002352,顺丰控股
2020-08-11,236.28,238.99,229.09,229.65,16275520.0,1095024502.0,-0.019747127833015955,False,002352,顺丰控股
2020-08-12,229.37,230.06,218.84,224.36,23295569.0,1494753084.0,-0.023304506131666302,False,002352,顺丰控股
2020-08-13,226.24,229.72,224.61,225.82,12118149.0,791123517.0,0.006486317112239799,False,002352,顺丰控股
2020-08-14,227.63,232.81,225.27,230.06,14777905.0,975448692.0,0.018601922715488238,False,002352,顺丰控股
2020-08-17,231.11,233.4,228.57,230.76,18054930.0,1199155758.0,0.003038064920824508,False,002352,顺丰控股
2020-08-18,230.79,242.54,227.07,238.54,23222156.0,1576752203.0,0.033158801761834354,False,002352,顺丰控股
2020-08-19,238.75,253.0,238.65,245.74,26970088.0,1913471421.0,0.029737055288902393,False,002352,顺丰控股
2020-08-20,245.01,247.68,237.29,240.25,13983787.0,971747040.0,-0.022594018589023344,False,002352,顺丰控股
2020-08-21,240.52,251.37,237.99,248.86,21659043.0,1534045691.0,0.035210441497083356,False,002352,顺丰控股
2020-08-24,251.96,256.41,247.96,253.59,15104263.0,1097332799.0,0.018828300261460765,False,002352,顺丰控股
2020-08-25,256.37,256.47,250.12,253.42,12124837.0,883320367.0,-0.0006705982381838679,False,002352,顺丰控股
2020-08-26,278.75,278.75,278.75,278.75,17758546.0,1424412975.0,0.09526713140356632,False,002352,顺丰控股
2020-08-27,278.02,281.04,267.46,276.7,37736499.0,2989861727.0,-0.007381435981448287,False,002352,顺丰控股
2020-08-28,276.46,304.36,274.72,304.36,26989803.0,2282284894.0,0.09527732451544185,False,002352,顺丰控股
2020-08-31,305.82,311.91,291.92,295.75,48223678.0,4200978834.0,-0.02869670844982589,False,002352,顺丰控股
2020-09-01,295.92,299.39,288.1,293.73,31738639.0,2666377037.0,-0.006853524824406454,False,002352,顺丰控股
2020-09-02,296.58,299.19,289.73,291.85,26346198.0,2223353920.0,-0.006421006384289609,False,002352,顺丰控股
2020-09-03,291.92,293.66,285.95,288.45,23934119.0,1990377126.0,-0.011718210946901743,False,002352,顺丰控股
2020-09-04,284.97,293.42,282.37,290.85,22824611.0,1893918708.0,0.00828590965387211,False,002352,顺丰控股
2020-09-07,290.95,291.85,277.67,280.07,24231924.0,1977532331.0,-0.037768098432313664,False,002352,顺丰控股
2020-09-08,280.0,282.75,271.63,278.4,22512845.0,1789480527.0,-0.005980643464192427,False,002352,顺丰控股
2020-09-09,275.62,276.28,262.87,268.64,23266834.0,1802895356.0,-0.035686735131033834,False,002352,顺丰控股
2020-09-10,275.28,283.3,271.24,272.74,25326654.0,2017838386.0,0.015146767100457249,False,002352,顺丰控股
2020-09-11,272.74,279.72,269.26,277.43,22722014.0,1799046944.0,0.01704968868359834,False,002352,顺丰控股
2020-09-14,278.02,281.43,271.11,273.85,18845961.0,1484547833.0,-0.012988137883555769,False,002352,顺丰控股
2020-09-15,275.76,282.5,273.02,281.32,19804133.0,1587735282.0,0.02691230021008697,False,002352,顺丰控股
2020-09-16,281.32,283.55,267.28,271.94,22116161.0,1740388509.0,-0.033911357712277525,False,002352,顺丰控股
2020-09-17,271.07,273.26,265.86,271.77,15856487.0,1231586688.0,-0.0006253333782339272,False,002352,顺丰控股
2020-09-18,271.77,275.55,266.9,274.2,16329069.0,1274757195.0,0.008901646778907934,False,002352,顺丰控股
2020-09-21,274.72,276.81,266.9,268.22,15842534.0,1229033859.0,-0.02205022784541981,False,002352,顺丰控股
2020-09-22,268.22,270.48,263.95,267.25,10232010.0,787899722.0,-0.0036229893776395868,False,002352,顺丰控股
2020-09-23,266.28,273.5,264.57,270.06,14808786.0,1148016721.0,0.010459606627741801,False,002352,顺丰控股
2020-09-24,269.75,269.96,261.37,266.03,16238430.0,1239967810.0,-0.015035072155716658,False,002352,顺丰控股
2020-09-25,267.6,275.8,266.97,268.64,14320839.0,1115530638.0,0.009763108952050986,False,002352,顺丰控股
2020-09-28,272.04,277.85,271.24,277.36,20920633.0,1658732209.0,0.031944108047537306,False,002352,顺丰控股
2020-09-29,276.98,280.38,273.82,277.92,17409784.0,1389578507.0,0.00201700111602691,False,002352,顺丰控股
2020-09-30,278.2,286.64,278.02,282.19,19926359.0,1618632392.0,0.015247300436962447,False,002352,顺丰控股
2020-10-09,285.01,302.0,285.01,297.8,23821651.0,2014054900.0,0.05384151732015146,False,002352,顺丰控股
2020-10-12,300.61,307.7,293.66,303.39,24405564.0,2114247013.0,0.018596986332280026,False,002352,顺丰控股
2020-10-13,303.39,326.29,301.38,317.29,23478079.0,2117917546.0,0.04479707559478692,False,002352,顺丰控股
2020-10-14,317.99,326.15,312.36,323.83,21447650.0,1975455596.0,0.02040250455865003,False,002352,顺丰控股
2020-10-15,321.43,323.2,307.63,312.74,17855210.0,1609685446.0,-0.03484651232026146,False,002352,顺丰控股
2020-10-16,312.43,318.72,308.67,312.01,13220153.0,1192171162.0,-0.0023369358374619805,False,002352,顺丰控股
2020-10-19,315.21,316.6,309.3,310.83,9832067.0,884287444.0,-0.003789099646132232,False,002352,顺丰控股
2020-10-20,310.34,314.96,306.14,314.13,13357745.0,1193027932.0,0.010560774035710235,False,002352,顺丰控股
2020-10-21,316.25,320.98,307.07,311.94,17181311.0,1545640298.0,-0.006996051343801002,False,002352,顺丰控股
2020-10-22,305.68,307.21,295.4,304.54,20240962.0,1754905698.0,-0.024008420211092975,False,002352,顺丰控股
2020-10-23,304.54,306.14,293.63,295.36,11994657.0,1031104955.0,-0.030607490098099058,False,002352,顺丰控股
2020-10-26,295.4,309.06,291.57,303.22,15882960.0,1379782495.0,0.02626366333894836,False,002352,顺丰控股
2020-10-27,298.73,303.6,288.66,302.45,16966660.0,1458366790.0,-0.0025426401005124496,False,002352,顺丰控股
2020-10-28,304.09,304.99,295.22,301.44,14248079.0,1228246358.0,-0.003344983164925032,False,002352,顺丰控股
2020-10-29,297.48,303.36,294.01,299.29,19698584.0,1692300527.0,-0.0071579883805316016,False,002352,顺丰控股
2020-10-30,299.43,301.58,285.53,287.75,27893284.0,2346001218.0,-0.03932095540547459,False,002352,顺丰控股
2020-11-02,290.43,301.17,290.32,292.62,20055744.0,1697989293.0,0.01678279134802429,False,002352,顺丰控股
2020-11-03,298.87,301.65,293.9,297.69,20605513.0,1763353849.0,0.017177837644243604,False,002352,顺丰控股
2020-11-04,297.41,312.81,295.4,309.99,32541735.0,2868173672.0,0.04048736230011355,False,002352,顺丰控股
2020-11-05,312.77,315.76,303.04,306.52,32333320.0,2845068088.0,-0.011257032792169799,False,002352,顺丰控股
2020-11-06,306.55,307.42,286.33,290.15,42958561.0,3618672914.0,-0.05488497546558625,False,002352,顺丰控股
2020-11-09,289.84,293.28,283.03,289.77,28903839.0,2398361476.0,-0.0013105257773030822,False,002352,顺丰控股
2020-11-10,288.24,293.17,284.52,287.27,20360903.0,1685976238.0,-0.0086649647926782,False,002352,顺丰控股
2020-11-11,288.1,289.77,278.02,279.41,23700344.0,1931319245.0,-0.027742302903583434,False,002352,顺丰控股
2020-11-12,279.24,284.28,273.85,282.71,17119803.0,1386028963.0,0.011741400097999738,False,002352,顺丰控股
2020-11-13,279.27,284.21,277.29,280.91,14482688.0,1167029966.0,-0.006387303926913613,False,002352,顺丰控股
2020-11-16,284.28,284.8,276.84,278.02,18176271.0,1460636986.0,-0.010341279785192274,False,002352,顺丰控股
2020-11-17,276.25,278.33,268.64,272.63,25790143.0,2017571804.0,-0.0195774889844206,False,002352,顺丰控股
2020-11-18,272.67,275.24,267.07,270.86,20386117.0,1583953669.0,-0.0065134823373005635,False,002352,顺丰控股
2020-11-19,272.32,282.82,272.32,280.77,23128634.0,1863060604.0,0.03593374661004946,False,002352,顺丰控股
2020-11-20,280.87,281.5,273.78,275.45,17088237.0,1357385109.0,-0.019129704918549276,False,002352,顺丰控股
2020-11-23,274.55,276.25,270.27,273.85,20768593.0,1632046399.0,-0.005825612688995132,False,002352,顺丰控股
2020-11-24,276.25,280.18,270.97,271.59,17751735.0,1400273650.0,-0.008286935074271811,False,002352,顺丰控股
2020-11-25,271.59,271.8,264.12,265.23,18570744.0,1422977005.0,-0.02369620206963579,False,002352,顺丰控股
2020-11-26,265.23,266.87,261.03,266.31,15151339.0,1148105933.0,0.00406366966251491,False,002352,顺丰控股
2020-11-27,268.01,273.78,265.27,270.9,18975465.0,1479902041.0,0.017088705342711608,False,002352,顺丰控股
2020-11-30,272.04,278.02,268.12,278.02,21119012.0,1663525336.0,0.025943304457897248,False,002352,顺丰控股
2020-12-01,276.6,282.99,274.55,279.41,18099519.0,1456982792.0,0.00498718361410612,False,002352,顺丰控股
2020-12-02,280.11,281.46,275.24,277.95,11562123.0,922854342.0,-0.005238995763574051,False,002352,顺丰控股
2020-12-03,278.37,281.6,273.85,281.11,14068258.0,1123864005.0,0.011304810408886671,False,002352,顺丰控股
2020-12-04,280.28,289.8,279.41,288.66,21296381.0,1759299022.0,0.026503473131052196,False,002352,顺丰控股
2020-12-07,288.45,289.84,283.41,284.1,13582191.0,1114140095.0,-0.015923236079275146,False,002352,顺丰控股
2020-12-08,284.1,285.39,278.51,278.75,11046805.0,892548352.0,-0.019010966085813777,False,002352,顺丰控股
2020-12-09,278.82,281.5,268.85,270.55,21518094.0,1688124418.0,-0.02985839868558422,False,002352,顺丰控股
2020-12-10,270.38,275.52,267.8,274.34,13656286.0,1067558763.0,0.013911288961516484,False,002352,顺丰控股
2020-12-11,275.38,276.56,270.72,272.01,15785281.0,1241155832.0,-0.008529382724186393,False,002352,顺丰控股
2020-12-14,274.2,276.56,270.65,272.81,9499216.0,747271120.0,0.0029367518628808744,False,002352,顺丰控股
2020-12-15,270.2,270.2,262.38,267.94,26900275.0,2052233507.0,-0.018012507340115485,False,002352,顺丰控股
2020-12-16,269.19,279.59,267.6,275.94,25454431.0,2019812929.0,0.029420375931047606,False,002352,顺丰控股
2020-12-17,277.67,281.71,273.43,275.76,17651114.0,1404082112.0,-0.0006525285712775723,False,002352,顺丰控股
2020-12-18,275.94,281.5,275.94,278.02,15013297.0,1202475194.0,0.0081621313403365,False,002352,顺丰控股
2020-12-21,279.62,284.59,278.2,284.38,23801196.0,1935412083.0,0.02261831841928197,False,002352,顺丰控股
2020-12-22,284.52,305.79,282.96,300.61,44180723.0,3781039147.0,0.055502371597051944,False,002352,顺丰控股
2020-12-23,300.54,302.52,295.05,301.65,25381816.0,2180474335.0,0.0034536613214904625,False,002352,顺丰控股
2020-12-24,299.26,308.5,295.78,299.53,18851409.0,1640528791.0,-0.007052825402731961,False,002352,顺丰控股
2020-12-25,299.53,304.02,291.02,298.7,17837010.0,1522132297.0,-0.0027748542619746124,False,002352,顺丰控股
2020-12-28,297.03,300.16,291.57,296.82,20487370.0,1741244182.0,-0.0063138307543918895,False,002352,顺丰控股
2020-12-29,298.39,299.5,291.92,295.92,15677510.0,1335035169.0,-0.003036746943473555,False,002352,顺丰控股
2020-12-30,294.88,307.73,294.7,302.9,23056412.0,2011754861.0,0.023313570508992933,False,002352,顺丰控股
2020-12-31,305.65,308.95,299.85,306.62,24896635.0,2186639983.0,0.012206477849116739,False,002352,顺丰控股
2021-01-04,309.26,315.55,304.36,314.44,32090184.0,2867756312.0,0.025184083043247527,False,002352,顺丰控股
2021-01-05,313.4,328.45,311.87,324.94,37725037.0,3483322399.0,0.03284727097604864,False,002352,顺丰控股
2021-01-06,327.02,330.98,320.77,321.71,26438363.0,2470088196.0,-0.009990031278075571,False,002352,顺丰控股
2021-01-07,324.59,326.01,314.79,320.66,33378933.0,3064879880.0,-0.0032691468628373217,False,002352,顺丰控股
2021-01-08,326.78,336.65,310.45,318.3,37315252.0,3468626248.0,-0.007387037472644166,False,002352,顺丰控股
2021-01-11,318.4,326.68,315.45,319.55,25893698.0,2398607655.0,0.003919421808243746,False,002352,顺丰控股
2021-01-12,318.68,322.82,310.34,321.64,24096621.0,2200600022.0,0.006519151583657531,False,002352,顺丰控股
2021-01-13,326.05,330.08,312.08,313.82,29437218.0,2701112888.0,-0.02461333454902606,False,002352,顺丰控股
2021-01-14,312.77,315.42,305.82,306.48,22093794.0,1966385301.0,-0.0236670727385286,False,002352,顺丰控股
2021-01-15,305.82,309.3,301.17,305.48,18387690.0,1614769482.0,-0.0032681903722101193,False,002352,顺丰控股
2021-01-18,304.4,316.25,300.96,313.54,18793724.0,1684079417.0,0.026042633620201636,False,002352,顺丰控股
2021-01-19,322.5,322.61,311.38,317.99,21752060.0,1983208999.0,0.014092992104458378,False,002352,顺丰控股
2021-01-20,317.85,332.86,312.77,326.64,22867719.0,2144082628.0,0.026838711266476845,False,002352,顺丰控股
2021-01-21,326.33,353.89,325.95,351.7,36926183.0,3668012763.0,0.07391989246861635,False,002352,顺丰控股
2021-01-22,349.99,351.04,342.77,348.88,28525919.0,2850456509.0,-0.0080505159454257,False,002352,顺丰控股
2021-01-25,348.05,357.88,343.39,355.14,26148132.0,2643592588.0,0.017784054396177737,False,002352,顺丰控股
2021-01-26,351.0,354.65,340.58,347.18,19467945.0,1948836961.0,-0.022668700490285486,False,002352,顺丰控股
2021-01-27,347.39,350.59,333.63,347.14,17772743.0,1752603845.0,-0.00011522064766756952,False,002352,顺丰控股
2021-01-28,344.05,345.79,336.44,337.73,14964216.0,1464026269.0,-0.02748139710173093,False,002352,顺丰控股
2021-01-29,341.24,351.8,337.34,344.02,20985130.0,2083775827.0,0.018453035527240303,False,002352,顺丰控股
2021-02-01,351.0,365.35,346.17,361.88,25532185.0,2637360466.0,0.050612869939296125,False,002352,顺丰控股
2021-02-02,363.17,373.52,354.34,371.85,21454594.0,2265444623.0,0.027177881991768436,False,002352,顺丰控股
2021-02-03,373.94,378.73,364.56,365.95,20562284.0,2198855123.0,-0.015993835102073167,False,002352,顺丰控股
2021-02-04,365.46,382.66,364.9,369.94,26972725.0,2906422952.0,0.010844118279166875,False,002352,顺丰控股
2021-02-10,406.95,406.95,393.09,406.95,25704462.0,2987151521.0,0.09534949744664739,False,002352,顺丰控股
2021-02-18,427.46,433.37,394.44,404.76,46606795.0,5546753275.0,-0.005396028911491235,False,002352,顺丰控股
2021-02-19,404.66,411.82,389.23,402.78,25753159.0,2954960908.0,-0.004903791682844056,False,002352,顺丰控股
2021-02-22,402.51,402.51,374.53,374.63,34994770.0,3875764557.0,-0.07245163495094066,False,002352,顺丰控股
2021-02-23,371.51,386.94,364.97,380.16,26640524.0,2900259127.0,0.014653344506450993,False,002352,顺丰控股
2021-02-24,379.78,380.12,351.35,360.77,34793203.0,3633958331.0,-0.05235158056154831,False,002352,顺丰控股
2021-02-25,364.9,371.33,358.2,367.51,21584961.0,2277830102.0,0.018509892994358575,False,002352,顺丰控股
2021-02-26,353.43,364.9,348.26,364.76,21951091.0,2253131981.0,-0.007510926101570914,False,002352,顺丰控股
2021-03-01,363.17,366.92,351.04,364.21,21115942.0,2189574813.0,-0.0015089787079393359,False,002352,顺丰控股
2021-03-02,369.39,371.16,351.25,354.1,21786109.0,2246043672.0,-0.02815126523966733,False,002352,顺丰控股
2021-03-03,347.53,356.39,341.27,354.34,17503502.0,1762052044.0,0.0006775450544330441,False,002352,顺丰控股
2021-03-04,350.86,350.9,331.89,341.06,24559864.0,2401296976.0,-0.038198489287523014,False,002352,顺丰控股
2021-03-05,333.73,342.31,331.19,337.45,14953205.0,1452077736.0,-0.01064106369535273,False,002352,顺丰控股
2021-03-08,339.19,341.97,316.25,316.46,32245298.0,3015131970.0,-0.06422049989857843,False,002352,顺丰控股
2021-03-09,316.25,320.52,303.88,312.77,33408109.0,3016611141.0,-0.011728755147529291,False,002352,顺丰控股
2021-03-10,320.52,324.94,314.09,319.41,24792692.0,2279330527.0,0.0210074478513168,False,002352,顺丰控股
2021-03-11,319.2,329.04,315.42,321.36,23042200.0,2142882859.0,0.006086446056402253,False,002352,顺丰控股
2021-03-12,325.22,325.63,313.3,319.1,17375172.0,1594064658.0,-0.007057456766828924,False,002352,顺丰控股
2021-03-15,320.07,321.39,305.82,310.9,19415372.0,1737346410.0,-0.02603321621948987,False,002352,顺丰控股
2021-03-16,314.48,320.45,312.46,319.72,16288902.0,1488997047.0,0.02797429569311029,False,002352,顺丰控股
2021-03-17,319.69,326.43,312.36,326.43,18604987.0,1716420776.0,0.020769917873211936,False,002352,顺丰控股
2021-03-18,323.41,324.24,310.34,318.68,31557443.0,2885709037.0,-0.02402806611886506,False,002352,顺丰控股
2021-03-19,312.36,312.36,288.45,297.9,60453619.0,5197856371.0,-0.06742960479292885,False,002352,顺丰控股
2021-03-22,294.11,296.44,289.8,295.4,35748517.0,3008712689.0,-0.00842748962195719,False,002352,顺丰控股
2021-03-23,295.95,296.72,286.05,293.66,27229388.0,2280278722.0,-0.005907734562487718,False,002352,顺丰控股
2021-03-24,291.96,293.76,279.06,285.49,28511526.0,2333437356.0,-0.028215633321863002,False,002352,顺丰控股
2021-03-25,281.57,288.13,280.14,287.89,17192134.0,1411787813.0,0.008371460519215435,False,002352,顺丰控股
2021-03-26,288.48,291.19,281.15,286.19,30305237.0,2498787856.0,-0.005922536821208762,False,002352,顺丰控股
2021-03-29,288.38,288.45,281.15,285.25,22801326.0,1870372532.0,-0.0032899371687501876,False,002352,顺丰控股
2021-03-30,284.97,293.94,282.82,289.32,25350214.0,2100163334.0,0.014167353238894852,False,002352,顺丰控股
2021-03-31,290.18,290.53,277.33,281.57,29849461.0,2411945368.0,-0.027152257463261064,False,002352,顺丰控股
2021-04-01,281.88,284.45,280.42,283.76,19773237.0,1605892964.0,0.007747725947547377,False,002352,顺丰控股
2021-04-02,285.39,299.71,283.93,288.76,37448011.0,3128607340.0,0.017467082805593847,False,002352,顺丰控股
2021-04-06,290.18,292.06,281.15,285.98,23429671.0,1924729614.0,-0.009674014966258977,False,002352,顺丰控股
2021-04-07,286.01,287.23,279.38,281.32,22766312.0,1845714049.0,-0.016429066864883775,False,002352,顺丰控股
2021-04-08,281.5,283.86,278.72,280.8,17683880.0,1429983405.0,-0.001850139288161366,False,002352,顺丰控股
2021-04-09,252.72,252.72,252.72,252.72,22059700.0,1604181384.0,-0.1053605156578264,False,002352,顺丰控股
2021-04-12,239.38,246.33,227.46,229.02,165625498.0,11114679797.0,-0.09847282050863632,False,002352,顺丰控股
2021-04-13,229.37,230.58,222.56,225.2,61047470.0,3974653422.0,-0.016820439719658173,False,002352,顺丰控股
2021-04-14,226.55,226.93,221.72,223.88,35958521.0,2318018783.0,-0.005878702242376459,False,002352,顺丰控股
2021-04-15,224.88,226.9,221.51,224.47,31901286.0,2057213166.0,0.0026318739402952196,False,002352,顺丰控股
2021-04-16,224.71,225.16,218.46,221.41,39615171.0,2514001402.0,-0.01372588159058331,False,002352,顺丰控股
2021-04-19,221.24,226.45,217.76,224.95,37043193.0,2385593045.0,0.01586196891431056,False,002352,顺丰控股
2021-04-20,226.95,226.95,221.81,223.94,32241832.0,2067238222.0,-0.0044999964551303735,False,002352,顺丰控股
2021-04-21,223.56,223.77,220.66,222.4,19475567.0,1238730234.0,-0.006900596455623522,False,002352,顺丰控股
2021-04-22,222.86,223.52,220.1,220.69,18466437.0,1167339293.0,-0.007718560516358807,False,002352,顺丰控股
2021-04-23,223.56,228.97,222.54,228.9,50617639.0,3276152354.0,0.03652622509845256,False,002352,顺丰控股
2021-04-26,228.94,235.19,222.47,230.86,53050045.0,3495361027.0,0.0085262392282451,False,002352,顺丰控股
2021-04-27,227.75,231.59,223.59,226.6,25801801.0,1676404389.0,-0.018625117592860254,False,002352,顺丰控股
2021-04-28,225.3,229.5,224.36,228.73,17420870.0,1134126387.0,0.00935592004536241,False,002352,顺丰控股
2021-04-29,229.67,230.33,223.56,223.84,22443444.0,1449936026.0,-0.021610757722097116,False,002352,顺丰控股
2021-04-30,225.13,226.0,221.46,224.78,19277250.0,1232841035.0,0.004190635172950016,False,002352,顺丰控股
2021-05-06,224.22,224.26,219.44,220.66,20431662.0,1295225672.0,-0.018499090757961033,False,002352,顺丰控股
2021-05-07,221.25,222.51,213.11,214.47,24467239.0,1521810342.0,-0.028453186885289826,False,002352,顺丰控股
2021-05-10,214.3,218.74,211.72,217.48,16803747.0,1041350095.0,0.013937023830849663,False,002352,顺丰控股
2021-05-11,217.06,219.92,213.11,218.67,16678713.0,1031428045.0,0.005456851784511307,False,002352,顺丰控股
2021-05-12,216.82,218.56,215.21,217.13,9842081.0,611120901.0,-0.007067491556550725,False,002352,顺丰控股
2021-05-13,215.56,222.09,214.3,220.52,17109175.0,1074662682.0,0.015492141215802283,False,002352,顺丰控股
2021-05-14,219.99,221.81,217.2,219.61,15635122.0,982429506.0,-0.004135147782281112,False,002352,顺丰控股
2021-05-17,219.54,230.37,219.09,227.75,30003936.0,1946928697.0,0.036395290200865946,False,002352,顺丰控股
2021-05-18,227.82,243.47,226.11,240.67,41069363.0,2796819270.0,0.05517816440424522,False,002352,顺丰控股
2021-05-19,240.88,251.12,235.08,242.77,43168967.0,3004275214.0,0.008687792522702844,False,002352,顺丰控股
2021-05-20,242.42,246.61,236.13,239.87,30140871.0,2073724112.0,-0.012017383146076905,False,002352,顺丰控股
2021-05-21,239.87,240.5,233.62,235.15,23213274.0,1567809772.0,-0.019873501529881685,False,002352,顺丰控股
2021-05-24,234.04,240.36,229.95,240.08,24451957.0,1645382354.0,0.02074859274105481,False,002352,顺丰控股
2021-05-25,239.8,242.77,237.28,241.06,28836053.0,1989393236.0,0.004073664028085697,False,002352,顺丰控股
2021-05-26,241.37,247.73,237.56,244.52,29676326.0,2063447101.0,0.014251240000327134,False,002352,顺丰控股
2021-05-27,242.07,245.49,241.06,243.12,17507902.0,1219299222.0,-0.005741956551987047,False,002352,顺丰控股
2021-05-28,243.19,249.86,243.15,243.99,28559828.0,2011565365.0,0.003572092238255959,False,002352,顺丰控股
2021-05-31,246.51,248.53,237.7,242.73,25306640.0,1749848418.0,-0.005177526358935601,False,002352,顺丰控股
2021-06-01,241.02,246.09,238.93,244.72,28145708.0,1956170321.0,0.008164985354790153,False,002352,顺丰控股
2021-06-02,244.9,254.65,243.82,253.56,41811681.0,2992113206.0,0.035485781573317644,False,002352,顺丰控股
2021-06-03,253.6,264.6,248.5,260.58,36971960.0,2725424202.0,0.027309434358819846,False,002352,顺丰控股
2021-06-04,257.79,267.74,256.99,264.53,30198680.0,2288932947.0,0.015044750641925378,False,002352,顺丰控股
2021-06-07,264.6,266.21,254.82,256.15,29844732.0,2203256300.0,-0.032191456031499574,False,002352,顺丰控股
2021-06-08,256.39,258.31,248.46,251.08,29398043.0,2121752079.0,-0.01999159693588018,False,002352,顺丰控股
2021-06-09,249.2,254.26,247.59,251.08,16038062.0,1155491846.0,0.0,False,002352,顺丰控股
2021-06-10,250.8,253.25,247.31,248.36,20757077.0,1487079393.0,-0.010892306952638877,False,002352,顺丰控股
2021-06-11,249.75,249.75,244.83,248.11,22554960.0,1596143639.0,-0.0010071102831214814,False,002352,顺丰控股
2021-06-15,248.15,251.26,240.6,242.8,18081660.0,1260261775.0,-0.021634137028227477,False,002352,顺丰控股
2021-06-16,242.52,243.61,235.54,237.6,17378198.0,1188287211.0,-0.021649471696853415,False,002352,顺丰控股
2021-06-17,237.18,238.61,229.67,234.04,24332776.0,1623858621.0,-0.015096546568454513,False,002352,顺丰控股
2021-06-18,232.25,236.76,230.65,236.73,18328707.0,1228545627.0,0.011428210281018068,False,002352,顺丰控股
2021-06-21,237.77,257.4,234.25,248.92,36099565.0,2553362860.0,0.05021130849996387,False,002352,顺丰控股
2021-06-22,249.02,252.41,242.77,245.04,22182752.0,1555449459.0,-0.015710097176497337,False,002352,顺丰控股
2021-06-23,245.42,246.16,237.63,240.92,23414170.0,1612206104.0,-0.01695653434899948,False,002352,顺丰控股
2021-06-24,242.07,246.26,239.1,244.59,20632849.0,1437839209.0,0.01511841116740891,False,002352,顺丰控股
2021-06-25,244.69,245.88,241.86,244.66,16672141.0,1166960507.0,0.00028615227584124564,False,002352,顺丰控股
2021-06-28,243.99,243.99,239.73,241.2,15204543.0,1047381966.0,-0.014243026765739939,False,002352,顺丰控股
2021-06-29,239.62,240.15,235.57,235.57,17630259.0,1197622053.0,-0.023618355648515294,False,002352,顺丰控股
2021-06-30,235.57,240.04,234.39,236.48,12753816.0,868226197.0,0.00385552855532189,False,002352,顺丰控股
2021-07-01,236.48,240.67,233.3,237.49,13624390.0,921883383.0,0.004261879565249626,False,002352,顺丰控股
2021-07-02,235.43,236.41,230.54,232.64,15944725.0,1061465034.0,-0.020633322979932072,False,002352,顺丰控股
2021-07-05,232.6,233.34,226.67,228.73,15699761.0,1028435839.0,-0.016949925705886257,False,002352,顺丰控股
2021-07-06,228.73,231.8,225.3,227.22,14394400.0,936426448.0,-0.006623557497509723,False,002352,顺丰控股
2021-07-07,227.05,235.12,226.42,233.37,16758953.0,1108715688.0,0.026706465745034012,False,002352,顺丰控股
2021-07-08,233.48,235.64,227.22,229.46,18617621.0,1232202420.0,-0.0168964545157954,False,002352,顺丰控股
2021-07-09,227.75,229.15,225.09,228.8,16320426.0,1059334314.0,-0.00288046286535403,False,002352,顺丰控股
2021-07-12,228.97,230.16,223.59,224.19,18474344.0,1195179841.0,-0.020354352895334417,False,002352,顺丰控股
2021-07-13,224.08,226.7,222.19,225.83,16972471.0,1090473172.0,0.007288597218904368,False,002352,顺丰控股
2021-07-14,227.05,245.84,226.0,235.08,44236774.0,3006072019.0,0.04014337791523698,False,002352,顺丰控股
2021-07-15,230.54,230.54,221.11,228.1,34308902.0,2209189343.0,-0.030141752454107457,False,002352,顺丰控股
2021-07-16,223.91,229.46,223.14,228.1,15600875.0,1017293716.0,0.0,False,002352,顺丰控股
2021-07-19,227.92,227.92,220.38,220.94,19797725.0,1260532534.0,-0.03189295784621325,False,002352,顺丰控股
2021-07-20,220.97,222.16,216.64,217.97,14006269.0,875469954.0,-0.013533732803707853,False,002352,顺丰控股
2021-07-21,217.97,221.01,215.49,216.15,17475760.0,1086489362.0,-0.00838482752678037,False,002352,顺丰控股
2021-07-22,216.26,218.28,213.36,216.68,18377439.0,1132454231.0,0.0024489996760572686,False,002352,顺丰控股
2021-07-23,216.71,216.75,212.03,215.35,20654205.0,1265740911.0,-0.006156999289578538,False,002352,顺丰控股
2021-07-26,213.6,215.7,204.59,208.54,27622654.0,1650855445.0,-0.032133742138672525,False,002352,顺丰控股
2021-07-27,208.5,208.5,196.14,198.62,36141956.0,2079862202.0,-0.04873741788623445,False,002352,顺丰控股
2021-07-28,197.25,198.72,189.99,195.12,28614979.0,1579659040.0,-0.01777869756754766,False,002352,顺丰控股
2021-07-29,196.45,207.24,195.72,206.02,29644029.0,1717007611.0,0.054358497547882564,False,002352,顺丰控股
2021-07-30,203.65,209.76,199.11,206.48,20515807.0,1196026083.0,0.002230303954810937,False,002352,顺丰控股
2021-08-02,206.48,217.27,203.65,212.31,25067125.0,1527055968.0,0.027843915345444628,False,002352,顺丰控股
2021-08-03,212.34,213.43,209.17,212.87,15026942.0,907189318.0,0.002634179988783605,False,002352,顺丰控股
2021-08-04,213.01,216.85,210.46,213.43,16505519.0,1011083489.0,0.002627259310890092,False,002352,顺丰控股
2021-08-05,212.94,214.44,208.71,209.58,18415732.0,1112997420.0,-0.018203382008681074,False,002352,顺丰控股
2021-08-06,209.58,210.63,204.28,209.55,16797130.0,998719734.0,-0.00014315367571506444,False,002352,顺丰控股
2021-08-09,209.06,217.72,207.07,214.65,16469594.0,1012539906.0,0.02404642029948899,False,002352,顺丰控股
2021-08-10,214.65,215.17,209.58,212.8,13107893.0,794521285.0,-0.008656037203080265,False,002352,顺丰控股
2021-08-11,213.71,215.63,206.37,207.31,18995982.0,1138717314.0,-0.02613749992246834,False,002352,顺丰控股
2021-08-12,206.79,210.18,204.97,207.8,10145507.0,601644093.0,0.002360821120106063,False,002352,顺丰控股
2021-08-13,206.83,211.68,205.78,209.97,11366459.0,678089369.0,0.010388584704430834,False,002352,顺丰控股
2021-08-16,209.97,211.05,208.05,208.43,9236193.0,553451220.0,-0.0073614099159786395,False,002352,顺丰控股
2021-08-17,208.5,211.3,203.26,204.31,12043149.0,713512928.0,-0.019964805201858785,False,002352,顺丰控股
2021-08-18,204.0,205.5,200.15,201.73,11813561.0,682737372.0,-0.01270827860546127,False,002352,顺丰控股
2021-08-19,201.62,203.37,200.92,201.69,8807031.0,509323010.0,-0.00019830449720428876,False,002352,顺丰控股
2021-08-20,202.6,206.06,198.69,202.81,14037498.0,810464994.0,0.005537715016985742,False,002352,顺丰控股
2021-08-23,199.8,203.3,196.7,198.09,19143656.0,1092781174.0,-0.023548107291451164,False,002352,顺丰控股
2021-08-24,199.11,211.12,196.66,209.97,25877048.0,1528750876.0,0.05824319049496835,False,002352,顺丰控股
2021-08-25,209.58,213.64,208.19,209.55,12783311.0,768975163.0,-0.002002288998477396,False,002352,顺丰控股
2021-08-26,208.96,210.39,205.04,206.62,8143628.0,481611107.0,-0.01408101694978117,False,002352,顺丰控股
2021-08-27,206.09,206.09,199.31,199.87,12286412.0,708823802.0,-0.033214202214848984,False,002352,顺丰控股
2021-08-30,199.45,205.39,195.61,200.36,13078946.0,748057003.0,0.0024485932829656897,False,002352,顺丰控股
2021-08-31,199.73,201.27,196.66,201.27,12997556.0,740146760.0,0.004531541753490255,False,002352,顺丰控股
2021-09-01,201.27,207.84,196.73,204.69,18424350.0,1074640774.0,0.016849349252535516,False,002352,顺丰控股
2021-09-02,205.6,208.99,197.36,198.62,23652290.0,1363529772.0,-0.030103188020229474,False,002352,顺丰控股
2021-09-03,198.69,198.9,194.42,196.28,22468051.0,1259326332.0,-0.011851240253509856,False,002352,顺丰控股
2021-09-06,195.61,212.87,194.95,210.77,40366420.0,2378967321.0,0.07122528032725309,False,002352,顺丰控股
2021-09-07,209.58,211.33,201.66,205.67,28750480.0,1686392958.0,-0.024494548987587603,False,002352,顺丰控股
2021-09-08,204.34,214.34,203.65,213.71,32794098.0,1976366953.0,0.03834701324073157,False,002352,顺丰控股
2021-09-09,214.51,223.0,210.98,222.23,33753157.0,2114067043.0,0.039092925791277315,False,002352,顺丰控股
2021-09-10,222.26,223.21,217.41,219.05,19521825.0,1228859849.0,-0.014412867333469657,False,002352,顺丰控股
2021-09-13,217.3,217.3,211.96,216.05,17271662.0,1059122301.0,-0.01379015188196533,False,002352,顺丰控股
2021-09-14,216.05,226.32,212.41,222.89,26728071.0,1690031274.0,0.031168513840159298,False,002352,顺丰控股
2021-09-15,219.99,227.78,219.85,225.13,26937518.0,1739402019.0,0.009999636914780993,False,002352,顺丰控股
2021-09-16,224.22,227.75,220.69,223.56,20626133.0,1320490731.0,-0.006998178731385073,False,002352,顺丰控股
2021-09-17,222.86,225.3,216.57,222.16,14458328.0,915455968.0,-0.006281991402953281,False,002352,顺丰控股
2021-09-22,217.55,237.01,217.16,234.46,28240068.0,1851386584.0,0.05388715464513812,False,002352,顺丰控股
2021-09-23,235.26,239.24,229.32,230.05,21013000.0,1404447252.0,-0.018988321042204555,False,002352,顺丰控股
2021-09-24,228.45,241.02,227.85,237.39,28906466.0,1970146203.0,0.031407681687733995,False,002352,顺丰控股
2021-09-27,237.39,245.14,235.08,241.13,26718775.0,1844768617.0,0.015631848854402157,False,002352,顺丰控股
2021-09-28,239.69,240.95,230.61,232.88,18922012.0,1269186478.0,-0.034812907706246,False,002352,顺丰控股
2021-09-29,231.94,238.4,229.5,231.52,18938679.0,1271750263.0,-0.005857036554194003,False,002352,顺丰控股
2021-09-30,232.64,232.85,226.28,228.27,13971751.0,913590650.0,-0.014137124026632706,False,002352,顺丰控股
2021-10-08,231.28,244.52,229.53,242.87,32824879.0,2262539914.0,0.06199718190758903,False,002352,顺丰控股
2021-10-11,242.84,248.01,238.61,239.56,19012883.0,1317586497.0,-0.013722413367868419,False,002352,顺丰控股
2021-10-12,240.15,245.88,236.2,241.06,20985628.0,1454735280.0,0.006241957763935967,False,002352,顺丰控股
2021-10-13,237.11,246.65,231.24,238.23,18291090.0,1253090894.0,-0.011809271584968304,False,002352,顺丰控股
2021-10-14,240.67,243.05,229.84,231.31,17003110.0,1138629718.0,-0.02947779137701965,False,002352,顺丰控股
2021-10-15,234.04,235.36,226.6,228.45,19539748.0,1281190941.0,-0.012441434188929134,False,002352,顺丰控股
2021-10-18,228.45,228.45,220.41,225.41,16347722.0,1044551296.0,-0.013396401815411586,False,002352,顺丰控股
2021-10-19,225.41,230.89,222.96,227.4,15906960.0,1032153026.0,0.008789615122566702,False,002352,顺丰控股
2021-10-20,227.71,228.83,219.57,221.46,22495639.0,1428402280.0,-0.026468595046473396,False,002352,顺丰控股
2021-10-21,220.94,224.43,217.62,221.88,26061225.0,1648758856.0,0.0018947089170715079,False,002352,顺丰控股
2021-10-22,223.45,224.26,217.79,218.32,27507284.0,1726641009.0,-0.016174818786950807,False,002352,顺丰控股
2021-10-25,216.89,220.76,213.71,219.68,26344474.0,1647251042.0,0.006210065619577911,False,002352,顺丰控股
2021-10-26,219.57,221.22,218.28,219.12,13908694.0,874907193.0,-0.002552417064838253,False,002352,顺丰控股
2021-10-27,218.07,224.64,216.92,219.71,27117833.0,1717361239.0,0.0026889700134562064,False,002352,顺丰控股
2021-10-28,218.32,222.02,215.14,220.45,19706532.0,1240264324.0,0.0033624168356675985,False,002352,顺丰控股
2021-10-29,220.48,228.62,219.05,225.76,32779318.0,2103919862.0,0.023801576300557282,False,002352,顺丰控股
2021-11-01,225.65,229.32,222.33,226.35,23009386.0,1493299224.0,0.0026099857774636573,False,002352,顺丰控股
2021-11-02,225.51,230.96,224.53,228.27,22671703.0,1478432179.0,0.00844666497457354,False,002352,顺丰控股
2021-11-03,228.8,231.17,225.65,227.61,14050621.0,914012799.0,-0.002895500838447853,False,002352,顺丰控股
2021-11-04,227.71,230.05,225.62,226.28,15188622.0,987619309.0,-0.005860467543138247,False,002352,顺丰控股
2021-11-05,225.69,226.07,219.3,219.64,20833137.0,1318523747.0,-0.029783328064283125,False,002352,顺丰控股
2021-11-08,219.4,219.4,211.16,211.99,33170656.0,2035070157.0,-0.03545073866251055,False,002352,顺丰控股
2021-11-09,211.92,212.97,208.57,210.56,15329526.0,922378852.0,-0.006768455611208797,False,002352,顺丰控股
2021-11-10,210.81,211.3,205.25,211.02,14244556.0,850116879.0,0.00218226757699374,False,002352,顺丰控股
2021-11-11,210.63,215.1,209.76,214.75,14333820.0,877248540.0,0.017521645150418527,False,002352,顺丰控股
2021-11-12,215.87,218.32,213.64,217.62,13446866.0,833317135.0,0.013275861658501307,False,002352,顺丰控股
2021-11-15,217.58,221.39,215.49,220.06,11781712.0,741103907.0,0.011149813918900577,False,002352,顺丰控股
2021-11-16,218.32,225.16,218.32,221.5,15553240.0,992633096.0,0.006522353043423732,False,002352,顺丰控股
2021-11-17,225.3,230.37,219.54,221.01,18395275.0,1179987282.0,-0.0022146401223585056,False,002352,顺丰控股
2021-11-18,221.01,230.54,219.3,228.24,26891181.0,1746830189.0,0.03218975754241262,False,002352,顺丰控股
2021-11-19,230.54,243.99,228.83,235.5,34626008.0,2356642552.0,0.03131320655122791,False,002352,顺丰控股
2021-11-22,237.91,239.14,232.78,232.78,20821737.0,1401308482.0,-0.011617111942642202,False,002352,顺丰控股
2021-11-23,232.64,232.64,223.8,229.15,24143032.0,1570476233.0,-0.01571699055869721,False,002352,顺丰控股
2021-11-24,228.59,232.81,226.32,230.3,13594528.0,896296155.0,0.005005995871506422,False,002352,顺丰控股
2021-11-25,229.15,229.15,222.79,223.35,15496824.0,996682450.0,-0.030642759028511917,False,002352,顺丰控股
2021-11-26,223.7,225.86,220.66,221.85,14116311.0,901506354.0,-0.0067385699732091554,False,002352,顺丰控股
2021-11-29,219.12,221.81,213.71,216.15,18469867.0,1145310295.0,-0.026028866711277625,False,002352,顺丰控股
2021-11-30,216.5,217.72,213.15,213.88,15118873.0,928553339.0,-0.01055750103311006,False,002352,顺丰控股
2021-12-01,215.14,216.57,213.18,214.4,15595259.0,957953410.0,0.002428319116116086,False,002352,顺丰控股
2021-12-02,214.37,214.37,209.58,210.53,19693256.0,1188973797.0,-0.018215268414182903,False,002352,顺丰控股
2021-12-03,210.53,211.89,208.64,211.33,14512272.0,873944790.0,0.003792731991596822,False,002352,顺丰控股
2021-12-06,211.51,217.23,209.24,217.23,23636810.0,1448553107.0,0.02753580729477826,False,002352,顺丰控股
2021-12-07,218.84,220.48,215.87,219.71,18361542.0,1150631084.0,0.011351794899439938,False,002352,顺丰控股
2021-12-08,219.89,222.89,219.19,220.27,16989119.0,1074314893.0,0.0025455716277872948,False,002352,顺丰控股
2021-12-09,220.62,230.54,220.17,229.63,31017628.0,2022042645.0,0.0416152513347128,False,002352,顺丰控股
2021-12-10,227.05,230.89,226.39,228.83,14801929.0,967929461.0,-0.0034899481393463297,False,002352,顺丰控股
2021-12-13,230.51,232.88,227.92,230.47,17990061.0,1187878192.0,0.0071413323309667135,False,002352,顺丰控股
2021-12-14,229.84,230.02,221.6,223.31,18995848.0,1219854118.0,-0.0315597614756033,False,002352,顺丰控股
2021-12-15,221.81,222.86,216.95,217.55,16775640.0,1049967085.0,-0.026132231480106728,False,002352,顺丰控股
2021-12-16,216.92,221.57,216.61,221.36,11969868.0,750852591.0,0.01736162631198127,False,002352,顺丰控股
2021-12-17,220.94,221.22,216.57,220.03,11683170.0,732065219.0,-0.0060264347866208256,False,002352,顺丰控股
2021-12-20,223.56,230.54,221.18,222.65,21409802.0,1382596991.0,0.011837131075661733,False,002352,顺丰控股
2021-12-21,220.83,228.17,219.12,226.88,16376402.0,1054545430.0,0.018820211576051227,False,002352,顺丰控股
2021-12-22,225.65,236.06,225.62,233.16,28693940.0,1914956392.0,0.027303669833586282,False,002352,顺丰控股
2021-12-23,232.29,235.4,230.58,233.16,15135124.0,1012481782.0,0.0,False,002352,顺丰控股
2021-12-24,233.16,243.12,229.77,240.5,27249793.0,1859546686.0,0.03099517636846682,False,002352,顺丰控股
2021-12-27,240.46,243.12,236.83,240.15,13516956.0,926400278.0,-0.0014563614349825148,False,002352,顺丰控股
2021-12-28,239.24,242.07,236.34,238.09,13971419.0,954873015.0,-0.008614974660022532,False,002352,顺丰控股
2021-12-29,239.9,245.74,238.79,239.9,27334876.0,1896867315.0,0.00757341639483793,False,002352,顺丰控股
2021-12-30,238.58,243.36,237.81,241.09,13297534.0,915909685.0,0.004948137915559488,False,002352,顺丰控股
2021-12-31,240.6,242.04,235.78,240.74,13653695.0,937766715.0,-0.0014527948096197528,False,002352,顺丰控股
2022-01-04,241.79,250.52,240.11,249.48,23473866.0,1653355607.0,0.03566123870633297,False,002352,顺丰控股
2022-01-05,246.82,253.84,246.82,249.06,22479239.0,1613401776.0,-0.0016849203649194119,False,002352,顺丰控股
2022-01-06,249.06,250.8,237.53,238.89,21113367.0,1458615813.0,-0.04169063635553928,False,002352,顺丰控股
2022-01-07,238.93,243.75,234.77,239.62,14644326.0,1007933149.0,0.0030511402742898234,False,002352,顺丰控股
2022-01-10,240.95,241.72,235.08,240.11,12061099.0,825352013.0,0.0020428164609324097,False,002352,顺丰控股
2022-01-11,244.45,249.75,236.24,236.41,17398256.0,1200843996.0,-0.01552956585097898,False,002352,顺丰控股
2022-01-12,237.91,240.95,235.29,236.62,11819759.0,801622880.0,0.000887893003810235,False,002352,顺丰控股
2022-01-13,236.73,237.42,229.46,229.98,13119045.0,870639763.0,-0.02846313020499807,False,002352,顺丰控股
2022-01-14,227.05,233.34,225.79,230.51,13577194.0,893940364.0,0.0023018968230674474,False,002352,顺丰控股
2022-01-17,231.94,235.26,227.64,233.41,10141889.0,675412960.0,0.012502318392509485,False,002352,顺丰控股
2022-01-18,232.64,235.08,229.67,232.43,11729186.0,778189534.0,-0.004207459409759816,False,002352,顺丰控股
2022-01-19,231.28,234.28,228.27,229.5,11663056.0,768442363.0,-0.012686074925736061,False,002352,顺丰控股
2022-01-20,230.58,238.58,228.8,235.71,16799726.0,1127268491.0,0.0266992063552401,False,002352,顺丰控股
2022-01-21,235.68,236.83,231.1,235.43,11035061.0,738693272.0,-0.0011886064989811774,False,002352,顺丰控股
2022-01-24,234.66,234.66,227.08,228.2,13015975.0,853785426.0,-0.031191191928883602,False,002352,顺丰控股
2022-01-25,227.05,228.8,220.06,220.45,13442809.0,859782535.0,-0.03455152562402864,False,002352,顺丰控股
2022-01-26,220.41,227.29,220.41,226.84,10180435.0,656205035.0,0.02857401134188073,False,002352,顺丰控股
2022-01-27,225.3,226.98,220.41,220.52,9466432.0,603700291.0,-0.02825652942434443,False,002352,顺丰控股
2022-01-28,222.75,227.05,221.08,221.29,14854822.0,951380856.0,0.0034856647862916944,False,002352,顺丰控股
2022-02-07,225.3,232.92,223.59,225.51,14686632.0,956579365.0,0.01889044534971246,False,002352,顺丰控股
2022-02-08,225.65,229.39,223.66,228.97,14030257.0,912151617.0,0.015226486748118703,False,002352,顺丰控股
2022-02-09,229.08,231.87,222.26,224.19,15401633.0,990926696.0,-0.021097083995297375,False,002352,顺丰控股
2022-02-10,223.84,224.19,217.13,218.77,18981425.0,1189341122.0,-0.024472956980493118,False,002352,顺丰控股
2022-02-11,218.84,220.9,214.93,218.63,11731183.0,733500575.0,-0.0006401463410190343,False,002352,顺丰控股
2022-02-14,216.54,216.54,210.28,212.66,15550263.0,945055118.0,-0.027686157065856136,False,002352,顺丰控股
2022-02-15,213.04,215.17,207.07,215.14,15066864.0,911569810.0,0.011594332780919227,False,002352,顺丰控股
2022-02-16,214.16,216.57,213.11,215.52,9934402.0,611813942.0,0.0017647336581945842,False,002352,顺丰控股
2022-02-17,215.94,216.71,212.17,215.35,11642992.0,715618358.0,-0.0007891011619343281,False,002352,顺丰控股
2022-02-18,213.95,214.82,211.23,214.47,8987380.0,548711761.0,-0.004094743053249405,False,002352,顺丰控股
2022-02-21,216.22,219.19,214.65,217.09,12059721.0,748139439.0,0.012142145653793953,False,002352,顺丰控股
2022-02-22,214.13,214.27,207.84,210.32,14671617.0,883263976.0,-0.03168183367903831,False,002352,顺丰控股
2022-02-23,210.32,211.51,209.24,211.02,12882107.0,775919072.0,0.0033227352923205027,False,002352,顺丰控股
2022-02-24,209.93,210.28,202.0,203.96,25090540.0,1475296781.0,-0.034029019526991104,False,002352,顺丰控股
2022-02-25,205.92,210.21,205.39,209.24,15207046.0,909399061.0,0.02555802231545535,False,002352,顺丰控股
2022-02-28,209.06,210.98,204.69,210.98,13686721.0,809619558.0,0.008281423751252303,False,002352,顺丰控股
2022-03-01,209.34,209.41,199.45,200.99,39584741.0,2292181649.0,-0.04850818667600215,False,002352,顺丰控股
2022-03-02,199.45,203.58,196.59,202.88,17419973.0,1002868374.0,0.009359515671200592,False,002352,顺丰控股
2022-03-03,206.69,208.36,203.51,204.41,20213772.0,1191284319.0,0.007513109563024882,False,002352,顺丰控股
2022-03-04,203.05,207.77,200.68,205.18,14419549.0,851029588.0,0.0037598618476809135,False,002352,顺丰控股
2022-03-07,202.7,203.65,195.19,195.96,18257235.0,1033849593.0,-0.0459770858891926,False,002352,顺丰控股
2022-03-08,194.49,196.52,186.11,190.69,22855881.0,1248912410.0,-0.027261483923838682,False,002352,顺丰控股
2022-03-09,188.91,190.48,178.43,185.97,26072269.0,1385516259.0,-0.02506370246459772,False,002352,顺丰控股
2022-03-10,190.83,191.7,185.97,187.54,15974058.0,860892200.0,0.008406785609541367,False,002352,顺丰控股
2022-03-11,181.29,187.68,180.56,187.61,14800374.0,782697445.0,0.0003731840640406322,False,002352,顺丰控股
2022-03-14,184.09,184.71,178.85,178.85,24673359.0,1279060606.0,-0.047817874350492874,False,002352,顺丰控股
2022-03-15,178.81,178.81,165.96,166.9,37311731.0,1822783368.0,-0.06915263503723725,False,002352,顺丰控股
2022-03-16,171.16,173.64,163.13,173.29,25040101.0,1210652430.0,0.03757166098436454,False,002352,顺丰控股
2022-03-17,177.45,180.14,173.96,175.04,23488104.0,1186202365.0,0.010048027581462388,False,002352,顺丰控股
2022-03-18,175.04,176.54,172.38,172.91,33311861.0,1652895115.0,-0.01224329131691834,False,002352,顺丰控股
2022-03-21,173.08,173.15,164.59,167.07,37222974.0,1787534582.0,-0.034358341647011036,False,002352,顺丰控股
2022-03-22,168.96,169.0,162.43,164.45,33748138.0,1588781218.0,-0.01580631363462095,False,002352,顺丰控股
2022-03-23,164.14,165.29,162.04,164.87,24325326.0,1140760488.0,0.0025507119380212217,False,002352,顺丰控股
2022-03-24,164.14,164.14,160.23,160.75,22427841.0,1036648067.0,-0.025306921455358466,False,002352,顺丰控股
2022-03-25,162.67,162.74,156.14,156.98,24785085.0,1122853510.0,-0.023731954419061216,False,002352,顺丰控股
2022-03-28,153.66,156.25,151.98,153.38,18028378.0,792807354.0,-0.023199906361954424,False,002352,顺丰控股
2022-03-29,153.38,153.9,149.33,149.57,21909307.0,947625393.0,-0.025153991665478007,False,002352,顺丰控股
2022-03-30,150.87,155.16,148.49,154.99,26528779.0,1154769811.0,0.03559608803772432,False,002352,顺丰控股
2022-03-31,153.7,162.32,153.03,159.63,39272979.0,1794381121.0,0.029498038567428237,False,002352,顺丰控股
2022-04-01,159.63,172.91,158.17,171.16,43146544.0,2082999222.0,0.06974015427222857,False,002352,顺丰控股
2022-04-06,171.2,175.6,167.18,171.37,30767136.0,1515695632.0,0.0012261701241416787,False,002352,顺丰控股
2022-04-07,171.06,172.24,166.27,166.38,18325053.0,883091104.0,-0.029550632817016125,False,002352,顺丰控股
2022-04-08,168.05,172.42,165.08,168.58,16915453.0,813970834.0,0.013136085713594486,False,002352,顺丰控股
2022-04-11,172.0,175.53,167.49,172.91,38508695.0,1889659741.0,0.025360813347361736,False,002352,顺丰控股
2022-04-12,173.19,188.1,170.22,182.69,56475039.0,2894391313.0,0.0550194994317805,False,002352,顺丰控股
2022-04-13,182.79,188.63,181.64,183.39,49446312.0,2629975929.0,0.0038243053602652617,False,002352,顺丰控股
2022-04-14,181.71,186.29,178.15,181.12,27613326.0,1436209787.0,-0.012455237693925541,False,002352,顺丰控股
2022-04-15,179.54,179.54,174.48,175.04,20554946.0,1034108293.0,-0.034145275781201745,False,002352,顺丰控股
2022-04-18,174.48,182.55,171.82,182.51,23338070.0,1195263198.0,0.04179044680831294,False,002352,顺丰控股
2022-04-19,181.4,183.42,178.88,180.14,14772311.0,764080092.0,-0.013070639686332458,False,002352,顺丰控股
2022-04-20,178.85,181.99,176.02,177.87,12141815.0,621015816.0,-0.012681379968210683,False,002352,顺丰控股
2022-04-21,178.32,178.71,169.55,171.51,25253987.0,1248107703.0,-0.03641137244339651,False,002352,顺丰控股
2022-04-22,169.94,172.38,165.5,169.69,14687115.0,711261669.0,-0.010668330959254894,False,002352,顺丰控股
2022-04-25,167.14,168.02,157.57,157.75,23231167.0,1078836142.0,-0.07296174156341215,False,002352,顺丰控股
2022-04-26,158.83,163.76,157.61,158.66,16913546.0,776543810.0,0.00575204645253441,False,002352,顺丰控股
2022-04-27,157.19,162.25,155.79,161.73,19258936.0,879937365.0,0.019164730257830033,False,002352,顺丰控股
2022-04-28,165.92,169.59,161.73,165.92,23267809.0,1101492249.0,0.025577466349530203,False,002352,顺丰控股
2022-04-29,166.69,180.42,166.03,179.19,33604500.0,1668787637.0,0.07694095093110727,False,002352,顺丰控股
2022-05-05,174.83,180.0,173.82,176.57,23798394.0,1206456659.0,-0.014729297097617455,False,002352,顺丰控股
2022-05-06,172.21,175.63,169.94,171.75,12936918.0,637144720.0,-0.027677467212248123,False,002352,顺丰控股
2022-05-09,171.79,176.16,170.71,174.16,9330703.0,465084173.0,0.013934485823833198,False,002352,顺丰控股
2022-05-10,171.82,175.7,166.97,173.47,14703070.0,723102938.0,-0.00396974315297438,False,002352,顺丰控股
2022-05-11,174.37,179.79,171.86,175.91,21848516.0,1099447551.0,0.013967826837496488,False,002352,顺丰控股
2022-05-12,173.61,178.11,172.03,172.91,14338535.0,714856895.0,-0.01720127269411615,False,002352,顺丰控股
2022-05-13,174.3,175.95,172.07,173.96,10987149.0,546266009.0,0.006054159812739675,False,002352,顺丰控股
2022-05-16,173.89,175.67,169.38,170.04,11420293.0,560244143.0,-0.022791684238848385,False,002352,顺丰控股
2022-05-17,169.9,175.53,168.37,172.21,15519849.0,765796070.0,0.012680958826218856,False,002352,顺丰控股
2022-05-18,172.28,173.12,164.21,169.76,27377666.0,1316597131.0,-0.014328987451135226,False,002352,顺丰控股
2022-05-19,166.79,168.72,162.78,164.87,49623888.0,2343761730.0,-0.029228390292585747,False,002352,顺丰控股
2022-05-20,166.2,177.27,164.0,176.54,54346840.0,2680389417.0,0.06839019501899944,False,002352,顺丰控股
2022-05-23,176.54,177.87,172.91,175.25,31990434.0,1602278822.0,-0.007333953677387307,False,002352,顺丰控股
2022-05-24,175.21,176.05,168.37,168.75,29784700.0,1462935593.0,-0.037795196162060236,False,002352,顺丰控股
2022-05-25,170.04,170.85,166.79,169.41,21171481.0,1025916253.0,0.0039034826002159006,False,002352,顺丰控股
2022-05-26,169.55,177.45,168.79,176.37,33062782.0,1650191210.0,0.04026224872941827,False,002352,顺丰控股
2022-05-27,177.45,180.94,174.16,174.93,23639868.0,1197632300.0,-0.008198167180098952,False,002352,顺丰控股
2022-05-30,178.6,181.33,175.53,180.14,28241530.0,1449904754.0,0.02934843245342226,False,002352,顺丰控股
2022-05-31,179.72,182.2,177.55,181.29,27230291.0,1404780780.0,0.006363632685980032,False,002352,顺丰控股
2022-06-01,179.26,186.08,179.23,182.69,30704544.0,1612973539.0,0.007692768306901504,False,002352,顺丰控股
2022-06-02,181.64,183.74,180.21,181.19,17218908.0,893941530.0,-0.008244522900462285,False,002352,顺丰控股
2022-06-06,180.63,182.41,175.21,179.37,26911846.0,1375351194.0,-0.010095492887093384,False,002352,顺丰控股
2022-06-07,178.5,185.8,177.87,184.89,30552377.0,1601231929.0,0.030310342081338617,False,002352,顺丰控股
2022-06-08,185.06,187.65,183.21,186.53,25217328.0,1337905684.0,0.008831030414209908,False,002352,顺丰控股
2022-06-09,186.46,186.5,180.35,180.98,16757726.0,875510406.0,-0.03020555613348407,False,002352,顺丰控股
2022-06-10,179.93,184.43,178.88,183.74,16056270.0,837984498.0,0.015135186920333367,False,002352,顺丰控股
2022-06-13,180.1,182.27,176.64,180.24,21707761.0,1113817360.0,-0.019232418719331415,False,002352,顺丰控股
2022-06-14,178.15,179.44,174.97,177.73,21389221.0,1082537601.0,-0.01402375135208874,False,002352,顺丰控股
2022-06-15,178.77,182.84,177.62,180.7,21839396.0,1124353169.0,0.01657265282628249,False,002352,顺丰控股
2022-06-16,180.67,183.61,180.0,182.42,15560036.0,809518030.0,0.00947352315382959,False,002352,顺丰控股
2022-06-17,181.05,183.26,177.55,181.93,24149020.0,1238992566.0,-0.002689723043300036,False,002352,顺丰控股
2022-06-20,185.01,186.17,182.88,183.33,19193698.0,1009028199.0,0.007665809866221725,False,002352,顺丰控股
2022-06-21,183.44,184.73,181.16,182.81,14016337.0,732015962.0,-0.002840445455940068,False,002352,顺丰控股
2022-06-22,182.28,183.33,175.09,175.65,21415235.0,1088791199.0,-0.03995398340715772,False,002352,顺丰控股
2022-06-23,175.79,177.37,172.01,174.22,24877109.0,1231598523.0,-0.008174510321090135,False,002352,顺丰控股
2022-06-24,174.22,185.75,173.94,184.45,43327395.0,2247852214.0,0.05705955565193856,False,002352,顺丰控股
2022-06-27,184.45,191.04,184.1,189.85,36814364.0,1985139290.0,0.028855862635126774,False,002352,顺丰控股
2022-06-28,189.29,195.92,188.1,194.2,29840424.0,1642507501.0,0.022654269179413274,False,002352,顺丰控股
2022-06-29,194.16,195.95,190.97,191.6,21550892.0,1187004756.0,-0.013478690320464328,False,002352,顺丰控股
2022-06-30,191.6,199.42,191.18,195.64,24027806.0,1345616488.0,0.020866370134396323,False,002352,顺丰控股
2022-07-01,196.48,200.16,194.37,196.23,14635826.0,822025558.0,0.003011204970074606,False,002352,顺丰控股
2022-07-04,195.95,198.02,192.1,196.23,12946571.0,722199867.0,0.0,False,002352,顺丰控股
2022-07-05,198.02,200.82,194.55,197.84,22393582.0,1259658276.0,0.008171182571929683,False,002352,顺丰控股
2022-07-06,196.72,196.72,188.59,191.15,21384730.0,1169871112.0,-0.03440016307073895,False,002352,顺丰控股
2022-07-07,191.08,191.18,186.31,186.84,17985681.0,963751185.0,-0.02280582450851453,False,002352,顺丰控股
2022-07-08,188.94,192.27,187.12,190.62,16165427.0,876011289.0,0.020029281875572583,False,002352,顺丰控股
2022-07-11,189.29,189.57,182.56,184.03,13716453.0,722840510.0,-0.03518312971237671,False,002352,顺丰控股
2022-07-12,185.82,186.84,180.53,181.33,15105504.0,784428603.0,-0.014780212131168879,False,002352,顺丰控股
2022-07-13,180.88,182.98,179.58,181.44,16658516.0,861482683.0,0.0006064448734530284,False,002352,顺丰控股
2022-07-14,181.33,183.4,179.23,181.58,14321813.0,739322230.0,0.0007713074042240486,False,002352,顺丰控股
2022-07-15,184.03,186.0,177.83,178.35,36160468.0,1872892508.0,-0.017948416138710708,False,002352,顺丰控股
2022-07-18,178.88,183.4,178.35,181.96,19161579.0,988023478.0,0.020038970896902798,False,002352,顺丰控股
2022-07-19,182.63,191.04,180.56,191.04,32856778.0,1763572856.0,0.04869594750243377,False,002352,顺丰控股
2022-07-20,191.74,192.06,188.59,188.94,15824511.0,856352778.0,-0.011053325863248902,False,002352,顺丰控股
2022-07-21,186.56,191.53,185.43,185.79,17317627.0,925436365.0,-0.016812500722909095,False,002352,顺丰控股
2022-07-22,185.47,187.19,183.19,185.79,14061081.0,742952246.0,0.0,False,002352,顺丰控股
2022-07-25,186.49,188.38,184.1,184.49,11709747.0,620454840.0,-0.007021742148405194,False,002352,顺丰控股
2022-07-26,184.28,185.68,181.58,182.67,14035778.0,731283547.0,-0.009914015181081703,False,002352,顺丰控股
2022-07-27,182.28,182.56,177.72,178.56,17185824.0,877847241.0,-0.022756567095646187,False,002352,顺丰控股
2022-07-28,178.77,179.83,177.69,177.79,15016138.0,765415752.0,-0.004321600664465945,False,002352,顺丰控股
2022-07-29,178.25,178.6,173.06,174.71,23155192.0,1152548113.0,-0.017475622042127062,False,002352,顺丰控股
2022-08-01,174.71,174.71,170.61,171.38,19734912.0,965629881.0,-0.019244143245380516,False,002352,顺丰控股
2022-08-02,169.84,172.68,166.4,169.06,19471357.0,941368047.0,-0.013629631740191146,False,002352,顺丰控股
2022-08-03,168.61,171.2,167.77,168.89,16937890.0,818429664.0,-0.0010060660709518149,False,002352,顺丰控股
2022-08-04,169.77,172.08,168.43,169.13,15923712.0,770826732.0,0.0014200345561207858,False,002352,顺丰控股
2022-08-05,168.96,171.41,168.08,171.13,12965318.0,627944905.0,0.011755851603409856,False,002352,顺丰控股
2022-08-08,171.03,172.92,169.7,170.5,13791411.0,671062861.0,-0.0036882048657888664,False,002352,顺丰控股
2022-08-09,170.29,172.29,169.13,171.66,12622754.0,617213186.0,0.006780479566502441,False,002352,顺丰控股
2022-08-10,171.48,171.9,167.42,168.36,18021957.0,868029719.0,-0.01941123238770389,False,002352,顺丰控股
2022-08-11,168.4,174.08,168.36,173.48,17477440.0,859165845.0,0.029957775064795536,False,002352,顺丰控股
2022-08-12,173.48,175.27,172.43,174.53,10727735.0,533867225.0,0.0060343276695798,False,002352,顺丰控股
2022-08-15,174.53,177.02,173.17,174.95,11485727.0,574014307.0,0.002403572176951704,False,002352,顺丰控股
2022-08-16,174.57,176.6,173.59,174.04,9302575.0,464032680.0,-0.005215060961217662,False,002352,顺丰控股
2022-08-17,174.11,177.76,172.68,177.34,16615565.0,834333259.0,0.018783636099381683,False,002352,顺丰控股
2022-08-18,176.71,177.3,173.52,174.29,10377287.0,516850984.0,-0.01734821541827082,False,002352,顺丰控股
2022-08-19,175.23,177.55,174.39,174.85,9419699.0,472312153.0,0.003207884975794577,False,002352,顺丰控股
2022-08-22,173.94,178.74,173.52,177.65,12956660.0,655469857.0,0.01588685895765126,False,002352,顺丰控股
2022-08-23,177.06,177.34,173.94,174.32,9772534.0,487328637.0,-0.01892263183067177,False,002352,顺丰控股
2022-08-24,174.36,175.58,171.55,172.11,8855215.0,437784683.0,-0.012758883354474908,False,002352,顺丰控股
2022-08-25,172.11,173.87,170.26,173.8,10053343.0,493200105.0,0.009771405549402345,False,002352,顺丰控股
2022-08-26,174.88,176.6,172.53,173.06,7560092.0,375537845.0,-0.004266857652698942,False,002352,顺丰控股
2022-08-29,171.38,172.01,168.26,168.89,13311724.0,643338509.0,-0.024390739748762914,False,002352,顺丰控股
2022-08-30,168.99,172.18,168.57,172.18,12532472.0,609707954.0,0.019292825799978843,False,002352,顺丰控股
2022-08-31,173.55,174.57,170.99,173.27,17959413.0,885571331.0,0.006310630292946761,False,002352,顺丰控股
2022-09-01,172.82,175.97,170.82,171.27,15908175.0,788598929.0,-0.011609812878477857,False,002352,顺丰控股
2022-09-02,171.97,173.55,168.61,169.84,11667166.0,567145451.0,-0.008384441249276888,False,002352,顺丰控股
2022-09-05,168.89,170.36,166.51,167.35,11430695.0,545762390.0,-0.014769389737665051,False,002352,顺丰控股
2022-09-06,167.49,168.89,163.28,166.12,16702437.0,787915973.0,-0.007377008894782752,False,002352,顺丰控股
2022-09-07,165.94,170.36,164.44,164.75,22953433.0,1088010648.0,-0.008281245379936202,False,002352,顺丰控股
2022-09-08,165.49,170.64,164.82,168.4,20515252.0,983729144.0,0.021912928425609858,False,002352,顺丰控股
2022-09-09,170.01,177.06,168.71,176.6,33174571.0,1655967000.0,0.04754518636163312,False,002352,顺丰控股
2022-09-13,177.06,182.84,177.06,180.14,29408117.0,1520859903.0,0.019847038185737187,False,002352,顺丰控股
2022-09-14,178.25,180.63,176.25,178.77,17430841.0,888641048.0,-0.007634262928599439,False,002352,顺丰控股
2022-09-15,180.04,180.25,175.62,176.99,19689248.0,997078326.0,-0.010006829624334803,False,002352,顺丰控股
2022-09-16,176.85,176.88,170.05,170.71,16500861.0,811958028.0,-0.03612702341000097,False,002352,顺丰控股
2022-09-19,170.96,173.8,168.78,170.57,14620437.0,713626859.0,-0.000820440739879915,False,002352,顺丰控股
2022-09-20,171.52,174.15,169.66,171.87,13406457.0,655500641.0,0.007592607435814625,False,002352,顺丰控股
2022-09-21,171.41,171.41,166.86,167.84,13148614.0,631822198.0,-0.023727232440609067,False,002352,顺丰控股
2022-09-22,166.23,167.66,156.8,158.86,44123140.0,2020110682.0,-0.05498783344300095,False,002352,顺丰控股
2022-09-23,161.21,165.91,160.83,163.7,35472145.0,1649807920.0,0.03001217317210311,False,002352,顺丰控股
2022-09-26,161.32,164.75,159.64,160.48,23218914.0,1070587456.0,-0.019866160163463768,False,002352,顺丰控股
2022-09-27,159.78,169.66,159.32,168.68,27522990.0,1302367933.0,0.049834104664733814,False,002352,顺丰控股
2022-09-28,168.26,173.73,166.93,167.56,19538591.0,946392943.0,-0.006661932799525033,False,002352,顺丰控股
2022-09-29,167.77,168.61,164.86,165.73,14724360.0,699076233.0,-0.010981537943381574,False,002352,顺丰控股
2022-09-30,167.07,167.56,164.16,165.52,16123663.0,763235679.0,-0.0012679246981648735,False,002352,顺丰控股
2022-10-10,166.16,166.51,159.14,159.46,12142769.0,559791389.0,-0.037298926362938176,False,002352,顺丰控股
2022-10-11,160.55,160.76,156.38,157.81,15974383.0,718876876.0,-0.01040132931430805,False,002352,顺丰控股
2022-10-12,157.5,160.37,154.34,160.2,13670971.0,612895101.0,0.015031256874217462,False,002352,顺丰控股
2022-10-13,158.97,161.95,158.48,160.2,11500925.0,527004904.0,0.0,False,002352,顺丰控股
2022-10-14,166.51,174.39,165.94,173.34,39387470.0,1935312897.0,0.07883194907194004,False,002352,顺丰控股
2022-10-17,172.11,180.7,171.87,179.69,34593737.0,1756873624.0,0.035978160232163374,False,002352,顺丰控股
2022-10-18,179.69,181.51,177.41,178.35,17399957.0,888145722.0,-0.007485232133461814,False,002352,顺丰控股
2022-10-19,178.35,182.0,175.48,179.55,19489408.0,999265323.0,0.006705808867191422,False,002352,顺丰控股
2022-10-20,178.81,181.12,176.85,177.62,17295138.0,881314707.0,-0.010807283841733819,False,002352,顺丰控股
2022-10-21,177.79,181.12,177.23,179.51,16169081.0,830667603.0,0.010584479852620734,False,002352,顺丰控股
2022-10-24,178.11,181.16,172.18,172.96,22024058.0,1098810887.0,-0.037170562792080565,False,002352,顺丰控股
2022-10-25,174.53,176.29,170.26,172.04,16226478.0,799362816.0,-0.005333345975362729,False,002352,顺丰控股
2022-10-26,171.34,178.28,171.34,175.87,14184254.0,712192837.0,0.022018077832737345,False,002352,顺丰控股
2022-10-27,175.9,180.14,175.87,178.32,16735453.0,853751955.0,0.01383460332934045,False,002352,顺丰控股
2022-10-28,177.41,179.86,173.17,174.85,13304784.0,668343022.0,-0.019651225568228545,False,002352,顺丰控股
2022-10-31,173.52,173.87,167.73,169.17,23039380.0,1116164762.0,-0.03302433702218448,False,002352,顺丰控股
2022-11-01,171.03,173.8,165.73,173.38,18546899.0,899724509.0,0.024581590953294,False,002352,顺丰控股
2022-11-02,171.27,177.97,170.75,177.02,19356159.0,964799035.0,0.020777003100236554,False,002352,顺丰控股
2022-11-03,175.13,176.01,167.49,169.35,24289905.0,1183141922.0,-0.04429514127695031,False,002352,顺丰控股
2022-11-04,169.24,176.81,168.5,175.34,24173916.0,1198335928.0,0.034759366896658914,False,002352,顺丰控股
2022-11-07,173.2,179.13,172.85,175.9,15320312.0,769049098.0,0.0031887055830729662,False,002352,顺丰控股
2022-11-08,175.9,178.14,174.92,175.87,13209694.0,663612239.0,-0.0001705659952397238,False,002352,顺丰控股
2022-11-09,175.27,176.64,174.25,175.27,10066022.0,504211234.0,-0.003417443663188161,False,002352,顺丰控股
2022-11-10,174.15,174.92,171.76,172.85,9293071.0,458658696.0,-0.013903475717451229,False,002352,顺丰控股
2022-11-11,177.2,184.91,176.36,184.14,37638695.0,1946352608.0,0.06327217149206624,False,002352,顺丰控股
2022-11-14,184.28,187.85,181.16,181.65,19180256.0,1004504336.0,-0.013614579192488806,False,002352,顺丰控股
2022-11-15,182.28,187.64,180.77,187.26,19497828.0,1031335441.0,0.03041626684353212,False,002352,顺丰控股
2022-11-16,186.84,193.32,186.17,189.26,24681444.0,1341219539.0,0.01062370556934365,False,002352,顺丰控股
2022-11-17,187.68,189.26,185.43,188.45,11761535.0,627876645.0,-0.0042890113669422246,False,002352,顺丰控股
2022-11-18,189.22,190.27,183.86,184.0,18475707.0,977241407.0,-0.023896962104158804,False,002352,顺丰控股
2022-11-21,181.23,182.39,178.11,181.23,13508279.0,694452075.0,-0.015168814790226146,False,002352,顺丰控股
2022-11-22,182.63,183.51,179.37,181.23,8676949.0,448261443.0,0.0,False,002352,顺丰控股
2022-11-23,180.74,180.74,177.58,178.32,8770258.0,447233909.0,-0.0161872537411461,False,002352,顺丰控股
2022-11-24,179.69,181.37,176.74,177.23,9317237.0,472543277.0,-0.00613136501056511,False,002352,顺丰控股
2022-11-25,177.3,180.11,175.94,178.6,8961488.0,456011557.0,0.007700344375350413,False,002352,顺丰控股
2022-11-28,175.09,178.11,171.87,177.72,11472168.0,573802722.0,-0.004939390374690961,False,002352,顺丰控股
2022-11-29,178.91,187.36,177.86,185.79,20563088.0,1078743596.0,0.04440772555037159,False,002352,顺丰控股
2022-11-30,184.03,185.79,181.82,185.79,15370891.0,807688041.0,0.0,False,002352,顺丰控股
2022-12-01,192.38,195.25,190.66,190.94,30779065.0,1690359481.0,0.027342238951808,False,002352,顺丰控股
2022-12-02,190.8,191.85,187.36,187.82,11099504.0,598293235.0,-0.01647518519341961,False,002352,顺丰控股
2022-12-05,191.29,195.32,190.17,193.22,23165342.0,1279295374.0,0.028345378712896118,False,002352,顺丰控股
2022-12-06,192.8,200.3,190.83,199.98,32133909.0,1813062409.0,0.034387925458339824,False,002352,顺丰控股
2022-12-07,199.98,206.29,199.35,202.09,32397617.0,1868892123.0,0.010495781182453737,False,002352,顺丰控股
2022-12-08,201.42,203.28,198.51,200.86,25008741.0,1432018500.0,-0.006104994764963978,False,002352,顺丰控股
2022-12-09,200.93,204.36,199.88,203.42,27825592.0,1609784346.0,0.012664659232256967,False,002352,顺丰控股
2022-12-12,202.65,204.61,198.76,199.56,20178940.0,1157066700.0,-0.01915786420461342,False,002352,顺丰控股
2022-12-13,199.56,202.61,197.35,201.56,13662405.0,781676578.0,0.009972160819560793,False,002352,顺丰控股
2022-12-14,202.89,210.32,199.88,208.4,33932432.0,2003405334.0,0.03337220606681443,False,002352,顺丰控股
2022-12-15,209.13,211.58,203.56,205.21,14849426.0,873107614.0,-0.015425464826538896,False,002352,顺丰控股
2022-12-16,204.57,206.71,201.73,204.4,15854010.0,919264878.0,-0.003954986723123578,False,002352,顺丰控股
2022-12-19,205.38,206.82,202.02,204.36,14598959.0,850353953.0,-0.00019571386695207442,False,002352,顺丰控股
2022-12-20,201.59,203.66,198.23,199.98,12728021.0,728198500.0,-0.021665782914894058,False,002352,顺丰控股
2022-12-21,203.56,205.77,199.39,201.21,11985238.0,692173337.0,0.006131777232052351,False,002352,顺丰控股
2022-12-22,203.63,206.82,202.05,203.98,16768402.0,978207728.0,0.013672811042616443,False,002352,顺丰控股
2022-12-23,202.68,205.59,201.73,203.94,10566688.0,614123855.0,-0.0001961168862924134,False,002352,顺丰控股
2022-12-26,201.91,204.85,200.72,201.21,11995037.0,692714534.0,-0.013476694156323984,False,002352,顺丰控股
2022-12-27,202.23,213.51,201.63,210.11,26008605.0,1547538779.0,0.04328206432120218,False,002352,顺丰控股
2022-12-28,208.92,209.73,202.3,203.45,20787524.0,1213590083.0,-0.03221092865325898,False,002352,顺丰控股
2022-12-29,202.61,202.89,198.79,199.49,15172668.0,866828117.0,-0.019656164687379397,False,002352,顺丰控股
2022-12-30,199.88,204.36,199.88,202.47,15353304.0,886424361.0,0.014827617663105284,False,002352,顺丰控股
2023-01-03,201.56,204.08,199.49,202.54,18089044.0,1042703594.0,0.0003456704807140658,False,002352,顺丰控股
2023-01-04,204.01,204.12,199.98,202.02,15509466.0,892768524.0,-0.002570695503100755,False,002352,顺丰控股
2023-01-05,204.54,211.58,203.07,211.09,31560648.0,1887877855.0,0.0439178804169409,False,002352,顺丰控股
2023-01-06,211.55,211.94,207.2,208.96,13326701.0,795533614.0,-0.01014173672991288,False,002352,顺丰控股
2023-01-09,210.32,211.58,206.47,207.87,17393332.0,1032360901.0,-0.005229961780666622,False,002352,顺丰控股
2023-01-10,207.87,209.2,206.47,207.17,9874464.0,585319065.0,-0.003373172049602207,False,002352,顺丰控股
2023-01-11,206.78,209.24,204.54,205.63,11902563.0,701599983.0,-0.007461274924370326,False,002352,顺丰控股
2023-01-12,206.12,207.24,202.19,203.7,11702429.0,680733396.0,-0.009430114100666987,False,002352,顺丰控股
2023-01-13,212.08,212.11,206.47,211.66,22251786.0,1333601594.0,0.038332890432818366,False,002352,顺丰控股
2023-01-16,213.65,216.18,210.67,214.14,24383779.0,1490089422.0,0.011648793064545526,False,002352,顺丰控股
2023-01-17,213.86,214.7,210.32,212.39,9326078.0,563660206.0,-0.008205799449968706,False,002352,顺丰控股
2023-01-18,211.58,215.13,208.85,213.51,14512324.0,878947514.0,0.005259462699134087,False,002352,顺丰控股
2023-01-19,213.76,214.18,210.39,213.93,8911538.0,541364753.0,0.001965188729032525,False,002352,顺丰控股
2023-01-20,213.83,215.86,211.02,211.62,13445754.0,816133543.0,-0.010856645232306327,False,002352,顺丰控股
2023-01-30,213.83,214.74,205.06,206.36,27694826.0,1650045231.0,-0.025169997099566466,False,002352,顺丰控股
2023-01-31,207.34,211.16,202.3,205.56,25980519.0,1524910642.0,-0.0038842542524203873,False,002352,顺丰控股
2023-02-01,206.12,207.52,199.81,202.79,33312656.0,1927236499.0,-0.01356700128745653,False,002352,顺丰控股
2023-02-02,203.45,205.42,201.56,204.89,22733333.0,1324434221.0,0.010302288922535477,False,002352,顺丰控股
2023-02-03,203.21,205.38,201.38,202.3,16721630.0,965581001.0,-0.012721505585407921,False,002352,顺丰控股
2023-02-06,200.12,201.17,198.05,199.81,18545536.0,1054263916.0,-0.012384829161658647,False,002352,顺丰控股
2023-02-07,199.81,203.49,199.14,201.38,13267476.0,763237754.0,0.00782675547542764,False,002352,顺丰控股
2023-02-08,201.56,204.4,201.0,202.51,12538730.0,726363841.0,0.005595597555888213,False,002352,顺丰控股
2023-02-09,202.44,204.47,200.58,203.14,12106003.0,702196289.0,0.003106128467998037,False,002352,顺丰控股
2023-02-10,203.14,203.14,200.44,201.21,11277255.0,648330849.0,-0.009546257731599388,False,002352,顺丰控股
2023-02-13,199.74,204.29,199.11,203.52,19007068.0,1101478716.0,0.011415141372001725,False,002352,顺丰控股
2023-02-14,203.73,205.63,199.49,200.86,17393280.0,997977060.0,-0.01315613218656435,False,002352,顺丰控股
2023-02-15,200.33,200.51,193.5,195.95,33370198.0,1862447593.0,-0.024748623319552597,False,002352,顺丰控股
2023-02-16,196.34,199.6,191.92,193.85,21526742.0,1205208393.0,-0.010774860528702286,False,002352,顺丰控股
2023-02-17,193.88,193.95,188.76,188.94,19772334.0,1076742599.0,-0.025655159775949798,False,002352,顺丰控股
2023-02-20,188.98,193.67,188.98,192.8,16375582.0,897122161.0,0.02022387783545704,False,002352,顺丰控股
2023-02-21,192.73,193.25,189.4,190.83,16602332.0,903719459.0,-0.010270402817622646,False,002352,顺丰控股
2023-02-22,189.5,190.76,188.24,188.87,12863368.0,694299319.0,-0.010324031651067923,False,002352,顺丰控股
2023-02-23,188.94,191.6,188.59,189.43,12310886.0,666710348.0,0.0029606154324326346,False,002352,顺丰控股
2023-02-24,188.62,189.96,187.22,188.27,16481695.0,884905533.0,-0.006142460403566993,False,002352,顺丰控股
2023-02-27,186.52,188.52,186.14,187.29,14962773.0,798796509.0,-0.005218884994858099,False,002352,顺丰控股
2023-02-28,187.89,190.76,187.5,189.05,16687685.0,900148218.0,0.009353312595179622,False,002352,顺丰控股
2023-03-01,189.08,190.13,186.59,189.68,13421140.0,723315347.0,0.0033269114202081032,False,002352,顺丰控股
2023-03-02,189.22,191.85,188.1,190.69,14270975.0,774903850.0,0.005310631089385408,False,002352,顺丰控股
2023-03-03,191.39,192.52,188.98,190.45,13055428.0,707307288.0,-0.0012593799219224682,False,002352,顺丰控股
2023-03-06,189.68,189.82,187.47,188.24,12447207.0,668833397.0,-0.011671948505505866,False,002352,顺丰控股
2023-03-07,188.48,189.12,183.93,184.0,15650455.0,830736135.0,-0.022781986810121443,False,002352,顺丰控股
2023-03-08,182.91,187.43,182.39,186.35,13079942.0,693547931.0,0.012690868316281743,False,002352,顺丰控股
2023-03-09,186.87,187.54,183.51,184.03,10725106.0,566835128.0,-0.012527838128164211,False,002352,顺丰控股
2023-03-10,182.46,184.7,182.46,182.56,8351727.0,436422143.0,-0.008019901683337665,False,002352,顺丰控股
2023-03-13,182.28,189.29,181.75,189.12,16987588.0,909478518.0,0.03530284810396794,False,002352,顺丰控股
2023-03-14,188.55,189.71,186.0,186.84,10081196.0,539320915.0,-0.012129098583826072,False,002352,顺丰控股
2023-03-15,189.15,189.15,184.94,185.89,9356672.0,498047151.0,-0.00509753471485465,False,002352,顺丰控股
2023-03-16,184.07,186.31,181.86,183.68,10537674.0,553434083.0,-0.011959987787850958,False,002352,顺丰控股
2023-03-17,184.7,185.96,182.0,184.03,14629706.0,767978785.0,0.0019036746659015938,False,002352,顺丰控股
2023-03-20,186.94,190.17,179.37,181.33,24863205.0,1297267323.0,-0.014780212131168879,False,002352,顺丰控股
2023-03-21,181.37,186.31,179.83,186.1,17449104.0,918862513.0,0.025965587982270836,False,002352,顺丰控股
2023-03-22,186.07,189.92,185.82,186.59,11940879.0,640141763.0,0.0026295327609525965,False,002352,顺丰控股
2023-03-23,186.56,190.8,185.29,189.29,17303642.0,935384469.0,0.014366534208970525,False,002352,顺丰控股
2023-03-24,189.15,190.34,186.77,188.34,8219469.0,441026115.0,-0.005031390536210847,False,002352,顺丰控股
2023-03-27,189.15,189.99,184.31,189.78,12573163.0,672967434.0,0.007616666463695278,False,002352,顺丰控股
2023-03-28,188.24,190.52,186.14,187.54,11597210.0,622417288.0,-0.011873350554133402,False,002352,顺丰控股
2023-03-29,188.62,194.13,188.27,191.22,24431732.0,1339181197.0,0.019432441665820983,False,002352,顺丰控股
2023-03-30,191.71,196.23,191.25,193.5,21826736.0,1208321180.0,0.011852914812536435,False,002352,顺丰控股
2023-03-31,193.85,195.43,192.41,194.13,12187780.0,672966505.0,0.0032505252674479212,False,002352,顺丰控股
2023-04-03,192.8,194.02,188.66,189.75,24295761.0,1320568222.0,-0.02282062146154508,False,002352,顺丰控股
2023-04-04,189.82,192.8,186.49,187.68,25868479.0,1389925926.0,-0.010969031370573933,False,002352,顺丰控股
2023-04-06,187.68,192.06,185.22,191.67,15711249.0,850195016.0,0.02103675837719618,False,002352,顺丰控股
2023-04-07,191.64,203.38,191.04,203.31,40657562.0,2326540296.0,0.058956764533769856,False,002352,顺丰控股
2023-04-10,202.37,202.89,199.21,201.38,18305085.0,1049988428.0,-0.009538237328662474,False,002352,顺丰控股
2023-04-11,201.38,201.49,197.7,198.12,15618136.0,887673159.0,-0.016320762767431805,False,002352,顺丰控股
2023-04-12,198.79,199.74,195.18,199.46,21671857.0,1220978498.0,0.00674080725368504,False,002352,顺丰控股
2023-04-13,197.63,200.09,195.81,198.23,15128064.0,853754365.0,-0.006185742271602401,False,002352,顺丰控股
2023-04-14,198.97,202.19,197.67,199.39,17129227.0,978144626.0,0.00583473311668848,False,002352,顺丰控股
2023-04-17,198.05,200.79,197.39,199.39,14569016.0,828011634.0,0.0,False,002352,顺丰控股
2023-04-18,199.81,203.1,197.42,199.35,14215466.0,808601604.0,-0.00020063199144385187,False,002352,顺丰控股
2023-04-19,199.77,200.16,194.9,196.3,13417606.0,750720832.0,-0.015417972544948604,False,002352,顺丰控股
2023-04-20,197.0,197.7,192.8,194.55,15183719.0,843525850.0,-0.008954901851852846,False,002352,顺丰控股
2023-04-21,194.62,194.65,189.29,191.6,16282265.0,889406699.0,-0.015279333893802496,False,002352,顺丰控股
2023-04-24,190.31,193.71,188.24,191.36,16895471.0,920153844.0,-0.0012533947744931334,False,002352,顺丰控股
2023-04-25,191.6,192.83,188.8,192.1,14687186.0,798901979.0,0.0038595990122439155,False,002352,顺丰控股
2023-04-26,191.39,194.79,189.4,193.01,19668939.0,1078011092.0,0.004725931259605621,False,002352,顺丰控股
2023-04-27,197.35,205.38,197.18,200.86,37028642.0,2131864847.0,0.03986614693107655,False,002352,顺丰控股
2023-04-28,199.81,201.52,197.04,197.88,15315853.0,868671353.0,-0.014947361605685173,False,002352,顺丰控股
2023-05-04,197.84,198.62,193.74,194.27,15161080.0,846747474.0,-0.01841184230881846,False,002352,顺丰控股
2023-05-05,194.3,194.3,190.69,190.94,12826253.0,701604575.0,-0.017289701480802288,False,002352,顺丰控股
2023-05-08,190.8,190.8,177.44,179.06,50916510.0,2628931989.0,-0.06423829736387722,False,002352,顺丰控股
2023-05-09,177.27,182.14,177.2,179.58,19704734.0,1011960999.0,0.0028998458866526813,False,002352,顺丰控股
2023-05-10,180.88,181.75,176.81,178.07,13287984.0,674843939.0,-0.00844405967943964,False,002352,顺丰控股
2023-05-11,178.0,178.56,175.97,176.92,10642580.0,537800657.0,-0.006479078413097032,False,002352,顺丰控股
2023-05-12,177.72,177.97,174.34,176.91,13929653.0,695742256.0,-5.652431960355466e-05,False,002352,顺丰控股
2023-05-15,176.91,177.3,173.67,177.23,10684909.0,533387056.0,0.0018071953865257812,False,002352,顺丰控股
2023-05-16,177.33,177.44,172.51,172.93,23371501.0,1151496339.0,-0.02456143572921741,False,002352,顺丰控股
2023-05-17,172.86,173.28,171.2,173.28,11204960.0,547305921.0,0.0020218949148495626,False,002352,顺丰控股
2023-05-18,173.21,174.02,171.91,172.33,11579181.0,567738027.0,-0.005497539959194719,False,002352,顺丰控股
2023-05-19,172.37,177.19,170.85,176.45,15171022.0,754337855.0,0.023626306827793347,False,002352,顺丰控股
2023-05-22,177.16,178.78,175.96,177.61,11071104.0,557326646.0,0.006552585157956572,False,002352,顺丰控股
2023-05-23,177.02,177.19,174.73,174.76,6948250.0,346923332.0,-0.01617653119600039,False,002352,顺丰控股
2023-05-24,174.9,174.9,171.45,171.91,9228654.0,452906528.0,-0.016442520029832913,False,002352,顺丰控股
2023-05-25,171.91,173.32,170.6,172.33,8021192.0,391921288.0,0.002440159240083555,False,002352,顺丰控股
2023-05-26,172.33,172.93,168.77,172.19,9249446.0,449146796.0,-0.0008127249953913074,False,002352,顺丰控股
2023-05-29,172.22,172.79,168.14,169.16,10254165.0,493245675.0,-0.017753505693806685,False,002352,顺丰控股
2023-05-30,169.16,169.34,164.51,167.33,16994283.0,801917105.0,-0.010877102097805468,False,002352,顺丰控股
2023-05-31,167.33,167.79,163.63,166.73,17868683.0,840153674.0,-0.0035921729341148144,False,002352,顺丰控股
2023-06-01,166.62,167.64,164.86,166.45,9307106.0,439342562.0,-0.001680773551333545,False,002352,顺丰控股
2023-06-02,167.5,172.22,167.33,171.34,12603658.0,609825139.0,0.02895492251486407,False,002352,顺丰控股
2023-06-05,171.77,171.8,169.12,170.39,5392701.0,260681943.0,-0.005559959308750178,False,002352,顺丰控股
2023-06-06,170.67,171.91,168.17,169.65,7816572.0,377695327.0,-0.004352435996908536,False,002352,顺丰控股
2023-06-07,170.46,171.03,166.73,167.15,9679333.0,461992299.0,-0.014845878364131506,False,002352,顺丰控股
2023-06-08,168.21,169.69,165.81,169.27,8325551.0,396399207.0,0.012603460334898217,False,002352,顺丰控股
2023-06-09,169.3,170.43,168.56,169.37,5941960.0,285561316.0,0.0005905977020239344,False,002352,顺丰控股
2023-06-12,169.34,173.0,167.01,171.84,11418984.0,553879011.0,0.014478140417470054,False,002352,顺丰控股
2023-06-13,171.48,172.37,169.3,171.77,7126810.0,345892051.0,-0.00040743867156575557,False,002352,顺丰控股
2023-06-14,172.12,175.71,171.84,173.1,13013755.0,641694420.0,0.0077130895332293906,False,002352,顺丰控股
2023-06-15,174.58,175.57,173.21,174.9,13689414.0,677516085.0,0.01034491984239295,False,002352,顺丰控股
2023-06-16,175.15,177.02,173.74,175.32,9582582.0,477011735.0,0.0023984935260520585,False,002352,顺丰控股
2023-06-19,175.29,175.29,171.73,172.26,10149840.0,498150944.0,-0.017607912189580847,False,002352,顺丰控股
2023-06-20,172.61,173.67,170.85,170.92,7842264.0,382746658.0,-0.0078093525852034355,False,002352,顺丰控股
2023-06-21,170.18,171.59,168.07,168.28,8368145.0,402482122.0,-0.015566352053503934,False,002352,顺丰控股
2023-06-26,167.4,167.54,164.23,165.85,9340916.0,438561522.0,-0.01454549332925873,False,002352,顺丰控股
2023-06-27,165.99,168.74,164.16,167.36,8680357.0,411003978.0,0.009063415483496748,False,002352,顺丰控股
2023-06-28,167.36,167.5,165.43,166.87,7752087.0,366559269.0,-0.002932114717746685,False,002352,顺丰控股
2023-06-29,166.87,166.87,152.85,157.68,48990285.0,2194983475.0,-0.05664740331434662,False,002352,顺丰控股
2023-06-30,156.16,160.04,155.98,158.84,19539041.0,878726632.0,0.007329743418585923,False,002352,顺丰控股
2023-07-03,159.05,163.66,158.84,163.28,19470547.0,897451588.0,0.027569112238538536,False,002352,顺丰控股
2023-07-04,163.1,163.14,160.81,162.47,14667766.0,674197095.0,-0.004973149159930446,False,002352,顺丰控股
2023-07-05,162.75,163.1,159.05,160.21,13984364.0,636994015.0,-0.014007914683035997,False,002352,顺丰控股
2023-07-06,159.79,161.13,157.96,158.1,12432504.0,561210667.0,-0.01325771044319662,False,002352,顺丰控股
2023-07-07,158.2,158.98,157.15,158.84,9823354.0,440987571.0,0.0046696620476243435,False,002352,顺丰控股
2023-07-10,163.7,164.79,160.28,163.56,21635741.0,1002543075.0,0.029282489233390743,False,002352,顺丰控股
2023-07-11,163.56,168.31,162.4,166.73,16309506.0,768494168.0,0.01919584207592583,False,002352,顺丰控股
2023-07-12,166.73,168.91,164.51,165.39,16257747.0,767087261.0,-0.00806941630266566,False,002352,顺丰控股
2023-07-13,166.13,166.8,165.0,166.52,16294092.0,766862454.0,0.00680910105707287,False,002352,顺丰控股
2023-07-14,166.55,167.57,165.57,166.98,9217318.0,435764722.0,0.0027586224390796607,False,002352,顺丰控股
2023-07-17,166.24,166.38,163.84,165.6,8333998.0,390952369.0,-0.008298802814695066,False,002352,顺丰控股
2023-07-18,165.6,165.81,162.47,165.14,9583675.0,447404597.0,-0.002781642961876914,False,002352,顺丰控股
2023-07-19,165.07,167.22,163.88,165.92,6734579.0,317095132.0,0.0047121454919346415,False,002352,顺丰控股
2023-07-20,166.2,168.56,165.92,166.69,10771467.0,511812690.0,0.004630055473779451,False,002352,顺丰控股
2023-07-21,166.27,167.68,164.26,164.93,10333048.0,485440133.0,-0.010614658494935661,False,002352,顺丰控股
2023-07-24,163.84,164.79,162.57,163.31,7815916.0,362783462.0,-0.009870906371408986,False,002352,顺丰控股
2023-07-25,165.57,170.46,165.53,169.62,18672736.0,894832285.0,0.037910405844902004,False,002352,顺丰控股
2023-07-26,169.62,170.92,168.98,170.15,7951539.0,383596741.0,0.0031197600133607275,False,002352,顺丰控股
2023-07-27,171.17,172.96,169.62,171.87,11232702.0,547924025.0,0.010057976141681425,False,002352,顺丰控股
2023-07-28,171.17,176.06,170.64,175.25,18398918.0,910892461.0,0.019475148826103354,False,002352,顺丰控股
2023-07-31,176.7,179.2,174.97,175.25,18452245.0,925576267.0,0.0,False,002352,顺丰控股
2023-08-01,175.25,177.9,173.63,175.39,13065307.0,651258455.0,0.000798539855346915,False,002352,顺丰控股
2023-08-02,174.51,174.9,170.57,171.66,16407127.0,800878594.0,-0.021496289479972498,False,002352,顺丰控股
2023-08-03,172.61,174.73,169.79,174.09,17027564.0,832927355.0,0.014056630580552742,False,002352,顺丰控股
2023-08-04,175.96,176.77,172.61,172.93,14364343.0,709281052.0,-0.006685518532795701,False,002352,顺丰控股
2023-08-07,173.03,173.42,170.53,171.66,8391952.0,408896901.0,-0.007371112047757033,False,002352,顺丰控股
2023-08-08,170.74,172.58,170.15,171.06,7315834.0,355784368.0,-0.003501404137438286,False,002352,顺丰控股
2023-08-09,171.03,172.54,170.96,171.48,4699397.0,229314946.0,0.002452269577140696,False,002352,顺丰控股
2023-08-10,170.89,172.61,170.29,172.22,5706642.0,278036467.0,0.004306087538242806,False,002352,顺丰控股
2023-08-11,171.77,172.19,167.86,167.89,10517312.0,504150662.0,-0.02546372621971252,False,002352,顺丰控股
2023-08-14,164.79,166.55,164.54,165.95,7206691.0,338805461.0,-0.011622464882323063,False,002352,顺丰控股
2023-08-15,165.81,166.38,163.49,165.43,8578308.0,400816347.0,-0.0031383935470588385,False,002352,顺丰控股
2023-08-16,164.51,165.43,163.1,163.31,7686316.0,357524701.0,-0.012897909530272686,False,002352,顺丰控股
2023-08-17,162.33,164.72,162.33,163.95,5580225.0,259320838.0,0.003911268202005211,False,002352,顺丰控股
2023-08-18,163.52,164.37,161.52,162.29,8114910.0,373940246.0,-0.010176644962866643,False,002352,顺丰控股
2023-08-21,161.59,161.59,157.29,157.29,13865863.0,625834952.0,-0.03129362307523953,False,002352,顺丰控股
2023-08-22,158.42,158.84,154.15,156.06,16920023.0,748905262.0,-0.007850686563935913,False,002352,顺丰控股
2023-08-23,156.72,158.31,154.65,155.0,9926547.0,440282055.0,-0.006815431769368581,False,002352,顺丰控股
2023-08-24,155.07,156.34,153.77,154.89,8650160.0,380385414.0,-0.0007099293595792524,False,002352,顺丰控股
2023-08-25,154.29,154.58,152.0,153.17,10503834.0,456328566.0,-0.01116677188320476,False,002352,顺丰控股
2023-08-28,158.52,160.74,154.47,155.0,24523137.0,1095988644.0,0.011876701242784105,False,002352,顺丰控股
2023-08-29,155.53,158.87,155.1,156.94,16016943.0,713815237.0,0.012438449780080435,False,002352,顺丰控股
2023-08-30,157.82,158.1,154.29,154.47,15617437.0,689549275.0,-0.015863663973167415,False,002352,顺丰控股
2023-08-31,154.61,155.17,152.88,153.17,10988440.0,479296103.0,-0.008451487049697101,False,002352,顺丰控股
2023-09-01,153.24,155.28,153.17,153.87,10938450.0,477894343.0,0.004559674392824212,False,002352,顺丰控股
2023-09-04,155.35,159.01,153.94,158.06,24410946.0,1089206116.0,0.02686661770754248,False,002352,顺丰控股
2023-09-05,157.32,159.23,156.69,157.82,15176302.0,679961427.0,-0.0015195646839403355,False,002352,顺丰控股
2023-09-06,156.94,157.46,154.82,156.09,15137003.0,669555245.0,-0.011022379122567061,False,002352,顺丰控股
2023-09-07,156.16,156.23,152.57,152.74,14182463.0,619387193.0,-0.021695634510083734,False,002352,顺丰控股
2023-09-08,152.5,152.71,149.43,150.74,15885968.0,678005342.0,-0.013180631044914208,False,002352,顺丰控股
2023-09-11,150.77,154.19,150.35,153.24,16431138.0,711318214.0,0.016448821417124324,False,002352,顺丰控股
2023-09-12,152.78,153.69,151.65,152.25,10235847.0,442960660.0,-0.006481413242441865,False,002352,顺丰控股
2023-09-13,152.88,153.17,149.64,149.75,12809371.0,547254134.0,-0.016556669594447654,False,002352,顺丰控股
2023-09-14,149.71,150.31,147.42,148.23,15730553.0,661916563.0,-0.010202115469790517,False,002352,顺丰控股
2023-09-15,148.66,149.19,146.33,147.18,16484289.0,690567870.0,-0.007108794027315282,False,002352,顺丰控股
2023-09-18,146.68,149.68,146.65,148.13,12346130.0,519399530.0,0.0064339390955077845,False,002352,顺丰控股
2023-09-19,148.16,148.2,145.35,146.05,16062069.0,665997529.0,-0.014141237760210725,False,002352,顺丰控股
2023-09-20,145.63,145.66,143.9,144.61,15368325.0,630539189.0,-0.009908565207049188,False,002352,顺丰控股
2023-09-21,143.8,143.83,141.22,141.44,18883648.0,762473290.0,-0.022164864737367625,False,002352,顺丰控股
2023-09-22,141.47,144.78,141.26,144.64,24676216.0,1003504147.0,0.022372297754532984,False,002352,顺丰控股
2023-09-25,144.04,144.04,141.72,142.32,18921624.0,765691355.0,-0.016169853286286645,False,002352,顺丰控股
2023-09-26,142.67,143.37,142.0,142.32,9999502.0,404242823.0,0.0,False,002352,顺丰控股
2023-09-27,142.46,145.06,142.25,143.37,11395170.0,464536445.0,0.0073506579005968445,False,002352,顺丰控股
2023-09-28,143.66,144.08,142.39,143.73,12611105.0,512794677.0,0.0025078383049637137,False,002352,顺丰控股
2023-10-09,144.43,144.68,142.18,144.15,13122118.0,535408881.0,0.0029178845212708094,False,002352,顺丰控股
2023-10-10,145.42,145.98,143.58,143.73,11715243.0,480724011.0,-0.0029178845212708025,False,002352,顺丰控股
2023-10-11,145.31,145.45,143.83,144.11,10408430.0,427048747.0,0.002640357287129855,False,002352,顺丰控股
2023-10-12,145.87,146.37,144.71,145.8,12733867.0,526313031.0,0.01165892272428753,False,002352,顺丰控股
2023-10-13,144.85,145.84,143.9,145.49,13448207.0,553382674.0,-0.002128463847260429,False,002352,顺丰控股
2023-10-16,145.84,146.3,143.2,143.73,11571150.0,475217155.0,-0.012170816164156975,False,002352,顺丰控股
2023-10-17,143.73,144.18,142.32,143.2,9572319.0,388202957.0,-0.0036942850365952367,False,002352,顺丰控股
2023-10-18,143.13,143.13,139.85,140.2,12568249.0,502716780.0,-0.021172279926055488,False,002352,顺丰控股
2023-10-19,139.15,139.46,137.1,137.38,14808746.0,580882417.0,-0.02031916581475409,False,002352,顺丰控股
2023-10-20,137.38,137.42,135.62,136.61,11215627.0,434348449.0,-0.005620657886339597,False,002352,顺丰控股
2023-10-23,136.33,139.22,135.48,137.81,14620122.0,571312377.0,0.008745773987657532,False,002352,顺丰控股
2023-10-24,138.12,138.79,136.19,138.23,14805188.0,578490007.0,0.0030430395892123894,False,002352,顺丰控股
2023-10-25,140.24,141.08,138.44,139.15,12047156.0,477785936.0,0.0066335234956340985,False,002352,顺丰控股
2023-10-26,139.29,139.71,136.33,138.02,12644892.0,493507862.0,-0.008153885779443957,False,002352,顺丰控股
2023-10-27,137.67,142.21,136.79,141.58,17380158.0,693810816.0,0.02546632615358739,False,002352,顺丰控股
2023-10-30,141.08,145.31,140.94,144.43,16376072.0,667949443.0,0.019930032767032146,False,002352,顺丰控股
2023-10-31,145.31,145.45,137.49,138.44,34665503.0,1375496595.0,-0.04235794234593194,False,002352,顺丰控股
2023-11-01,138.86,140.31,136.5,137.42,21422743.0,840540396.0,-0.007395089164213633,False,002352,顺丰控股
2023-11-02,138.09,138.37,133.93,135.38,25168142.0,969351464.0,-0.014956290522468229,False,002352,顺丰控股
2023-11-03,135.13,137.74,135.1,137.46,19045441.0,739511703.0,0.015247326612997634,False,002352,顺丰控股
2023-11-06,138.12,141.4,137.88,141.37,22116649.0,880061740.0,0.02804760118548195,False,002352,顺丰控股
2023-11-07,140.91,141.05,139.25,140.56,11809077.0,470063043.0,-0.005746123000099496,False,002352,顺丰控股
2023-11-08,140.63,141.61,139.85,140.7,11010404.0,440133823.0,0.0009955202415016197,False,002352,顺丰控股
2023-11-09,140.41,142.07,140.2,140.98,9580753.0,384218112.0,0.001988072225386115,False,002352,顺丰控股
2023-11-10,140.84,141.65,138.69,141.44,11771113.0,468558549.0,0.0032575625436038966,False,002352,顺丰控股
2023-11-13,140.98,142.67,140.66,142.14,13537523.0,544631644.0,0.004936888509415662,False,002352,顺丰控股
2023-11-14,142.46,144.11,141.79,143.62,13916446.0,566460366.0,0.010358435283422552,False,002352,顺丰控股
2023-11-15,145.21,145.21,143.16,144.39,13148238.0,537552400.0,0.0053470493009560235,False,002352,顺丰控股
2023-11-16,144.25,145.42,143.37,144.61,12125607.0,497663336.0,0.0015224916435732387,False,002352,顺丰控股
2023-11-17,143.8,144.96,143.06,144.25,10833440.0,442463246.0,-0.0024925582384919226,False,002352,顺丰控股
2023-11-20,144.47,147.07,143.41,146.16,17369199.0,718295853.0,0.013154006681542318,False,002352,顺丰控股
2023-11-21,146.86,148.66,145.87,147.07,16029762.0,671586432.0,0.006206751842470965,False,002352,顺丰控股
2023-11-22,146.3,146.72,144.36,144.36,9798289.0,403838624.0,-0.018598484137634336,False,002352,顺丰控股
2023-11-23,143.8,144.75,142.67,144.43,9310413.0,379550656.0,0.00048478133848751026,False,002352,顺丰控股
2023-11-24,144.11,145.24,142.7,144.82,9129791.0,373603652.0,0.0026966308475993186,False,002352,顺丰控股
2023-11-27,144.68,144.71,142.92,143.9,11495352.0,468050322.0,-0.006372978067352468,False,002352,顺丰控股
2023-11-28,143.83,147.46,142.88,147.25,16203397.0,671396857.0,0.023013208638373917,False,002352,顺丰控股
2023-11-29,147.53,148.62,146.26,146.68,12914834.0,540859741.0,-0.003878479328570745,False,002352,顺丰控股
2023-11-30,146.26,149.22,145.94,148.87,19002155.0,801268089.0,0.014820098685840562,False,002352,顺丰控股
2023-12-01,148.59,148.59,145.03,146.83,15498226.0,644636600.0,-0.013797986914119605,False,002352,顺丰控股
2023-12-04,146.9,147.74,144.92,145.66,10029008.0,416786197.0,-0.008000316185077202,False,002352,顺丰控股
2023-12-05,145.94,146.47,142.42,142.6,11366111.0,465735874.0,-0.021231630809573503,False,002352,顺丰控股
2023-12-06,142.6,144.25,141.79,142.14,9489902.0,385277422.0,-0.003231020581446532,False,002352,顺丰控股
2023-12-07,142.03,143.3,140.2,142.39,10095419.0,406209516.0,0.0017572843941541492,False,002352,顺丰控股
2023-12-08,142.35,146.37,142.14,145.1,16099122.0,662772090.0,0.018853388097238955,False,002352,顺丰控股
2023-12-11,143.73,147.42,141.65,146.54,13701647.0,564355298.0,0.009875268841675652,False,002352,顺丰控股
2023-12-12,146.19,147.74,145.35,145.94,9727975.0,403874133.0,-0.004102850394343715,False,002352,顺丰控股
2023-12-13,145.45,145.8,142.14,142.14,8752797.0,356640152.0,-0.026383090938725012,False,002352,顺丰控股
2023-12-14,143.55,144.22,141.54,141.75,6608545.0,267687274.0,-0.0027475447908875445,False,002352,顺丰控股
2023-12-15,142.56,143.37,140.94,141.3,9424243.0,379490463.0,-0.003179652917379573,False,002352,顺丰控股
2023-12-18,141.15,142.88,140.41,141.86,8372013.0,337173353.0,0.0039553660834588614,False,002352,顺丰控股
2023-12-19,141.89,142.18,139.18,140.24,8647528.0,343587588.0,-0.011485415160961712,False,002352,顺丰控股
2023-12-20,140.24,141.79,139.08,139.08,7178136.0,284877614.0,-0.008305933473318419,False,002352,顺丰控股
2023-12-21,139.11,141.58,138.58,140.7,9969383.0,397524768.0,0.011580656980682509,False,002352,顺丰控股
2023-12-22,140.73,141.68,138.93,139.75,8430276.0,335729310.0,-0.006774852085134761,False,002352,顺丰控股
2023-12-25,139.82,140.52,138.69,139.78,6053415.0,239869566.0,0.00021464601377434926,False,002352,顺丰控股
2023-12-26,139.36,139.89,137.56,138.55,5058279.0,198869811.0,-0.00883848673999545,False,002352,顺丰控股
2023-12-27,138.69,138.97,136.22,137.53,8830829.0,343819684.0,-0.0073891961823710885,False,002352,顺丰控股
2023-12-28,137.91,142.11,136.75,140.84,13255355.0,527570370.0,0.02378241916023528,False,002352,顺丰控股
2023-12-29,140.87,142.49,140.2,142.32,12090216.0,485304937.0,0.010453549070727965,False,002352,顺丰控股
2024-01-02,142.32,142.32,137.91,138.09,18035438.0,709767527.0,-0.030172396860319837,False,002352,顺丰控股
2024-01-03,138.09,138.09,134.18,136.65,19950044.0,769877469.0,-0.010482734123182683,False,002352,顺丰控股
2024-01-04,136.36,136.5,133.55,134.74,15703121.0,599298208.0,-0.014075916841563217,False,002352,顺丰控股
2024-01-05,134.43,136.47,133.69,134.71,14937160.0,573661212.0,-0.0002226758220371999,False,002352,顺丰控股
2024-01-08,135.1,136.15,133.72,134.92,13738721.0,525393820.0,0.0015576904829727612,False,002352,顺丰控股
2024-01-09,135.1,137.56,133.86,137.24,15883764.0,615900620.0,0.017049207796799727,False,002352,顺丰控股
2024-01-10,136.57,139.18,135.8,137.53,11209869.0,438497331.0,0.002110857136367408,False,002352,顺丰控股
2024-01-11,137.53,139.85,136.75,138.97,10691435.0,421604318.0,0.010416007371874245,False,002352,顺丰控股
2024-01-12,138.3,138.97,136.61,136.86,7534882.0,294855279.0,-0.015299576974138805,False,002352,顺丰控股
2024-01-15,136.19,138.55,135.87,136.82,8734045.0,340792082.0,-0.00029231219149987014,False,002352,顺丰控股
2024-01-16,136.05,138.72,135.34,138.44,12601978.0,491921067.0,0.01177082543429169,False,002352,顺丰控股
2024-01-17,138.09,138.65,136.33,136.33,11461866.0,446810416.0,-0.015358601569105089,False,002352,顺丰控股
2024-01-18,135.83,137.38,132.07,136.89,18417149.0,701807140.0,0.004099266409382387,False,002352,顺丰控股
2024-01-19,136.01,136.61,134.0,135.1,13583396.0,521150768.0,-0.013162438641267647,False,002352,顺丰控股
2024-01-22,134.57,135.62,131.75,132.66,16582898.0,630993439.0,-0.01822578086874318,False,002352,顺丰控股
2024-01-23,132.63,132.63,129.18,131.33,20616879.0,763600875.0,-0.010076224500341286,False,002352,顺丰控股
2024-01-24,132.42,133.12,128.4,132.91,15999150.0,595851003.0,0.011958967836172821,False,002352,顺丰控股
2024-01-25,134.04,135.45,132.7,135.34,15954601.0,608491610.0,0.018117923370838014,False,002352,顺丰控股
2024-01-26,134.74,135.13,131.78,133.37,15547475.0,588334522.0,-0.014662910169776298,False,002352,顺丰控股
2024-01-29,132.98,133.62,129.81,129.81,11864341.0,442386362.0,-0.027055377729400094,False,002352,顺丰控股
2024-01-30,129.46,130.45,120.12,121.22,39312822.0,1375723621.0,-0.06846476638176413,False,002352,顺丰控股
2024-01-31,121.22,124.84,121.22,124.07,26303513.0,923395543.0,0.023238845931641137,False,002352,顺丰控股
2024-02-01,124.07,124.6,121.89,122.27,17869006.0,624519452.0,-0.01461420829868146,False,002352,顺丰控股
2024-02-02,123.29,123.79,117.59,120.05,18842779.0,644293115.0,-0.018323391488836507,False,002352,顺丰控股
2024-02-05,121.46,122.55,116.0,121.11,25697515.0,872676075.0,0.008790900865696855,False,002352,顺丰控股
2024-02-06,120.09,128.19,119.77,127.7,20745504.0,739285693.0,0.05298453950553447,False,002352,顺丰控股
2024-02-07,128.12,130.87,126.57,129.78,22644206.0,831530921.0,0.016156946154528694,False,002352,顺丰控股
2024-02-08,130.27,133.23,129.56,132.28,19464765.0,729706954.0,0.019080178920569527,False,002352,顺丰控股
2024-02-19,134.46,134.57,132.49,133.3,14451728.0,548133335.0,0.007681339071070982,False,002352,顺丰控股
2024-02-20,134.92,135.1,133.02,134.81,13050437.0,497707207.0,0.01126415251830969,False,002352,顺丰控股
2024-02-21,134.32,140.48,133.51,138.62,21237930.0,834068250.0,0.02786999678686599,False,002352,顺丰控股
2024-02-22,139.43,139.46,137.38,138.51,9573273.0,375928160.0,-0.0007938513028314442,False,002352,顺丰控股
2024-02-23,138.51,140.1,137.67,138.62,11407294.0,449367374.0,0.0007938513028314752,False,002352,顺丰控股
2024-02-26,139.82,140.8,138.02,138.02,9773526.0,385694471.0,-0.004337774297382848,False,002352,顺丰控股
2024-02-27,138.02,138.69,135.48,136.72,16726386.0,647217303.0,-0.00946356338512039,False,002352,顺丰控股
2024-02-28,136.75,136.86,133.86,133.86,19057857.0,730868102.0,-0.021140561134839145,False,002352,顺丰控股
2024-02-29,133.79,135.1,133.26,135.1,17215143.0,656450439.0,0.009220767293656966,False,002352,顺丰控股
2024-03-01,135.2,135.45,133.51,134.04,16337869.0,622031218.0,-0.007876982097043569,False,002352,顺丰控股
2024-03-04,134.64,135.17,133.33,133.47,14547980.0,552690377.0,-0.004261529383049502,False,002352,顺丰控股
2024-03-05,132.84,134.14,132.03,133.86,16572821.0,624918820.0,0.002917744186436256,False,002352,顺丰控股
2024-03-06,133.16,133.69,132.03,132.45,11804920.0,445017259.0,-0.010589261954417612,False,002352,顺丰控股
2024-03-07,132.81,134.71,130.37,131.08,14077905.0,528486471.0,-0.0103973918874647,False,002352,顺丰控股
2024-03-08,131.11,132.28,129.81,131.54,12237588.0,454971063.0,0.0035031640425910223,False,002352,顺丰控股
2024-03-11,131.54,134.39,131.04,134.11,16606649.0,628275221.0,0.019349370849644006,False,002352,顺丰控股
2024-03-12,134.36,138.34,133.58,138.12,23218818.0,898648650.0,0.029462513798942762,False,002352,顺丰控股
2024-03-13,137.98,138.93,135.76,137.21,13800270.0,537788813.0,-0.006610273588707732,False,002352,顺丰控股
2024-03-14,136.68,139.5,135.73,136.29,11671611.0,455254301.0,-0.006727630493662273,False,002352,顺丰控股
2024-03-15,136.26,137.28,135.02,137.28,9428369.0,364707197.0,0.007237667300230602,False,002352,顺丰控股
2024-03-18,137.67,137.98,135.98,137.17,12388016.0,481359865.0,-0.0008016032493366322,False,002352,顺丰控股
2024-03-19,136.36,136.86,135.62,135.66,8915359.0,344252364.0,-0.011069276972382058,False,002352,顺丰控股
2024-03-20,135.66,138.93,135.34,138.2,14908653.0,581732212.0,0.018550155815636057,False,002352,顺丰控股
2024-03-21,137.95,138.44,136.15,136.57,9021257.0,350791727.0,-0.01186460764323638,False,002352,顺丰控股
2024-03-22,136.29,136.33,133.19,134.0,11903656.0,454042157.0,-0.018997503739421724,False,002352,顺丰控股
2024-03-25,135.27,135.48,132.91,133.05,9748954.0,370117952.0,-0.007114802527213129,False,002352,顺丰控股
2024-03-26,134.25,134.67,132.73,133.65,9955463.0,376929253.0,0.00449944516122975,False,002352,顺丰控股
2024-03-27,134.57,134.6,124.35,128.16,52748693.0,1905469807.0,-0.041944959264879,False,002352,顺丰控股
2024-03-28,127.2,129.21,126.04,128.01,25112256.0,913416314.0,-0.0011710974520308455,False,002352,顺丰控股
2024-03-29,128.16,128.33,124.63,128.23,21025081.0,754949076.0,0.0017171406030062136,False,002352,顺丰控股
2024-04-01,128.23,131.18,127.31,128.65,24949570.0,914665003.0,0.0032700122567289143,False,002352,顺丰控股
2024-04-02,128.65,128.75,125.76,125.97,26123949.0,937020302.0,-0.021051755363541584,False,002352,顺丰控股
2024-04-03,125.76,125.76,124.03,124.49,18115661.0,641013664.0,-0.011818391970517015,False,002352,顺丰控股
2024-04-08,124.56,124.63,122.17,122.73,18973366.0,661359320.0,-0.014238570784277663,False,002352,顺丰控股
2024-04-09,122.62,123.4,121.46,122.8,14140601.0,490612909.0,0.0005701951036250437,False,002352,顺丰控股
2024-04-10,122.84,122.94,120.3,121.29,17542237.0,602845660.0,-0.012372643392252821,False,002352,顺丰控股
2024-04-11,119.98,121.36,119.52,120.23,15610889.0,533528103.0,-0.008777797333971521,False,002352,顺丰控股
2024-04-12,120.26,121.53,119.17,120.79,16902959.0,577431992.0,0.004646925630369313,False,002352,顺丰控股
2024-04-15,119.84,123.22,119.81,122.73,20938760.0,725649166.0,0.015933319992229834,False,002352,顺丰控股
2024-04-16,121.53,122.27,120.34,120.37,16841680.0,579054110.0,-0.0194164882177735,False,002352,顺丰控股
2024-04-17,120.41,122.84,120.41,122.77,20848483.0,721374262.0,0.01974235380110504,False,002352,顺丰控股
2024-04-18,122.31,124.0,121.25,122.94,20722418.0,722772877.0,0.0013837452861148517,False,002352,顺丰控股
2024-04-19,122.41,123.01,121.04,121.18,20122478.0,694980735.0,-0.014419387962020318,False,002352,顺丰控股
2024-04-22,121.5,126.75,121.29,125.44,30451835.0,1080068812.0,0.034550513085254655,False,002352,顺丰控股
2024-04-23,125.58,125.69,123.82,124.67,13810608.0,488429971.0,-0.006157310245214065,False,002352,顺丰控股
2024-04-24,124.91,125.27,122.94,123.61,15563082.0,545488625.0,-0.008538798457151817,False,002352,顺丰控股
2024-04-25,123.68,127.66,123.12,127.13,26005217.0,931895175.0,0.028078737062299193,False,002352,顺丰控股
2024-04-26,126.53,128.16,126.29,128.01,27447495.0,992898475.0,0.006898200905987099,False,002352,顺丰控股
2024-04-29,127.98,130.87,127.03,128.3,27489842.0,1006907076.0,0.0022628857535726085,False,002352,顺丰控股
2024-04-30,129.85,130.23,126.85,127.7,24172816.0,878481414.0,-0.004687508583097161,False,002352,顺丰控股
2024-05-06,130.69,132.03,129.71,130.83,31034459.0,1152396118.0,0.024215007484291246,False,002352,顺丰控股
2024-05-07,131.04,131.89,129.71,131.43,22543114.0,839124335.0,0.004575619971132009,False,002352,顺丰控股
2024-05-08,131.26,131.4,129.28,129.88,15523385.0,574045701.0,-0.01186344325927164,False,002352,顺丰控股
2024-05-09,130.2,133.09,129.56,132.63,22416842.0,839267138.0,0.02095234927161634,False,002352,顺丰控股
2024-05-10,132.66,133.37,132.0,132.95,12512748.0,471597487.0,0.002409821182767234,False,002352,顺丰控股
2024-05-13,132.95,132.95,130.55,131.4,18866095.0,704345240.0,-0.011727011638518539,False,002352,顺丰控股
2024-05-14,132.44,134.48,130.72,133.33,23201957.0,861606359.0,0.01458115207685704,False,002352,顺丰控股
2024-05-15,133.33,133.65,130.86,131.22,13491225.0,497550426.0,-0.01595195421063568,False,002352,顺丰控股
2024-05-16,131.68,131.9,130.11,130.22,16383496.0,598965750.0,-0.007649976108015467,False,002352,顺丰控股
2024-05-17,130.43,136.01,130.22,135.87,35565671.0,1337505130.0,0.04247321842751622,False,002352,顺丰控股
2024-05-20,136.37,139.16,135.26,137.05,24689850.0,943793353.0,0.008647276512562549,False,002352,顺丰控股
2024-05-21,136.05,140.42,135.87,139.81,29837500.0,1162009120.0,0.01993853525093833,False,002352,顺丰控股
2024-05-22,139.77,139.84,137.8,137.88,15568181.0,602812063.0,-0.013900616351068705,False,002352,顺丰控股
2024-05-23,137.98,138.63,136.34,137.88,15592690.0,599129516.0,0.0,False,002352,顺丰控股
2024-05-24,137.2,137.52,135.66,135.94,15699966.0,598498598.0,-0.014170129730172494,False,002352,顺丰控股
2024-05-27,136.52,137.8,135.3,136.01,15714555.0,599651697.0,0.0005148005261699244,False,002352,顺丰控股
2024-05-28,135.12,135.94,134.15,134.73,11073529.0,417813305.0,-0.009455636676905679,False,002352,顺丰控股
2024-05-29,134.58,135.98,133.9,134.4,9627278.0,362592032.0,-0.0024523476787071184,False,002352,顺丰控股
2024-05-30,134.9,134.9,131.58,132.26,16010714.0,591695828.0,-0.016050745842532965,False,002352,顺丰控股
2024-05-31,132.72,133.47,131.61,131.9,13886600.0,513381490.0,-0.0027256225232473222,False,002352,顺丰控股
2024-06-03,132.26,133.58,130.72,133.33,15020813.0,555896030.0,0.010783198404098113,False,002352,顺丰控股
2024-06-04,133.4,135.12,132.44,134.65,12207386.0,457049233.0,0.00985156113024074,False,002352,顺丰控股
2024-06-05,134.58,135.8,134.15,134.98,9726578.0,367066272.0,0.002447800057652474,False,002352,顺丰控股
2024-06-06,134.98,136.26,133.12,133.62,15107264.0,567035430.0,-0.010126668817929048,False,002352,顺丰控股
2024-06-07,135.12,136.73,133.19,135.51,18285315.0,692494409.0,0.0140454878372911,False,002352,顺丰控股
2024-06-11,135.51,135.58,131.54,132.76,13281359.0,493436326.0,-0.02050245148284866,False,002352,顺丰控股
2024-06-12,132.44,134.51,132.44,133.51,8037400.0,299870114.0,0.005633394550229789,False,002352,顺丰控股
2024-06-13,133.51,134.12,129.79,130.65,12729765.0,466246095.0,-0.021654389435381952,False,002352,顺丰控股
2024-06-14,130.11,131.83,129.64,131.33,15452600.0,564288516.0,0.005191247630447196,False,002352,顺丰控股
2024-06-17,130.29,131.33,129.54,130.79,11688537.0,425737768.0,-0.0041202560960077305,False,002352,顺丰控股
2024-06-18,130.65,131.79,129.14,129.32,12149467.0,441197866.0,-0.01130303064382868,False,002352,顺丰控股
2024-06-19,129.57,130.47,128.86,130.22,8686014.0,314867430.0,0.006935374951483809,False,002352,顺丰控股
2024-06-20,130.04,132.26,129.03,129.18,10228878.0,372590007.0,-0.00801854720438927,False,002352,顺丰控股
2024-06-21,128.57,130.11,126.64,128.5,13920671.0,497643492.0,-0.00527787626905224,False,002352,顺丰控股
2024-06-24,129.32,129.32,126.28,126.35,11616131.0,412640655.0,-0.01687307050107131,False,002352,顺丰控股
2024-06-25,127.46,128.78,126.53,127.14,14834777.0,529006521.0,0.006233007674059431,False,002352,顺丰控股
2024-06-26,126.92,128.25,125.71,127.96,8849049.0,314772366.0,0.006428873573054594,False,002352,顺丰控股
2024-06-27,128.14,129.0,126.06,126.06,8784267.0,311099067.0,-0.014959730996353187,False,002352,顺丰控股
2024-06-28,126.06,128.78,125.6,127.75,9687845.0,345941394.0,0.01331724499884977,False,002352,顺丰控股
2024-07-01,126.64,127.75,123.56,126.35,11406125.0,398649572.0,-0.011019395249610651,False,002352,顺丰控股
2024-07-02,125.78,126.39,124.56,124.92,7844100.0,274621839.0,-0.011382301419325303,False,002352,顺丰控股
2024-07-03,124.95,125.46,123.16,123.2,10085891.0,348154829.0,-0.01386448131545838,False,002352,顺丰控股
2024-07-04,123.7,124.88,122.84,123.2,8909626.0,307445636.0,0.0,False,002352,顺丰控股
2024-07-05,123.2,124.1,121.45,123.2,12658402.0,433657363.0,0.0,False,002352,顺丰控股
2024-07-08,122.7,123.59,122.05,123.2,8620900.0,296217190.0,0.0,False,002352,顺丰控股
2024-07-09,123.38,124.27,121.55,124.02,11355047.0,390274549.0,0.006633791822312528,False,002352,顺丰控股
2024-07-10,123.7,125.96,123.45,124.74,12803805.0,447054978.0,0.005788728176244745,False,002352,顺丰控股
2024-07-11,126.35,127.03,124.85,125.63,9285423.0,327032305.0,0.007109507918349827,False,002352,顺丰控股
2024-07-12,126.21,126.31,123.67,125.42,10023775.0,350566369.0,-0.0016729739014516415,False,002352,顺丰控股
2024-07-15,125.38,126.49,124.06,124.2,8663171.0,302862088.0,-0.009774935615496316,False,002352,顺丰控股
2024-07-16,123.59,124.81,122.81,124.27,8654450.0,300360506.0,0.0005634483185246949,False,002352,顺丰控股
2024-07-17,124.24,127.96,123.67,127.46,18135647.0,640735943.0,0.025345972068244935,False,002352,顺丰控股
2024-07-18,127.46,129.18,126.6,128.75,12976550.0,464762543.0,0.01006994965769762,False,002352,顺丰控股
2024-07-19,128.57,130.14,127.85,129.86,11311257.0,408398562.0,0.00858440753649529,False,002352,顺丰控股
2024-07-22,130.0,130.65,128.96,129.97,10447558.0,378894521.0,0.0008467075131562858,False,002352,顺丰控股
2024-07-23,130.47,131.11,127.42,127.6,9578503.0,346114741.0,-0.018403283682807626,False,002352,顺丰控股
2024-07-24,127.6,128.25,125.63,126.24,8481105.0,300365868.0,-0.010715513813125405,False,002352,顺丰控股
2024-07-25,125.46,126.92,125.31,126.24,7586348.0,267126551.0,0.0,False,002352,顺丰控股
2024-07-26,126.24,126.89,124.85,125.13,9098770.0,318894398.0,-0.00883166022060057,False,002352,顺丰控股
2024-07-29,125.28,125.6,122.41,122.59,9918286.0,341938026.0,-0.02050774277006064,False,002352,顺丰控股
2024-07-30,122.41,122.41,119.76,120.87,12226841.0,412433143.0,-0.014129866235537214,False,002352,顺丰控股
2024-07-31,120.91,126.46,120.73,125.46,16477798.0,573355370.0,0.0372713947972316,False,002352,顺丰控股
2024-08-01,125.28,125.38,123.77,124.06,8477583.0,294724989.0,-0.011221663123625653,False,002352,顺丰控股
2024-08-02,123.59,124.74,123.02,123.16,5733282.0,198330150.0,-0.007280996488671939,False,002352,顺丰控股
2024-08-05,123.42,125.56,122.66,123.2,10288978.0,355523594.0,0.00032472804311980047,False,002352,顺丰控股
2024-08-06,124.35,124.78,122.95,123.49,7871250.0,271833104.0,0.0023511300303115496,False,002352,顺丰控股
2024-08-07,123.49,124.92,122.99,124.02,6712012.0,232490492.0,0.004282661792000949,False,002352,顺丰控股
2024-08-08,124.06,127.25,123.67,126.14,10127313.0,355858894.0,0.016949558313773205,False,002352,顺丰控股
2024-08-09,126.17,126.99,124.95,124.95,4667514.0,163923174.0,-0.00947874395454377,False,002352,顺丰控股
2024-08-12,124.56,125.1,123.52,123.56,4519205.0,156728460.0,-0.011186789230580472,False,002352,顺丰控股
2024-08-13,123.74,123.84,121.23,122.05,7790147.0,265640902.0,-0.012296071211411954,False,002352,顺丰控股
2024-08-14,121.98,122.02,120.12,120.8,6268100.0,211651526.0,-0.010294511338254512,False,002352,顺丰控股
2024-08-15,120.84,123.13,120.44,123.02,7807322.0,266845512.0,0.018210658279507737,False,002352,顺丰控股
2024-08-16,122.77,124.13,122.52,123.95,6438903.0,222346589.0,0.007531314700977258,False,002352,顺丰控股
2024-08-19,123.63,126.17,122.74,122.91,5921517.0,205720591.0,-0.008425878254310199,False,002352,顺丰控股
2024-08-20,122.95,123.49,121.77,122.41,5366805.0,183472274.0,-0.004076314139468286,False,002352,顺丰控股
2024-08-21,122.05,123.67,121.91,122.7,4356807.0,149682031.0,0.0023662856294446814,False,002352,顺丰控股
2024-08-22,122.77,123.34,121.37,121.95,6100450.0,208082073.0,-0.006131227054936408,False,002352,顺丰控股
2024-08-23,121.95,123.84,121.66,123.74,6800386.0,233989384.0,0.014571465440913471,False,002352,顺丰控股
2024-08-26,123.49,124.31,122.56,123.49,5520237.0,190075279.0,-0.0020224089731116822,False,002352,顺丰控股
2024-08-27,123.49,123.59,120.62,121.66,7862698.0,267391873.0,-0.01492991223717178,False,002352,顺丰控股
2024-08-28,121.27,121.7,117.97,118.94,12545891.0,417008455.0,-0.022611104614111706,False,002352,顺丰控股
2024-08-29,121.66,127.75,120.69,127.57,31677233.0,1111614568.0,0.07004606927175099,False,002352,顺丰控股
2024-08-30,127.5,132.22,126.89,130.11,25414652.0,921822725.0,0.019715012965185953,False,002352,顺丰控股
2024-09-02,129.18,131.0,129.14,129.75,14503990.0,527966231.0,-0.0027707244693866567,False,002352,顺丰控股
2024-09-03,129.5,133.44,129.29,133.19,17036458.0,630496133.0,0.02616715816694108,False,002352,顺丰控股
2024-09-04,133.26,134.69,131.54,132.44,18931996.0,701281300.0,-0.005646967533893714,False,002352,顺丰控股
2024-09-05,132.47,132.76,130.29,131.29,13305980.0,487134988.0,-0.00872109573302661,False,002352,顺丰控股
2024-09-06,131.29,132.76,129.89,130.04,8815288.0,321820666.0,-0.009566521510314426,False,002352,顺丰控股
2024-09-09,130.25,131.4,128.86,129.39,9776108.0,355123989.0,-0.005010996107843165,False,002352,顺丰控股
2024-09-10,129.46,130.04,128.5,129.68,7243402.0,261500747.0,0.002238778099559373,False,002352,顺丰控股
2024-09-11,129.5,131.36,128.86,130.54,7156619.0,261321729.0,0.0066098157796506424,False,002352,顺丰控股
2024-09-12,130.54,131.54,129.25,129.89,8432501.0,306862088.0,-0.004991754787878831,False,002352,顺丰控股
2024-09-13,129.86,130.36,128.93,129.29,8478950.0,307118004.0,-0.004629995152730713,False,002352,顺丰控股
2024-09-18,129.25,130.97,128.14,130.97,8732472.0,316336310.0,0.01291034607484965,False,002352,顺丰控股
2024-09-19,131.47,133.9,130.14,132.15,15181863.0,561693109.0,0.008969351708986802,False,002352,顺丰控股
2024-09-20,132.11,135.98,131.4,134.44,22236378.0,834230104.0,0.017180361806606554,False,002352,顺丰控股
2024-09-23,134.33,136.73,133.72,134.44,12632650.0,476509537.0,0.0,False,002352,顺丰控股
2024-09-24,136.37,136.91,134.22,136.91,20985959.0,796421062.0,0.018205772788759744,False,002352,顺丰控股
2024-09-25,139.2,140.49,137.7,137.98,19982705.0,776839000.0,0.007784971472297839,False,002352,顺丰控股
2024-09-26,137.48,145.21,137.48,145.18,30128449.0,1195698357.0,0.05086560473873196,False,002352,顺丰控股
2024-09-27,148.08,155.56,147.43,152.77,54516981.0,2310567356.0,0.05095917052093689,False,002352,顺丰控股
2024-09-30,156.92,163.07,155.7,161.0,86042613.0,3827315591.0,0.05247084260683149,False,002352,顺丰控股
2024-10-08,176.75,176.75,156.27,159.82,141784648.0,6481488668.0,-0.007356183038146341,False,002352,顺丰控股
2024-10-09,157.1,157.1,146.75,146.93,71399304.0,3012111849.0,-0.08409189905846176,False,002352,顺丰控股
2024-10-10,148.58,152.34,147.11,149.08,48460769.0,2031458615.0,0.014526791723202878,False,002352,顺丰控股
2024-10-11,152.12,153.48,147.75,149.37,42052565.0,1773806666.0,0.001943374711143337,False,002352,顺丰控股
2024-10-14,150.58,157.42,150.58,155.63,51296033.0,2213467395.0,0.04105494589471742,False,002352,顺丰控股
2024-10-15,155.63,155.63,151.98,152.05,35727463.0,1528045582.0,-0.023271981093544898,False,002352,顺丰控股
2024-10-16,150.33,153.02,149.26,151.62,22687549.0,957978327.0,-0.0028320234952158314,False,002352,顺丰控股
2024-10-17,151.76,154.09,150.15,150.19,20098005.0,852559718.0,-0.009476231410668463,False,002352,顺丰控股
2024-10-18,150.62,154.27,149.26,152.19,31790129.0,1347492152.0,0.013228581029218927,False,002352,顺丰控股
2024-10-21,152.23,152.94,149.9,151.41,37098605.0,1565917967.0,-0.005138351226427645,False,002352,顺丰控股
2024-10-22,151.33,155.49,150.33,155.31,31194808.0,1335205575.0,0.025431730561639117,False,002352,顺丰控股
2024-10-23,155.31,157.85,154.41,154.98,31415643.0,1367311776.0,-0.0021270432461156334,False,002352,顺丰控股
2024-10-24,154.09,155.99,153.66,154.45,15838792.0,684656833.0,-0.003425656971213396,False,002352,顺丰控股
2024-10-25,154.48,157.67,154.45,155.34,23504663.0,1024503284.0,0.0057458436269107295,False,002352,顺丰控股
2024-10-28,155.66,155.66,152.48,154.56,24251061.0,1041164694.0,-0.005033892527293426,False,002352,顺丰控股
2024-10-29,154.56,155.24,153.2,154.09,21032438.0,905688429.0,-0.003045523170445823,False,002352,顺丰控股
2024-10-30,158.56,161.03,156.38,158.24,49328970.0,2187617854.0,0.026576020580639976,False,002352,顺丰控股
2024-10-31,158.56,160.89,155.34,159.85,32359653.0,1431206901.0,0.010123007631448378,False,002352,顺丰控股
2024-11-01,159.28,163.22,159.17,162.25,36841410.0,1664542119.0,0.014902480078348867,False,002352,顺丰控股
2024-11-04,162.36,165.72,161.07,164.54,29752917.0,1363756879.0,0.014015346156584832,False,002352,顺丰控股
2024-11-05,164.29,165.65,163.22,164.97,32249166.0,1484587495.0,0.002609937447048747,False,002352,顺丰控股
2024-11-06,165.29,165.29,162.14,163.4,29926244.0,1366493917.0,-0.0095624567619305,False,002352,顺丰控股
2024-11-07,162.45,165.26,161.49,165.18,33257547.0,1479502824.0,0.010834605956668466,False,002352,顺丰控股
2024-11-08,165.85,167.95,164.67,165.85,32313493.0,1452655741.0,0.004047977010490458,False,002352,顺丰控股
2024-11-11,164.22,164.52,160.35,163.89,29913759.0,1315860365.0,-0.011888294317325524,False,002352,顺丰控股
2024-11-12,164.52,170.17,163.93,164.85,33867566.0,1531461720.0,0.005840498442004041,False,002352,顺丰控股
2024-11-13,164.22,166.73,162.6,166.29,22607160.0,1008329943.0,0.008697282582082978,False,002352,顺丰控股
2024-11-14,165.11,165.4,162.08,162.45,21445354.0,952491131.0,-0.023362989984713686,False,002352,顺丰控股
2024-11-15,161.53,162.45,158.28,158.46,25919148.0,1124923795.0,-0.02486806657801331,False,002352,顺丰控股
2024-11-18,158.46,159.79,155.99,156.25,19671771.0,842170007.0,-0.014044906920585049,False,002352,顺丰控股
2024-11-19,156.17,158.65,154.37,156.25,23848629.0,1009590326.0,0.0,False,002352,顺丰控股
2024-11-20,156.91,157.28,153.96,155.18,21063741.0,885781809.0,-0.006871555150707637,False,002352,顺丰控股
2024-11-21,155.84,156.03,153.59,155.47,18573730.0,778720138.0,0.0018670534958461855,False,002352,顺丰控股
2024-11-22,155.51,156.54,151.78,151.97,20737960.0,865315910.0,-0.022769654016135586,False,002352,顺丰控股
2024-11-25,153.96,156.17,152.81,155.07,27324717.0,1146437477.0,0.020193494930543874,False,002352,顺丰控股
2024-11-26,155.1,157.54,153.22,155.33,20385084.0,855747630.0,0.0016752581237582998,False,002352,顺丰控股
2024-11-27,153.77,155.29,151.49,154.55,23664862.0,985598239.0,-0.005034217421690505,False,002352,顺丰控股
2024-11-28,155.69,155.73,150.27,151.56,27467670.0,1130500919.0,-0.01953608242772535,False,002352,顺丰控股
2024-11-29,151.37,152.41,149.57,152.19,23481961.0,962111268.0,0.00414815409630822,False,002352,顺丰控股
2024-12-02,151.3,153.48,149.93,152.08,27349540.0,1124609027.0,-0.0007230420665344996,False,002352,顺丰控股
2024-12-03,151.97,152.33,150.34,151.71,17417177.0,714178412.0,-0.0024358944201724117,False,002352,顺丰控股
2024-12-04,151.37,151.37,149.09,149.57,21526178.0,874751200.0,-0.014206293088766283,False,002352,顺丰控股
2024-12-05,148.83,149.38,148.01,148.49,12955398.0,521371770.0,-0.007246894763264963,False,002352,顺丰控股
2024-12-06,148.79,150.86,148.24,149.82,19799646.0,803275586.0,0.008916957611766625,False,002352,顺丰控股
2024-12-09,149.82,152.15,148.61,150.75,19787895.0,808077051.0,0.0061882620875579894,False,002352,顺丰控股
2024-12-10,155.73,157.58,152.3,152.63,32923748.0,1383890194.0,0.012393856319735769,False,002352,顺丰控股
2024-12-11,152.63,153.74,151.15,151.52,16128042.0,664353695.0,-0.00729906248926237,False,002352,顺丰控股
2024-12-12,151.71,155.92,150.86,155.73,28341490.0,1180615226.0,0.02740610906947903,False,002352,顺丰控股
2024-12-13,153.96,155.62,152.78,153.37,27591083.0,1149082759.0,-0.015270435844558825,False,002352,顺丰控股
2024-12-16,153.15,153.26,147.68,148.42,24968714.0,1010244168.0,-0.03280721012070112,False,002352,顺丰控股
2024-12-17,147.68,149.34,147.13,149.12,13840045.0,556895798.0,0.004705258395293709,False,002352,顺丰控股
2024-12-18,149.31,149.71,147.76,148.05,13254455.0,532739104.0,-0.007201296389680692,False,002352,顺丰控股
2024-12-19,147.24,152.19,145.87,152.19,16759569.0,675906582.0,0.027579685699107917,False,002352,顺丰控股
2024-12-20,150.41,151.26,148.61,148.61,19051703.0,772512443.0,-0.02380431547623019,False,002352,顺丰控股
2024-12-23,148.42,152.41,148.42,150.08,23717521.0,969113456.0,0.009843060487436465,False,002352,顺丰控股
2024-12-24,149.9,153.04,149.57,152.11,19417661.0,798268053.0,0.01343545806573694,False,002352,顺丰控股
2024-12-25,152.04,152.15,149.49,150.27,16700717.0,681401934.0,-0.012170267286016515,False,002352,顺丰控股
2024-12-26,150.27,150.45,148.9,148.97,15108070.0,611291523.0,-0.008688732646133675,False,002352,顺丰控股
2024-12-27,148.97,150.53,148.38,150.08,14282421.0,579662312.0,0.007423541866413159,False,002352,顺丰控股
2024-12-30,149.93,154.18,149.57,150.89,24570671.0,1011480937.0,0.005382609267645345,False,002352,顺丰控股
2024-12-31,150.53,150.89,148.46,148.79,19460595.0,787667586.0,-0.014015178685953911,False,002352,顺丰控股
2025-01-02,148.79,148.9,143.58,144.29,18964093.0,750209154.0,-0.03071075253044164,False,002352,顺丰控股
2025-01-03,144.29,147.46,143.47,145.65,20772247.0,822907271.0,0.009381320096279391,False,002352,顺丰控股
2025-01-06,147.24,147.87,144.99,146.61,14633069.0,579651117.0,0.006569516544729526,False,002352,顺丰控股
2025-01-07,146.32,148.72,145.28,148.57,16064032.0,641154346.0,0.013280227699088203,False,002352,顺丰控股
2025-01-08,148.01,148.16,145.17,147.24,13700094.0,544836282.0,-0.008992319138441014,False,002352,顺丰控股
2025-01-09,146.24,147.83,144.91,146.94,9315937.0,370857813.0,-0.0020395683186890993,False,002352,顺丰控股
2025-01-10,146.94,147.46,144.69,144.69,12682700.0,500169960.0,-0.015430817443141126,False,002352,顺丰控股
2025-01-13,143.25,145.47,143.07,145.43,12393725.0,485091612.0,0.0051013484406285566,False,002352,顺丰控股
2025-01-14,145.65,149.75,144.91,149.53,18189131.0,731458331.0,0.027802170406133385,False,002352,顺丰控股
2025-01-15,149.64,150.93,148.42,149.9,13497365.0,547864689.0,0.002471363512799706,False,002352,顺丰控股
2025-01-16,150.34,150.71,145.43,145.5,19831696.0,791293997.0,-0.02979231849700488,False,002352,顺丰控股
2025-01-17,145.36,147.31,144.18,146.61,10891669.0,431102618.0,0.007599913338626001,False,002352,顺丰控股
2025-01-20,147.61,148.57,145.84,145.91,14293743.0,569402679.0,-0.004786006674242251,False,002352,顺丰控股
2025-01-21,146.21,146.94,143.95,144.21,16027804.0,629711217.0,-0.011719422701951927,False,002352,顺丰控股
2025-01-22,144.03,144.21,142.26,143.84,15278415.0,592993812.0,-0.002568999850668958,False,002352,顺丰控股
2025-01-23,144.77,145.91,142.62,142.7,19039495.0,742183635.0,-0.007957046240519522,False,002352,顺丰控股
2025-01-24,143.07,143.62,141.89,142.26,20118761.0,777007854.0,-0.0030881551774216203,False,002352,顺丰控股
2025-01-27,142.7,146.39,142.48,145.14,24497414.0,965159753.0,0.02004242454462165,False,002352,顺丰控股
2025-02-05,145.28,145.39,143.81,145.14,15778661.0,618199500.0,0.0,False,002352,顺丰控股
2025-02-06,144.36,148.38,144.36,148.24,18939343.0,756636269.0,0.02113378812711353,False,002352,顺丰控股
2025-02-07,148.16,150.45,147.28,149.53,20058101.0,811214990.0,0.008664459618647964,False,002352,顺丰控股
2025-02-10,149.16,150.19,148.13,149.42,16317614.0,660175892.0,-0.000735909048097264,False,002352,顺丰控股
2025-02-11,149.42,150.19,148.35,149.23,14914831.0,603293724.0,-0.001272392604278533,False,002352,顺丰控股
2025-02-12,149.45,149.79,147.2,148.13,15721046.0,630409463.0,-0.007398473349415752,False,002352,顺丰控股
2025-02-13,148.86,149.75,148.01,148.83,15684927.0,632260296.0,0.004714448387106507,False,002352,顺丰控股
2025-02-14,148.97,150.19,148.42,149.82,16769888.0,679032729.0,0.006629858538669582,False,002352,顺丰控股
2025-02-17,150.53,151.01,148.16,148.9,15855900.0,639153630.0,-0.006159633829773507,False,002352,顺丰控股
2025-02-18,148.94,149.34,146.76,149.16,24207881.0,971905107.0,0.0017446156206567748,False,002352,顺丰控股
2025-02-19,148.27,153.74,148.05,152.3,45372472.0,1867186935.0,0.02083270459049614,False,002352,顺丰控股
2025-02-20,152.48,158.72,152.41,155.33,36552017.0,1543918348.0,0.019699626098699807,False,002352,顺丰控股
2025-02-21,155.47,158.13,155.1,155.81,32597116.0,1382842538.0,0.0030854302294472304,False,002352,顺丰控股
2025-02-24,155.62,157.06,153.04,153.37,24849731.0,1042985486.0,-0.015784013566574787,False,002352,顺丰控股
2025-02-25,152.48,152.67,150.75,150.97,18203685.0,747003784.0,-0.015772161083043825,False,002352,顺丰控股
2025-02-26,151.37,151.97,149.6,150.41,20022993.0,816476343.0,-0.003716242912522702,False,002352,顺丰控股
2025-02-27,150.64,154.59,149.64,153.77,35059082.0,1453172874.0,0.02209308086047966,False,002352,顺丰控股
2025-02-28,153.89,156.14,153.37,154.03,33791261.0,1416497798.0,0.0016894091087646158,False,002352,顺丰控股
2025-03-03,154.03,157.54,154.0,155.51,26451164.0,1117759771.0,0.009562649596879844,False,002352,顺丰控股
2025-03-04,155.07,156.1,153.59,154.4,15223442.0,637514865.0,-0.007163400642570312,False,002352,顺丰控股
2025-03-05,154.62,156.91,153.77,155.81,21820338.0,921390105.0,0.009090678638587509,False,002352,顺丰控股
2025-03-06,156.58,157.73,155.14,156.43,23900633.0,1011249154.0,0.003971309344415816,False,002352,顺丰控股
2025-03-07,155.99,157.21,154.92,155.58,15033058.0,635941974.0,-0.0054485567950508995,False,002352,顺丰控股
2025-03-10,155.58,156.73,153.66,155.62,19113722.0,805012382.0,0.0002570694101560025,False,002352,顺丰控股
2025-03-11,155.03,156.69,154.37,156.29,21633410.0,912808630.0,0.004296117665318134,False,002352,顺丰控股
2025-03-12,156.29,159.46,154.55,158.91,33051902.0,1411127852.0,0.016624748370442862,False,002352,顺丰控股
2025-03-13,158.02,161.16,157.69,161.16,34441669.0,1494199013.0,0.014059656098601438,False,002352,顺丰控股
2025-03-14,161.71,163.19,160.01,162.82,35679647.0,1570318400.0,0.010247635822685204,False,002352,顺丰控股
2025-03-17,163.93,164.11,160.6,161.2,21064999.0,924506529.0,-0.009999466073303799,False,002352,顺丰控股
2025-03-18,161.2,161.6,160.38,160.6,14009897.0,610114623.0,-0.0037290285598665976,False,002352,顺丰控股
2025-03-19,160.38,161.2,159.68,160.6,12744324.0,554499445.0,0.0,False,002352,顺丰控股
2025-03-20,160.24,160.38,158.46,158.91,13782547.0,595163243.0,-0.010578797288116316,False,002352,顺丰控股
2025-03-21,158.76,160.53,156.95,157.76,15627797.0,670942226.0,-0.007263113370219739,False,002352,顺丰控股
2025-03-24,157.47,159.53,156.29,156.99,14565650.0,621123818.0,-0.004892781802099024,False,002352,顺丰控股
2025-03-25,157.39,157.84,155.55,156.17,10793857.0,456473022.0,-0.00523695155247187,False,002352,顺丰控股
2025-03-26,155.95,156.77,154.77,155.73,12099490.0,510615046.0,-0.0028214189925070353,False,002352,顺丰控股
2025-03-27,155.36,156.77,155.14,156.29,9038072.0,382292205.0,0.0035895173468548838,False,002352,顺丰控股
2025-03-28,155.88,156.29,154.33,155.21,10455661.0,439402381.0,-0.0069342171910089815,False,002352,顺丰控股
2025-03-31,155.92,162.19,155.62,159.2,33797276.0,1464472210.0,0.02538223474718928,False,002352,顺丰控股
2025-04-01,159.2,162.64,158.39,161.56,20944019.0,913065541.0,0.014715317284929481,False,002352,顺丰控股
2025-04-02,161.23,162.64,159.46,159.94,15371526.0,669678863.0,-0.010077845791468277,False,002352,顺丰控股
2025-04-03,157.28,160.72,157.21,160.31,17763115.0,767560069.0,0.002310695797838348,False,002352,顺丰控股
2025-04-07,153.07,154.88,145.02,147.94,46120600.0,1880020212.0,-0.08030265454186064,False,002352,顺丰控股
2025-04-08,149.53,153.04,149.05,152.11,31453948.0,1283528664.0,0.027797157163930164,False,002352,顺丰控股
2025-04-09,150.78,152.48,149.38,150.86,26111023.0,1066300501.0,-0.008251688898166722,False,002352,顺丰控股
2025-04-10,152.81,157.47,151.56,156.17,29563371.0,1247046797.0,0.03459290307426943,False,002352,顺丰控股
2025-04-11,155.44,155.62,153.74,154.62,15589516.0,653260673.0,-0.009974663607425655,False,002352,顺丰控股
2025-04-14,154.99,157.98,154.4,157.43,17832356.0,757944432.0,0.01801042113420885,False,002352,顺丰控股
2025-04-15,157.1,157.73,155.29,155.92,13823593.0,585579106.0,-0.009637859827232377,False,002352,顺丰控股
2025-04-16,155.07,156.54,153.81,156.06,16661597.0,699559526.0,0.000897493489309839,False,002352,顺丰控股
2025-04-17,155.07,156.95,154.0,156.4,11605900.0,489222351.0,0.0021762794225954484,False,002352,顺丰控股
2025-04-18,156.4,160.05,155.99,159.02,17911841.0,772064757.0,0.016613152362126734,False,002352,顺丰控股
2025-04-21,159.02,159.05,157.58,158.17,9728857.0,416853910.0,-0.005359576497940117,False,002352,顺丰控股
2025-04-22,158.17,161.23,158.09,160.24,17622110.0,764748809.0,0.013002287382165459,False,002352,顺丰控股
2025-04-23,160.27,160.94,159.24,159.53,11016093.0,477198913.0,-0.004440699044656619,False,002352,顺丰控股
2025-04-24,159.2,161.16,158.8,160.24,11073171.0,480835099.0,0.00444069904465675,False,002352,顺丰控股
2025-04-25,160.16,161.2,159.68,160.09,9292240.0,404022308.0,-0.00093653426755974,False,002352,顺丰控股
2025-04-28,159.87,161.16,159.31,159.57,9310132.0,403863494.0,-0.0032534596676672286,False,002352,顺丰控股
2025-04-29,159.16,160.79,155.25,160.09,15617888.0,671093913.0,0.0032534596676673157,False,002352,顺丰控股
2025-04-30,159.98,163.41,158.83,160.68,16685432.0,728581165.0,0.0036786524010783378,False,002352,顺丰控股
2025-05-06,161.34,162.41,159.13,161.71,21685451.0,947308093.0,0.006389798098770988,False,002352,顺丰控股
2025-05-07,162.89,163.37,161.38,162.19,13684122.0,602127379.0,0.0029638799097457293,False,002352,顺丰控股
2025-05-08,161.71,162.82,160.68,160.72,12311623.0,538654492.0,-0.009104766992919204,False,002352,顺丰控股
2025-05-09,160.72,161.53,160.42,161.23,11203402.0,488585296.0,0.0031681964689694486,False,002352,顺丰控股
2025-05-12,162.45,162.67,159.02,159.31,15428050.0,667396336.0,-0.011979927390844861,False,002352,顺丰控股
2025-05-13,160.42,160.83,159.35,160.12,10440499.0,452710169.0,0.0050715445395693596,False,002352,顺丰控股
2025-05-14,160.24,162.97,158.83,162.41,16721090.0,730820489.0,0.014200468062138635,False,002352,顺丰控股
2025-05-15,162.08,163.12,161.56,161.64,13827325.0,608014701.0,-0.004752361976238662,False,002352,顺丰控股
2025-05-16,161.27,162.34,159.2,159.31,8918053.0,386150365.0,-0.014519650625469376,False,002352,顺丰控股
2025-05-19,159.39,159.98,157.95,158.76,9960608.0,428310669.0,-0.0034583616699388883,False,002352,顺丰控股
2025-05-20,158.57,170.17,158.43,169.28,50039866.0,2259018421.0,0.06416052075507006,False,002352,顺丰控股
2025-05-21,170.43,172.42,168.36,171.68,27442616.0,1267338556.0,0.014078130212453804,False,002352,顺丰控股
2025-05-22,171.2,172.35,169.28,170.76,16170325.0,748338357.0,-0.0053732169926271325,False,002352,顺丰控股
2025-05-23,170.57,171.9,167.99,168.47,14567009.0,669084388.0,-0.013501369491648603,False,002352,顺丰控股
2025-05-26,168.43,169.98,165.96,168.43,20307117.0,922733845.0,-0.0002374591878180255,False,002352,顺丰控股
2025-05-27,167.62,170.17,166.88,167.51,13742175.0,625489485.0,-0.005477182234699421,False,002352,顺丰控股
2025-05-28,167.47,174.27,167.47,172.35,21205425.0,987987129.0,0.028484241987279176,False,002352,顺丰控股
2025-05-29,172.05,173.08,170.76,171.75,15116543.0,703962235.0,-0.0034873618604156385,False,002352,顺丰控股
2025-05-30,171.13,174.27,170.39,170.39,22482056.0,1050416983.0,-0.007950003875311019,False,002352,顺丰控股
2025-06-03,169.47,177.48,169.28,176.92,40038176.0,1904450523.0,0.03760772577297821,False,002352,顺丰控股
2025-06-04,176.48,177.88,174.08,174.45,19837664.0,940524232.0,-0.014059485367342852,False,002352,顺丰控股
2025-06-05,174.52,177.96,174.52,174.93,17605696.0,838792686.0,0.0027477262693913107,False,002352,顺丰控股
2025-06-06,175.37,175.93,172.83,173.16,13160700.0,619179963.0,-0.010169871328394546,False,002352,顺丰控股
2025-06-09,173.42,174.38,171.57,172.71,14808415.0,692915054.0,-0.002602135217951819,False,002352,顺丰控股
2025-06-10,172.64,174.12,170.72,171.46,13156122.0,614093925.0,-0.007263884105218017,False,002352,顺丰控股
2025-06-11,172.05,175.67,171.5,173.16,18356724.0,865063015.0,0.009866019323169856,False,002352,顺丰控股
2025-06-12,172.68,180.87,172.31,180.1,32524392.0,1566253939.0,0.039296229608130666,False,002352,顺丰控股
2025-06-13,178.7,181.98,177.96,180.87,23076528.0,1125501274.0,0.004266288987513624,False,002352,顺丰控股
2025-06-16,180.73,185.23,179.29,183.86,27052679.0,1342865400.0,0.01639605726618473,False,002352,顺丰控股
2025-06-17,184.97,185.34,183.13,183.42,19556942.0,974445345.0,-0.002395993304810534,False,002352,顺丰控股
2025-06-18,184.2,186.45,182.76,185.16,18519905.0,926243525.0,0.00944171103227159,False,002352,顺丰控股
2025-06-19,184.6,184.97,180.8,181.5,20056380.0,990766970.0,-0.019964662458164237,False,002352,顺丰控股
2025-06-20,182.54,188.78,182.54,187.0,30604857.0,1551994904.0,0.02985296314968113,False,002352,顺丰控股
2025-06-23,185.53,186.74,182.61,184.23,20412936.0,1017571938.0,-0.014923639845169154,False,002352,顺丰控股
2025-06-24,185.34,188.11,184.49,187.19,18955109.0,959291983.0,0.01593916680382028,False,002352,顺丰控股
2025-06-25,187.19,187.19,183.5,185.67,19992815.0,1000278877.0,-0.008153239393857972,False,002352,顺丰控股
2025-06-26,180.17,183.31,175.37,181.47,38455479.0,1876546170.0,-0.022880553632447245,False,002352,顺丰控股
2025-06-27,180.8,181.72,179.4,179.77,17798529.0,869603236.0,-0.009412094728607795,False,002352,顺丰控股
2025-06-30,179.8,181.69,179.43,180.03,14793169.0,722692803.0,0.0014452476112064771,False,002352,顺丰控股
2025-07-01,180.06,183.35,179.95,181.65,13050680.0,642803154.0,0.008958254997679846,False,002352,顺丰控股
2025-07-02,182.57,182.61,177.96,178.22,16169397.0,784315694.0,-0.01906301648263727,False,002352,顺丰控股
2025-07-03,178.11,178.18,174.23,175.19,26167729.0,1242159787.0,-0.017147642936843087,False,002352,顺丰控股
2025-07-04,175.37,178.18,174.78,176.89,17362313.0,832016399.0,0.009656971207685558,False,002352,顺丰控股
2025-07-07,177.18,177.92,175.85,176.33,8754954.0,419316724.0,-0.003170831035583939,False,002352,顺丰控股
2025-07-08,176.37,176.78,174.19,176.22,17626529.0,838351937.0,-0.0006240249812484562,False,002352,顺丰控股
2025-07-09,176.11,177.77,175.41,176.0,12288403.0,587219734.0,-0.0012492194004319278,False,002352,顺丰控股
2025-07-10,176.26,180.84,176.15,177.77,27464645.0,1326652852.0,0.010006584896442235,False,002352,顺丰控股
2025-07-11,178.18,179.43,174.45,174.82,24148957.0,1151896758.0,-0.01673370678225224,False,002352,顺丰控股
2025-07-14,173.97,176.37,173.97,175.3,14430102.0,684631600.0,0.002741918774847072,False,002352,顺丰控股
2025-07-15,175.67,175.85,172.75,173.38,17725544.0,833904365.0,-0.011013074486694556,False,002352,顺丰控股
2025-07-16,173.42,174.19,172.09,173.67,13591583.0,637313991.0,0.0016712293185286717,False,002352,顺丰控股
2025-07-17,173.82,174.82,172.51,172.77,19147669.0,891745094.0,-0.005195716572332074,False,002352,顺丰控股
2025-07-18,172.81,178.36,172.74,177.8,24570655.0,1163141147.0,0.028698092893113467,False,002352,顺丰控股
2025-07-21,177.95,179.93,176.76,177.39,14363522.0,685249622.0,-0.00230862457895615,False,002352,顺丰控股
2025-07-22,177.21,178.14,174.93,177.99,17647988.0,835916909.0,0.0033766704378135697,False,002352,顺丰控股
2025-07-23,178.33,178.77,175.16,177.51,19890032.0,945381609.0,-0.002700423581949239,False,002352,顺丰控股
2025-07-24,177.39,179.18,176.76,178.21,15578941.0,744132005.0,0.003935684828295593,False,002352,顺丰控股
2025-07-25,178.21,182.13,176.28,178.7,22314130.0,1074204058.0,0.002745791980374337,False,002352,顺丰控股
2025-07-28,178.88,179.7,176.5,177.32,14110999.0,673272350.0,-0.007752412288529543,False,002352,顺丰控股
2025-07-29,176.72,177.54,174.97,176.98,16038986.0,757940193.0,-0.0019192780376486255,False,002352,顺丰控股
2025-07-30,177.62,180.9,177.02,177.69,22037502.0,1058804120.0,0.004003727117779369,False,002352,顺丰控股
2025-07-31,176.5,177.62,171.06,171.43,25678684.0,1193297310.0,-0.035865438937593745,False,002352,顺丰控股
2025-08-01,171.92,175.08,170.69,172.06,21879886.0,1017536744.0,0.0036682331738123173,False,002352,顺丰控股
2025-08-04,172.06,173.26,171.47,173.07,12199230.0,564759955.0,0.005852883743705691,False,002352,顺丰控股
2025-08-05,173.07,173.96,172.36,173.67,11353667.0,528075669.0,0.003460809822115194,False,002352,顺丰控股
2025-08-06,173.74,173.96,172.25,173.0,12087000.0,560592831.0,-0.003865352261243976,False,002352,顺丰控股
2025-08-07,173.44,176.35,173.03,175.6,20166567.0,948719325.0,0.014917086703237385,False,002352,顺丰控股
2025-08-08,175.42,178.25,174.67,177.32,18370893.0,872466115.0,0.00974732867583658,False,002352,顺丰控股
2025-08-11,177.02,177.32,174.45,175.53,16216942.0,763088018.0,-0.010146041408598282,False,002352,顺丰控股
2025-08-12,175.46,175.9,174.0,174.71,12775951.0,599718795.0,-0.004682511981901178,False,002352,顺丰控股
2025-08-13,174.97,175.53,172.96,174.41,19535425.0,912217989.0,-0.0017186072057761115,False,002352,顺丰控股
2025-08-14,174.41,175.87,173.85,174.04,14933023.0,700495943.0,-0.0021236914280977825,False,002352,顺丰控股
2025-08-15,173.67,174.0,172.4,173.33,19712759.0,915748419.0,-0.004087865899260241,False,002352,顺丰控股
2025-08-18,173.48,175.49,171.06,174.34,27165187.0,1267463837.0,0.005810123630210878,False,002352,顺丰控股
2025-08-19,174.19,176.13,172.85,173.78,25068301.0,1172131808.0,-0.0032172841723700756,False,002352,顺丰控股
2025-08-20,173.67,179.33,172.4,178.88,33586566.0,1598311694.0,0.02892505855567441,False,002352,顺丰控股
2025-08-21,178.88,180.93,177.43,179.59,21461724.0,1034058896.0,0.00396128506391078,False,002352,顺丰控股
2025-08-22,179.59,180.38,177.69,178.59,21185264.0,1015469379.0,-0.005583799197236589,False,002352,顺丰控股
2025-08-25,179.67,181.12,178.1,180.15,21809703.0,1049969992.0,0.008697161360693753,False,002352,顺丰控股
2025-08-26,180.0,184.85,179.56,182.46,30453595.0,1490104365.0,0.01274113372322602,False,002352,顺丰控股
2025-08-27,182.35,182.69,178.21,178.55,24023404.0,1163719725.0,-0.021662296876870765,False,002352,顺丰控股
2025-08-28,178.06,180.45,177.06,180.38,19502584.0,936492850.0,0.01019706269710466,False,002352,顺丰控股
2025-08-29,178.59,178.59,163.53,166.1,166895272.0,7564085359.0,-0.08247572011831297,False,002352,顺丰控股
2025-09-01,166.1,166.14,159.02,159.51,141435987.0,6114611719.0,-0.040483400434892416,False,002352,顺丰控股
2025-09-02,159.51,159.95,155.33,155.85,79509012.0,3348933079.0,-0.023212609971010656,False,002352,顺丰控股
2025-09-03,156.64,157.72,155.41,156.64,60981436.0,2563628215.0,0.00505617256885415,False,002352,顺丰控股
2025-09-04,157.16,157.42,155.0,155.48,54830802.0,2296338255.0,-0.00743307279817777,False,002352,顺丰控股
2025-09-05,155.7,156.78,154.55,156.6,45423026.0,1897784707.0,0.007177677572680359,False,002352,顺丰控股
2025-09-08,156.6,159.24,156.0,158.69,57425338.0,2434930922.0,0.01325783001804822,False,002352,顺丰控股
2025-09-09,158.72,158.76,156.52,156.82,39297960.0,1657599611.0,-0.011853962771975052,False,002352,顺丰控股
2025-09-10,156.86,157.19,156.08,156.82,26725036.0,1122813021.0,0.0,False,002352,顺丰控股
2025-09-11,155.93,156.37,154.96,156.3,47685665.0,1990782340.0,-0.0033214133753448607,False,002352,顺丰控股
2025-09-12,156.3,156.45,155.03,155.48,37666755.0,1572376655.0,-0.005260131443408681,False,002352,顺丰控股
2025-09-15,155.48,156.11,154.81,155.26,33068624.0,1378280855.0,-0.0014159750064881057,False,002352,顺丰控股
2025-09-16,155.63,156.24,154.92,155.22,31415759.0,1296419133.0,-0.00025766555154146747,False,002352,顺丰控股
2025-09-17,155.22,155.63,153.97,154.77,38780466.0,1591603909.0,-0.0029033215013244203,False,002352,顺丰控股
2025-09-18,154.13,154.77,152.32,152.73,38143920.0,1555094760.0,-0.013268487342314034,False,002352,顺丰控股
2025-09-19,152.77,155.6,152.73,154.8,39848132.0,1634592707.0,0.013462304573272578,False,002352,顺丰控股
2025-09-22,154.05,154.43,151.37,151.94,39299727.0,1588499683.0,-0.018648255080551245,False,002352,顺丰控股
2025-09-23,151.41,152.13,149.64,150.96,38801915.0,1550985624.0,-0.0064708050147806555,False,002352,顺丰控股
2025-09-24,150.96,152.92,150.36,152.2,32224801.0,1295046345.0,0.008180544367290538,False,002352,顺丰控股
2025-09-25,152.02,152.17,150.7,151.04,29613103.0,1187939209.0,-0.007650743030394889,False,002352,顺丰控股
2025-09-26,150.73,151.19,149.15,151.0,38139089.0,1519179760.0,-0.00026486558226613123,False,002352,顺丰控股
2025-09-29,150.7,151.37,149.38,150.7,30711747.0,1223433806.0,-0.0019887311824746306,False,002352,顺丰控股
2025-09-30,150.73,152.66,150.36,151.98,33559919.0,1352183696.0,0.008457827609189004,False,002352,顺丰控股
2025-10-09,150.88,153.03,149.6,152.43,45898050.0,1842498847.0,0.0029565410321115773,False,002352,顺丰控股
2025-10-10,152.43,156.01,152.05,155.14,57081133.0,2346176110.0,0.0176224607889751,False,002352,顺丰控股
2025-10-13,152.13,155.22,151.49,154.5,37914872.0,1548282794.0,-0.004133838724925257,False,002352,顺丰控股
2025-10-14,154.54,155.44,153.0,153.49,37828034.0,1548524226.0,-0.006558678012483354,False,002352,顺丰控股
2025-10-15,153.75,154.69,153.07,154.54,22807234.0,931248895.0,0.00681754418012113,False,002352,顺丰控股
2025-10-16,154.5,155.03,153.22,153.94,25951671.0,1061228769.0,-0.0038900463992664305,False,002352,顺丰控股
2025-10-17,153.37,154.16,150.96,151.07,30564365.0,1234556433.0,-0.018819610550537796,False,002352,顺丰控股
2025-10-20,151.98,152.81,151.56,151.98,18666692.0,753687664.0,0.006005627686005198,False,002352,顺丰控股
2025-10-21,152.09,152.43,151.49,151.98,22220198.0,895942123.0,0.0,False,002352,顺丰控股
2025-10-22,151.49,152.24,151.19,151.41,16117112.0,648303578.0,-0.0037575442213581473,False,002352,顺丰控股
2025-10-23,151.22,151.64,149.72,150.58,28438777.0,1135538392.0,-0.005496884598304365,False,002352,顺丰控股
2025-10-24,150.62,151.37,149.87,150.28,30008253.0,1197370148.0,-0.0019942837162081205,False,002352,顺丰控股
2025-10-27,150.73,153.3,150.66,152.92,36842333.0,1489486314.0,0.017414688122443758,False,002352,顺丰控股
2025-10-28,152.92,153.22,152.05,152.47,21458283.0,868743559.0,-0.0029470534443962757,False,002352,顺丰控股
2025-10-29,152.51,153.67,151.49,153.56,25365279.0,1028114583.0,0.00712351474878123,False,002352,顺丰控股
2025-10-30,153.75,155.9,153.0,154.24,40821724.0,1674370554.0,0.004418460729638537,False,002352,顺丰控股
2025-10-31,151.19,152.28,150.13,151.98,56476451.0,2261921782.0,-0.014760897620596802,False,002352,顺丰控股
2025-11-03,151.56,152.09,150.02,150.77,33118777.0,1322885023.0,-0.007993436450811594,False,002352,顺丰控股
2025-11-04,150.32,150.85,149.6,150.17,31695677.0,1262674310.0,-0.00398751109863797,False,002352,顺丰控股
2025-11-05,149.6,149.79,148.7,149.34,26766588.0,1059841965.0,-0.0055424000846336615,False,002352,顺丰控股
2025-11-06,149.19,151.04,148.89,150.85,35474712.0,1415616409.0,0.010060379997514402,False,002352,顺丰控股
2025-11-07,150.4,151.79,150.09,150.66,29677959.0,1188691488.0,-0.0012603232075214484,False,002352,顺丰控股
2025-11-10,150.73,154.01,150.13,153.75,36248092.0,1469544359.0,0.02030226428907855,False,002352,顺丰控股
2025-11-11,153.75,154.28,152.28,152.66,23064740.0,935661013.0,-0.007114680316302905,False,002352,顺丰控股
2025-11-12,152.66,152.92,151.94,152.24,17701677.0,715887429.0,-0.002755003382430169,False,002352,顺丰控股
2025-11-13,152.2,153.07,151.49,152.92,23193790.0,936683475.0,0.004456685840317942,False,002352,顺丰控股
2025-11-14,152.24,153.6,151.49,151.83,20277711.0,821485763.0,-0.007153434934115534,False,002352,顺丰控股
2025-11-17,151.83,151.83,149.64,149.83,26566037.0,1058969944.0,-0.013260155839043466,False,002352,顺丰控股
2025-11-18,149.64,150.24,148.93,149.38,17491748.0,693049057.0,-0.0030079231261322687,False,002352,顺丰控股
2025-11-19,149.45,150.09,149.15,149.53,16847839.0,668507586.0,0.0010036466668317634,False,002352,顺丰控股
2025-11-20,149.49,150.21,149.23,149.34,16704416.0,663464196.0,-0.001271455988196721,False,002352,顺丰控股
2025-11-21,147.87,149.34,146.21,147.38,36992609.0,1448518736.0,-0.01321130026870247,False,002352,顺丰控股
2025-11-24,147.38,148.51,146.02,148.51,21141004.0,824036768.0,0.007638010704000517,False,002352,顺丰控股
2025-11-25,147.98,148.85,147.46,147.91,17137277.0,673953867.0,-0.004048315359575109,False,002352,顺丰控股
2025-11-26,147.79,148.4,147.19,147.91,21343949.0,836523745.0,0.0,False,002352,顺丰控股
2025-11-27,147.61,147.83,146.17,146.17,25672245.0,999368400.0,-0.011833652782077346,False,002352,顺丰控股
2025-11-28,145.76,145.99,144.44,144.59,28768564.0,1105705321.0,-0.010868176861166352,False,002352,顺丰控股
2025-12-01,144.33,144.74,143.57,144.74,26106105.0,999446011.0,0.0010368783979466335,False,002352,顺丰控股
2025-12-02,144.78,144.86,142.86,142.86,31963201.0,1217011962.0,-0.013073899711155195,False,002352,顺丰控股
2025-12-03,142.48,143.54,142.44,143.2,17930753.0,680358815.0,0.002377124799718637,False,002352,顺丰控股
2025-12-04,143.12,143.2,141.95,142.67,14712261.0,556559700.0,-0.0037079833998222376,False,002352,顺丰控股
2025-12-05,142.59,144.03,142.56,144.03,18283774.0,696044330.0,0.00948734008423567,False,002352,顺丰控股
2025-12-08,144.33,144.48,143.27,143.5,19098200.0,728229284.0,-0.003686576011282917,False,002352,顺丰控股
2025-12-09,143.5,143.57,141.31,141.35,26899617.0,1013814321.0,-0.015095951060076529,False,002352,顺丰控股
2025-12-10,140.97,142.59,139.54,142.48,22401800.0,838137236.0,0.007962554841806914,False,002352,顺丰控股
2025-12-11,142.07,142.44,139.58,139.73,27537227.0,1024812608.0,-0.019489649889049696,False,002352,顺丰控股
2025-12-12,140.11,141.24,139.73,141.05,24163971.0,901612910.0,0.00940244835564886,False,002352,顺丰控股
2025-12-15,140.18,142.41,140.11,140.97,18823420.0,706689246.0,-0.0005673356651713154,False,002352,顺丰控股
2025-12-16,140.97,142.03,140.18,141.8,18469303.0,691848837.0,0.005870512315193095,False,002352,顺丰控股
2025-12-17,141.35,143.5,141.16,142.93,27945640.0,1057142884.0,0.007937385822996782,False,002352,顺丰控股
2025-12-18,142.48,144.29,142.29,143.91,22410524.0,854532952.0,0.006833104261058422,False,002352,顺丰控股
2025-12-19,143.95,144.59,142.63,142.63,28798538.0,1097644462.0,-0.008934239646751394,False,002352,顺丰控股
2025-12-22,143.08,144.52,142.9,144.37,22434382.0,857544333.0,0.012125584106392334,False,002352,顺丰控股
2025-12-23,144.4,145.04,143.95,144.21,16697871.0,639947831.0,-0.00110887806774417,False,002352,顺丰控股
2025-12-24,144.06,144.55,143.5,143.91,11805699.0,450693013.0,-0.0020824663918968364,False,002352,顺丰控股
2025-12-25,144.18,145.04,143.99,144.25,13579190.0,520410502.0,0.002359801206126755,False,002352,顺丰控股
2025-12-26,144.25,145.53,144.06,145.04,18400221.0,708345021.0,0.005461661058386706,False,002352,顺丰控股
2025-12-29,144.78,145.95,144.4,145.57,22505845.0,868624943.0,0.0036475041299737832,False,002352,顺丰控股
2025-12-30,145.57,145.68,144.29,144.63,14313895.0,549688145.0,-0.00647831349092889,False,002352,顺丰控股
2025-12-31,144.7,145.04,143.88,144.4,11857204.0,454324636.0,-0.0015915306269147203,False,002352,顺丰控股
2026-01-05,144.4,144.52,143.5,144.14,22581155.0,862651238.0,-0.0018021769624309773,False,002352,顺丰控股
2026-01-06,144.44,147.49,144.4,147.31,33016423.0,1284228442.0,0.021754160330552125,False,002352,顺丰控股
2026-01-07,147.53,147.53,145.99,146.59,25182376.0,979766430.0,-0.004899635524907288,False,002352,顺丰控股
2026-01-08,146.21,146.59,145.65,146.59,19391108.0,752147432.0,0.0,False,002352,顺丰控股
2026-01-09,146.17,147.08,146.1,146.85,22611254.0,880115361.0,0.0017720833426892353,False,002352,顺丰控股
2026-01-12,147.0,147.61,146.25,147.0,27938016.0,1088650344.0,0.0010209291341073648,False,002352,顺丰控股
2026-01-13,147.15,148.36,146.02,146.7,29626896.0,1156766695.0,-0.0020429016298002933,False,002352,顺丰控股
2026-01-14,146.29,147.72,144.78,145.27,31141348.0,1209057740.0,-0.009795605264143683,False,002352,顺丰控股
2026-01-15,146.59,150.47,146.51,147.68,47406310.0,1870599119.0,0.016453690869749828,False,002352,顺丰控股
2026-01-16,147.79,148.47,145.46,146.25,30988616.0,1204558432.0,-0.009730284642576224,False,002352,顺丰控股
2026-01-19,146.25,146.82,144.63,146.51,30762085.0,1188455270.0,0.0017761994012556728,False,002352,顺丰控股
2026-01-20,146.51,151.04,145.87,149.98,61508306.0,2441237443.0,0.023408266360021756,False,002352,顺丰控股
2026-01-21,150.17,150.73,148.51,148.85,31392878.0,1244459098.0,-0.007562864411457905,False,002352,顺丰控股
2026-01-22,148.93,151.04,148.89,149.49,30415375.0,1210936064.0,0.004290413499637493,False,002352,顺丰控股
2026-01-23,149.68,149.98,147.04,147.53,40629477.0,1595533506.0,-0.013197956031947433,False,002352,顺丰控股
2026-01-26,147.53,147.57,145.31,146.02,35880303.0,1393024109.0,-0.010287946301535752,False,002352,顺丰控股
2026-01-27,146.36,146.44,142.63,142.67,39895151.0,1521596889.0,-0.023209327501216778,False,002352,顺丰控股
2026-01-28,142.71,143.16,141.54,141.99,38981817.0,1470523508.0,-0.0047776385404565535,False,002352,顺丰控股
2026-01-29,141.88,144.18,140.6,143.65,36729370.0,1388389744.0,0.011623152839032157,False,002352,顺丰控股
2026-01-30,143.8,144.18,140.9,141.31,29405451.0,1108482719.0,-0.016423726830643803,False,002352,顺丰控股
2026-02-02,141.31,142.14,140.37,140.79,23440831.0,877878655.0,-0.0036866401202188515,False,002352,顺丰控股
2026-02-03,141.01,142.07,140.45,141.95,21598108.0,809190045.0,0.008205464444544187,False,002352,顺丰控股
2026-02-04,141.69,145.38,141.31,144.97,37031286.0,1414447754.0,0.021051941543825992,False,002352,顺丰控股
2026-02-05,144.89,149.08,144.52,147.79,54393558.0,2137757102.0,0.019265522763675224,False,002352,顺丰控股
2026-02-06,147.0,148.55,146.1,146.44,28976339.0,1130215566.0,-0.00917655897444583,False,002352,顺丰控股
2026-02-09,147.08,147.34,146.17,146.85,22846629.0,889312387.0,0.0027958693925936935,False,002352,顺丰控股
2026-02-10,146.89,147.15,146.02,146.29,16899415.0,657186134.0,-0.0038207046546344077,False,002352,顺丰控股
2026-02-11,146.25,146.4,144.86,145.31,20255385.0,781443147.0,-0.006721561657390167,False,002352,顺丰控股
2026-02-12,145.27,145.35,143.57,143.88,21926068.0,838835848.0,-0.009889772505181369,False,002352,顺丰控股
2026-02-13,143.69,143.69,142.41,142.59,19094678.0,724598518.0,-0.009006239533395383,False,002352,顺丰控股
2026-02-24,143.05,143.35,141.73,141.88,25384266.0,957130534.0,-0.004991749388606736,False,002352,顺丰控股
2026-02-25,141.95,142.9,141.54,141.69,32246444.0,1216186057.0,-0.0013400573292856842,False,002352,顺丰控股
2026-02-26,141.88,142.56,140.6,141.31,35190081.0,1319077719.0,-0.002685513981480618,False,002352,顺丰控股
2026-02-27,141.31,143.73,141.12,142.71,34355776.0,1301985638.0,0.009858540517645039,False,002352,顺丰控股
2026-03-02,140.56,140.56,138.9,139.54,45411171.0,1682048622.0,-0.02246330060120944,False,002352,顺丰控股
2026-03-03,139.77,141.2,139.43,139.54,29128448.0,1083265944.0,0.0,False,002352,顺丰控股
2026-03-04,138.79,138.83,135.77,136.75,37278955.0,1353478323.0,-0.020196857208999844,False,002352,顺丰控股
2026-03-05,137.92,138.64,137.13,138.37,20995137.0,768867175.0,0.011776815379202468,False,002352,顺丰控股
2026-03-06,138.03,140.75,137.43,140.37,23422920.0,866732560.0,0.014350536864941515,False,002352,顺丰控股
2026-03-09,137.85,139.81,136.79,139.09,24057421.0,885114753.0,-0.009160587927195795,False,002352,顺丰控股
2026-03-10,139.66,140.86,139.47,140.64,17173462.0,638643274.0,0.011082228317827857,False,002352,顺丰控股
2026-03-11,140.6,141.24,140.18,140.64,16154606.0,603032603.0,0.0,False,002352,顺丰控股
2026-03-12,140.22,141.05,139.58,140.71,16283864.0,606695404.0,0.0004976008632976972,False,002352,顺丰控股
2026-03-13,140.22,143.88,140.03,143.42,42150051.0,1599400019.0,0.019076353654264237,False,002352,顺丰控股
2026-03-16,143.2,143.57,141.77,142.07,19089548.0,721844440.0,-0.009457494570443028,False,002352,顺丰控股
2026-03-17,142.1,143.46,140.94,141.28,17718146.0,669464880.0,-0.0055761570283357305,False,002352,顺丰控股
2026-03-18,141.28,141.61,139.05,139.88,19024868.0,706353149.0,-0.00995882466047483,False,002352,顺丰控股
2026-03-19,138.86,139.58,137.54,137.81,15914516.0,584724640.0,-0.014908987308121548,False,002352,顺丰控股
2026-03-20,138.52,140.56,138.52,138.64,23979425.0,887565500.0,0.006004720520296978,False,002352,顺丰控股
2026-03-23,137.54,137.54,132.31,132.95,38813368.0,1381223790.0,-0.041907527718321784,False,002352,顺丰控股
2026-03-24,134.19,134.72,133.21,134.57,15303579.0,544381815.0,0.01211139206442116,False,002352,顺丰控股
2026-03-25,135.02,137.51,134.68,137.28,18240998.0,659254630.0,0.01993812598620214,False,002352,顺丰控股
2026-03-26,137.17,139.69,136.68,138.22,22455896.0,826380431.0,0.006823982923596079,False,002352,顺丰控股
2026-03-27,137.17,139.92,136.83,139.69,17250026.0,637269819.0,0.010579063076211299,False,002352,顺丰控股
2026-03-30,138.37,139.69,138.11,138.52,12632667.0,465104429.0,-0.00841096220523818,False,002352,顺丰控股
2026-03-31,141.43,144.93,141.43,143.35,54754770.0,2089701579.0,0.034274472795157565,False,002352,顺丰控股
2026-04-01,144.78,145.68,142.9,143.54,25909214.0,987338093.0,0.0013245496725470792,False,002352,顺丰控股
2026-04-02,143.61,144.52,142.26,143.73,25925125.0,987990120.0,0.0013227975612146437,False,002352,顺丰控股
2026-04-03,143.35,144.18,141.5,141.73,15255832.0,577200621.0,-0.01401270038432648,False,002352,顺丰控股
2026-04-07,141.5,142.59,140.71,142.41,19643704.0,739583438.0,0.004786382052522503,False,002352,顺丰控股
2026-04-08,143.8,144.14,142.18,143.01,27036911.0,1025471318.0,0.0042043366535075765,False,002352,顺丰控股
2026-04-09,142.44,142.97,141.2,141.43,14008238.0,526675718.0,-0.011109662852435394,False,002352,顺丰控股
2026-04-10,141.8,141.95,140.64,140.75,15815412.0,592776156.0,-0.00481962801260871,False,002352,顺丰控股
2026-04-13,140.15,140.3,138.15,139.32,19549657.0,720821173.0,-0.010211821521999424,False,002352,顺丰控股
2026-04-14,139.88,140.45,138.71,140.11,17356924.0,641995787.0,0.005654382885339732,False,002352,顺丰控股
2026-04-15,141.31,144.06,141.31,141.92,27306202.0,1032000565.0,0.012835690178129189,False,002352,顺丰控股
2026-04-16,142.44,142.97,140.94,141.54,15821041.0,594999660.0,-0.0026811559136306422,False,002352,顺丰控股
2026-04-17,140.79,140.79,138.11,138.3,28987793.0,1066571770.0,-0.02315712397692604,False,002352,顺丰控股
2026-04-20,137.73,138.68,137.54,138.15,16344256.0,598737136.0,-0.0010851873012870748,False,002352,顺丰控股
2026-04-21,138.07,139.96,137.92,138.94,15054055.0,555077657.0,0.005702133895309356,False,002352,顺丰控股
2026-04-22,138.9,139.88,138.22,138.68,15127743.0,557948785.0,-0.0018730644479120569,False,002352,顺丰控股
2026-04-23,138.98,139.73,138.15,138.3,15555154.0,573295176.0,-0.0027438821461100854,False,002352,顺丰控股
2026-04-24,137.92,138.22,137.02,137.54,12489591.0,455802268.0,-0.005510454779022584,False,002352,顺丰控股
2026-04-27,137.73,140.48,137.21,138.98,21399731.0,791202887.0,0.010415253994491263,False,002352,顺丰控股
2026-04-28,139.01,139.99,138.41,139.5,19360275.0,714337199.0,0.0037345633752391113,False,002352,顺丰控股
2026-04-29,140.94,141.58,138.19,138.83,37020194.0,1369028167.0,-0.004814438214709205,False,002352,顺丰控股
2026-04-30,138.56,140.48,138.15,139.81,30498359.0,1127988250.0,0.00703419495302206,False,002352,顺丰控股
2026-05-06,139.43,140.94,137.92,140.48,32166873.0,1190924959.0,0.0047807718870731646,False,002352,顺丰控股
2026-05-07,140.6,142.48,140.22,141.58,27685599.0,1037853417.0,0.007799798459236713,False,002352,顺丰控股
2026-05-08,140.97,142.37,140.56,142.07,24368481.0,916644880.0,0.003454965537942347,False,002352,顺丰控股
2026-05-11,142.44,142.44,139.84,141.01,29702209.0,1109499644.0,-0.007489084034847012,False,002352,顺丰控股
2026-05-12,140.79,141.24,139.28,139.28,19487383.0,723985296.0,-0.012344514389205056,False,002352,顺丰控股
2026-05-13,139.28,139.39,136.94,138.15,28103067.0,1027254742.0,-0.008146244090508056,False,002352,顺丰控股
2026-05-14,137.92,138.37,136.49,136.53,18830474.0,685457757.0,-0.011795680672765308,False,002352,顺丰控股
2026-05-15,136.34,136.45,134.72,135.1,21591174.0,775454933.0,-0.010529125730507141,False,002352,顺丰控股
2026-05-18,135.62,135.62,133.85,134.64,16895893.0,602317796.0,-0.0034106950836027164,False,002352,顺丰控股
2026-05-19,135.4,135.67,133.92,134.56,17339557.0,611928398.0,-0.0005943536579125099,False,002352,顺丰控股
2026-05-20,134.79,137.12,133.46,136.2,23411221.0,826741251.0,0.01211419749077393,False,002352,顺丰控股
2026-05-21,136.2,136.7,134.64,135.29,20559904.0,732404804.0,-0.006703771100143032,False,002352,顺丰控股
2026-05-22,134.98,135.18,133.46,134.03,21743912.0,764275814.0,-0.009356967124863544,False,002352,顺丰控股
2020-01-02,337.41,344.18,332.9,333.51,100291514.0,1646850282.0,,False,600048,保利发展
2020-01-03,335.98,335.98,323.05,327.16,107482373.0,1713539324.0,-0.019223502046859867,False,600048,保利发展
2020-01-06,324.08,324.28,318.95,321.62,126336546.0,1978819740.0,-0.017078623440894853,False,600048,保利发展
2020-01-07,322.44,324.49,319.57,323.87,85522490.0,1341480550.0,0.006971476282422368,False,600048,保利发展
2020-01-08,319.98,320.59,316.08,318.34,88280529.0,1370722664.0,-0.01722220670659266,False,600048,保利发展
2020-01-09,331.87,336.39,327.36,333.92,194617667.0,3150781873.0,0.04778144932718248,False,600048,保利发展
2020-01-10,334.33,335.15,326.13,328.59,95677137.0,1538891916.0,-0.016090670325125823,False,600048,保利发展
2020-01-13,330.03,338.85,329.62,338.03,90169930.0,1471326840.0,0.02832387593699905,False,600048,保利发展
2020-01-14,338.44,340.28,333.72,335.36,59886642.0,980331765.0,-0.007930067248141071,False,600048,保利发展
2020-01-15,335.36,337.0,329.41,330.85,54985270.0,889417410.0,-0.013539481234554155,False,600048,保利发展
2020-01-16,331.46,333.92,327.98,328.8,62351564.0,1002815210.0,-0.00621543727604367,False,600048,保利发展
2020-01-17,330.23,332.9,327.98,330.64,47033226.0,756916800.0,0.0055805070214519185,False,600048,保利发展
2020-01-20,330.64,331.67,324.08,327.77,58488755.0,931786544.0,-0.008718027300922856,False,600048,保利发展
2020-01-21,324.49,325.72,316.49,316.9,91010838.0,1416707757.0,-0.033725876205679,False,600048,保利发展
2020-01-22,316.69,326.33,313.41,325.51,96210885.0,1510291460.0,0.026806916446044816,False,600048,保利发展
2020-01-23,320.18,323.05,312.39,314.44,82177127.0,1269876631.0,-0.034599904217364114,False,600048,保利发展
2020-02-03,285.11,292.08,283.06,286.75,182050954.0,2551879289.0,-0.09218252291607568,False,600048,保利发展
2020-02-04,289.21,294.95,284.29,293.52,111986793.0,1580250913.0,0.023335024037546375,False,600048,保利发展
2020-02-05,291.26,299.88,288.8,297.0,116900955.0,1680553421.0,0.011786358755673097,False,600048,保利发展
2020-02-06,299.26,301.11,293.31,298.44,103926556.0,1502684318.0,0.004836768800614021,False,600048,保利发展
2020-02-07,294.75,297.41,291.26,295.36,68873215.0,986294728.0,-0.010373956288826175,False,600048,保利发展
2020-02-10,291.06,307.67,289.82,304.18,111229579.0,1628239096.0,0.02942468012973536,False,600048,保利发展
2020-02-11,301.72,312.8,301.52,307.05,84994830.0,1279273434.0,0.009390969331185547,False,600048,保利发展
2020-02-12,304.18,309.31,302.54,305.82,64811582.0,965030924.0,-0.004013907195402985,False,600048,保利发展
2020-02-13,310.13,319.57,309.93,315.67,109993538.0,1697335231.0,0.03170067054430127,False,600048,保利发展
2020-02-14,316.9,327.16,315.67,326.13,95305965.0,1501176459.0,0.032598710759712005,False,600048,保利发展
2020-02-17,328.8,330.23,318.75,322.85,98722390.0,1550241006.0,-0.010108255811542581,False,600048,保利发展
2020-02-18,319.16,322.44,316.08,317.93,75872057.0,1175808592.0,-0.015356586309699652,False,600048,保利发展
2020-02-19,317.1,320.8,314.23,317.52,58011333.0,900330215.0,-0.0012904242879666185,False,600048,保利发展
2020-02-20,316.08,321.21,315.87,320.8,82978441.0,1288806125.0,0.010277067517549612,False,600048,保利发展
2020-02-21,319.98,320.8,311.77,314.44,84402343.0,1296802106.0,-0.02002459706680374,False,600048,保利发展
2020-02-24,313.41,314.03,304.59,309.52,84240473.0,1266271856.0,-0.015770568533298224,False,600048,保利发展
2020-02-25,308.7,318.54,308.28,313.0,95768234.0,1463990944.0,0.01118048014789579,False,600048,保利发展
2020-02-26,309.72,337.62,308.28,327.98,214158722.0,3422389039.0,0.0467494403751464,False,600048,保利发展
2020-02-27,329.0,331.26,322.44,324.69,99061490.0,1578365892.0,-0.010081749940134943,False,600048,保利发展
2020-02-28,322.03,337.82,320.39,332.08,160963034.0,2605740695.0,0.02250502276961851,False,600048,保利发展
2020-03-02,336.59,348.9,336.39,342.33,179390473.0,3013621421.0,0.03039928036991461,False,600048,保利发展
2020-03-03,344.38,346.64,333.1,340.69,147133654.0,2421028582.0,-0.004802211214021737,False,600048,保利发展
2020-03-04,343.56,355.87,336.59,344.8,160972054.0,2729215015.0,0.011991565888861933,False,600048,保利发展
2020-03-05,342.54,352.18,338.44,349.51,114883552.0,1935314066.0,0.013567634778293234,False,600048,保利发展
2020-03-06,344.8,346.64,336.39,338.23,87520562.0,1448290707.0,-0.032806036129060655,False,600048,保利发展
2020-03-09,332.08,335.98,324.9,331.67,84757998.0,1366300940.0,-0.01958563874753455,False,600048,保利发展
2020-03-10,334.13,340.49,327.16,336.18,71118841.0,1160198084.0,0.013506232114012216,False,600048,保利发展
2020-03-11,337.41,341.72,331.87,333.31,74638194.0,1225472022.0,-0.008573742941335167,False,600048,保利发展
2020-03-12,330.44,339.26,326.75,336.18,70934634.0,1153011471.0,0.008573742941335123,False,600048,保利发展
2020-03-13,320.59,333.31,315.87,330.44,91755412.0,1449691566.0,-0.017221631110943682,False,600048,保利发展
2020-03-16,329.41,329.62,312.18,313.62,100658885.0,1566768466.0,-0.05224303774141909,False,600048,保利发展
2020-03-17,312.8,319.57,305.21,309.52,87532699.0,1318711214.0,-0.013159351560627985,False,600048,保利发展
2020-03-18,308.9,311.98,295.36,295.77,91866719.0,1361646189.0,-0.04544058513719789,False,600048,保利发展
2020-03-19,291.67,297.41,274.85,287.16,104088956.0,1448798706.0,-0.029542573546777227,False,600048,保利发展
2020-03-20,290.85,299.47,285.11,297.21,64316724.0,922502940.0,0.03439940794476608,False,600048,保利发展
2020-03-23,286.75,292.29,283.06,288.8,52340293.0,733869878.0,-0.028704552634377316,False,600048,保利发展
2020-03-24,293.52,300.7,291.26,297.82,54728523.0,789650916.0,0.030754870143387885,False,600048,保利发展
2020-03-25,302.95,313.41,298.23,311.16,91658679.0,1366868266.0,0.04381797217651444,False,600048,保利发展
2020-03-26,304.59,313.21,303.98,310.13,60870443.0,916496426.0,-0.003315684925337575,False,600048,保利发展
2020-03-27,314.44,317.93,309.72,312.8,70991398.0,1086520698.0,0.008572444257920203,False,600048,保利发展
2020-03-30,309.52,317.31,307.05,311.77,78898556.0,1202817773.0,-0.0032982721992612543,False,600048,保利发展
2020-03-31,313.82,314.85,301.52,305.0,69537191.0,1041319606.0,-0.021953959864483147,False,600048,保利发展
2020-04-01,305.62,314.44,303.36,307.05,58373596.0,879374633.0,0.006698824167996653,False,600048,保利发展
2020-04-02,305.62,309.52,303.98,309.52,39451319.0,589874594.0,0.008012109616849283,False,600048,保利发展
2020-04-03,306.85,310.95,306.03,308.28,33392200.0,501465197.0,-0.004014249482465031,False,600048,保利发展
2020-04-07,313.82,314.23,308.49,310.95,64231644.0,973970134.0,0.008623666640105913,False,600048,保利发展
2020-04-08,309.52,312.59,307.05,311.16,41813635.0,632473378.0,0.0006751217886750915,False,600048,保利发展
2020-04-09,311.36,311.36,304.39,306.44,38659332.0,578156303.0,-0.015285271689953235,False,600048,保利发展
2020-04-10,305.62,311.16,299.05,301.31,66553781.0,986141307.0,-0.01688234255101005,False,600048,保利发展
2020-04-13,301.31,310.75,299.67,309.11,47921493.0,716821476.0,0.025557565506793695,False,600048,保利发展
2020-04-14,311.77,324.69,310.13,319.77,82433918.0,1282709646.0,0.03390478676475136,False,600048,保利发展
2020-04-15,317.93,320.18,311.98,313.82,44248546.0,679066585.0,-0.018782414238232892,False,600048,保利发展
2020-04-16,319.98,326.75,317.1,323.26,83885351.0,1320022694.0,0.029637379850740386,False,600048,保利发展
2020-04-17,325.72,325.92,321.41,324.49,51105847.0,806717957.0,0.003797766046653631,False,600048,保利发展
2020-04-20,324.49,326.54,314.44,325.72,66933120.0,1049082043.0,0.0037833975706145456,False,600048,保利发展
2020-04-21,326.13,331.67,322.23,326.75,72101092.0,1148517228.0,0.0031572359054006854,False,600048,保利发展
2020-04-22,325.1,327.16,319.98,327.16,45900468.0,723356372.0,0.001253995362442142,False,600048,保利发展
2020-04-23,327.16,329.0,321.62,325.92,50066863.0,793240689.0,-0.0037973953882777176,False,600048,保利发展
2020-04-24,325.31,326.13,322.44,324.9,34260795.0,541462827.0,-0.0031345098034411697,False,600048,保利发展
2020-04-27,324.9,333.1,324.49,326.33,43557259.0,698751320.0,0.004391696630581074,False,600048,保利发展
2020-04-28,327.57,335.36,326.75,331.26,51766641.0,836452628.0,0.014994426218372409,False,600048,保利发展
2020-04-29,330.23,341.72,330.23,338.64,50707404.0,832910564.0,0.022034030688660017,False,600048,保利发展
2020-04-30,338.85,339.26,331.26,333.1,59730409.0,972728316.0,-0.016494851013034127,False,600048,保利发展
2020-05-06,328.39,330.44,321.41,325.51,91552625.0,1449298261.0,-0.0230495620567142,False,600048,保利发展
2020-05-07,323.26,326.54,321.62,322.44,49295884.0,777182557.0,-0.009476110727519593,False,600048,保利发展
2020-05-08,324.9,326.75,321.82,325.92,63756063.0,1009047318.0,0.010734880063095531,False,600048,保利发展
2020-05-11,325.72,327.36,322.44,323.05,58748185.0,929988232.0,-0.008844842474321187,False,600048,保利发展
2020-05-12,323.46,324.69,321.0,322.85,43994849.0,692382187.0,-0.0006192909316984742,False,600048,保利发展
2020-05-13,322.23,323.05,318.34,321.82,45708229.0,714240710.0,-0.003195436041471938,False,600048,保利发展
2020-05-14,320.18,321.82,313.21,314.85,57264222.0,882800599.0,-0.02189604809625237,False,600048,保利发展
2020-05-15,315.87,317.1,309.52,313.0,55022106.0,841400734.0,-0.005893144394598576,False,600048,保利发展
2020-05-18,314.23,319.16,313.0,317.1,51225936.0,792831422.0,0.01301399100414845,False,600048,保利发展
2020-05-19,322.03,322.03,313.82,314.85,42413865.0,654356888.0,-0.007120846609549976,False,600048,保利发展
2020-05-20,314.03,316.9,310.75,313.21,37692299.0,575269604.0,-0.005222442847602572,False,600048,保利发展
2020-05-21,315.05,315.46,307.46,308.7,38327899.0,580994496.0,-0.014503960579035656,False,600048,保利发展
2020-05-22,309.31,309.31,302.54,302.54,48662611.0,723800350.0,-0.02015643137406027,False,600048,保利发展
2020-05-25,305.62,313.0,303.98,312.8,52135701.0,789514903.0,0.03335050853710275,False,600048,保利发展
2020-05-26,315.46,315.67,310.95,314.03,33127875.0,505918071.0,0.003924514074582047,False,600048,保利发展
2020-05-27,314.03,316.9,312.18,315.67,35544329.0,545810742.0,0.005208841378568513,False,600048,保利发展
2020-05-28,315.67,323.05,315.05,317.72,72571273.0,1131199114.0,0.0064731276406248955,False,600048,保利发展
2020-05-29,319.45,319.89,309.49,311.01,59572753.0,859157526.0,-0.021345425761801026,False,600048,保利发展
2020-06-01,313.61,321.4,312.09,320.54,52476735.0,767402478.0,0.030182007562298965,False,600048,保利发展
2020-06-02,318.37,331.15,317.94,329.42,72298412.0,1088664858.0,0.027326458789100335,False,600048,保利发展
2020-06-03,332.01,341.76,330.07,330.28,77345602.0,1197365938.0,0.002607247194697885,False,600048,保利发展
2020-06-04,333.96,335.05,323.78,326.82,48221400.0,729457186.0,-0.010531218925589619,False,600048,保利发展
2020-06-05,326.82,326.82,317.94,321.84,63714681.0,942334912.0,-0.015355032982105412,False,600048,保利发展
2020-06-08,322.92,327.9,320.75,322.92,62910505.0,938891153.0,0.003350086885282027,False,600048,保利发展
2020-06-09,322.92,328.55,321.84,323.78,54881519.0,821590007.0,0.0026596582865447737,False,600048,保利发展
2020-06-10,323.78,323.78,315.77,316.85,68570468.0,1007041153.0,-0.021635797043833668,False,600048,保利发展
2020-06-11,316.2,316.85,309.92,310.79,64919191.0,937774634.0,-0.019311032825836058,False,600048,保利发展
2020-06-12,307.54,313.39,306.46,311.87,58645660.0,839913453.0,0.0034689913694500468,False,600048,保利发展
2020-06-15,308.41,315.12,307.76,310.57,48510773.0,698458547.0,-0.004177115513885071,False,600048,保利发展
2020-06-16,314.9,316.64,312.52,314.69,43103082.0,626452551.0,0.01317870847134505,False,600048,保利发展
2020-06-17,313.61,314.69,308.62,311.01,49270294.0,706211628.0,-0.011762961267469658,False,600048,保利发展
2020-06-18,313.39,317.5,312.52,316.42,57945119.0,844415796.0,0.017245379017787558,False,600048,保利发展
2020-06-19,316.42,316.64,311.22,315.34,90211582.0,1305574476.0,-0.00341902321158228,False,600048,保利发展
2020-06-22,313.17,315.55,311.87,312.74,59073258.0,854951303.0,-0.00827924739397142,False,600048,保利发展
2020-06-23,311.87,313.61,309.06,309.92,54277371.0,777744354.0,-0.009057974756678465,False,600048,保利发展
2020-06-24,311.22,319.45,310.36,319.24,104266987.0,1523402267.0,0.029628971349122346,False,600048,保利发展
2020-06-29,317.5,317.94,311.22,314.69,56053508.0,813047678.0,-0.014355143737208201,False,600048,保利发展
2020-06-30,315.55,320.1,313.61,320.1,61162772.0,894725518.0,0.017045419705217457,False,600048,保利发展
2020-07-01,320.75,352.16,318.59,344.36,215227405.0,3366484973.0,0.07305417481393649,False,600048,保利发展
2020-07-02,346.96,359.3,345.23,354.54,182054250.0,2963338633.0,0.029133552795884362,False,600048,保利发展
2020-07-03,355.62,365.8,345.01,354.11,167075967.0,2727504167.0,-0.001213575256541575,False,600048,保利发展
2020-07-06,362.34,389.62,362.34,389.62,221836541.0,3885732654.0,0.09556430582396139,False,600048,保利发展
2020-07-07,400.02,405.0,380.09,382.48,166157546.0,2987610697.0,-0.01849554083521002,False,600048,保利发展
2020-07-08,383.34,391.79,376.85,385.29,124796969.0,2212906305.0,0.007319933175226126,False,600048,保利发展
2020-07-09,389.62,393.96,376.41,392.66,132133590.0,2345987249.0,0.018947799977528764,False,600048,保利发展
2020-07-10,383.99,389.41,373.38,377.71,131841829.0,2315269545.0,-0.038817392063491565,False,600048,保利发展
2020-07-13,374.68,381.39,364.93,374.9,123497190.0,2126778407.0,-0.007467381665245291,False,600048,保利发展
2020-07-14,372.51,376.85,359.09,366.67,136288392.0,2309552644.0,-0.022197062755745144,False,600048,保利发展
2020-07-15,369.48,373.16,355.62,356.27,108990452.0,1826346179.0,-0.028773390628194253,False,600048,保利发展
2020-07-16,359.09,364.5,349.12,349.56,120763344.0,1986318121.0,-0.019013649598583374,False,600048,保利发展
2020-07-17,351.94,355.62,342.19,348.04,99975212.0,1607750720.0,-0.004357805061519789,False,600048,保利发展
2020-07-20,351.51,369.7,348.69,365.37,134174045.0,2234004556.0,0.04859312306930516,False,600048,保利发展
2020-07-21,364.93,366.67,356.27,359.74,97163255.0,1612208699.0,-0.015528990467304103,False,600048,保利发展
2020-07-22,357.57,365.8,356.05,358.22,104729978.0,1746274999.0,-0.0042342255027122125,False,600048,保利发展
2020-07-23,353.46,356.92,345.66,351.94,82322286.0,1333229857.0,-0.01768661627349714,False,600048,保利发展
2020-07-24,351.29,358.22,340.03,343.71,93323392.0,1502624972.0,-0.023662427949971334,False,600048,保利发展
2020-07-27,346.96,347.61,332.66,336.13,91823481.0,1426923404.0,-0.022300288676882257,False,600048,保利发展
2020-07-28,338.94,341.76,333.96,340.03,92207107.0,1436443842.0,0.011535859115058085,False,600048,保利发展
2020-07-29,338.08,343.71,333.75,342.19,89848619.0,1410254234.0,0.006332289342485024,False,600048,保利发展
2020-07-30,341.98,341.98,335.48,336.13,101517589.0,1582952137.0,-0.017868148457543205,False,600048,保利发展
2020-07-31,334.4,342.63,333.53,337.86,97628429.0,1520323051.0,0.00513361859782024,False,600048,保利发展
2020-08-03,341.11,348.69,340.24,343.93,128899231.0,2039618231.0,0.017806539800155344,False,600048,保利发展
2020-08-04,344.36,354.11,340.68,351.51,148955836.0,2390570376.0,0.021800012053436332,False,600048,保利发展
2020-08-05,347.61,347.61,340.03,341.98,139764934.0,2206968569.0,-0.02748590452772692,False,600048,保利发展
2020-08-06,342.19,345.44,337.65,344.36,78621326.0,1239817336.0,0.006935365969306942,False,600048,保利发展
2020-08-07,341.76,344.14,337.86,341.54,73189364.0,1151745510.0,-0.008222819330660866,False,600048,保利发展
2020-08-10,340.03,356.27,339.38,352.37,146659435.0,2377737049.0,0.031216957445637173,False,600048,保利发展
2020-08-11,353.24,361.47,350.64,351.94,127885510.0,2101462041.0,-0.0012210533811148254,False,600048,保利发展
2020-08-12,353.02,360.39,350.86,358.44,97631939.0,1603315575.0,0.0183005754924032,False,600048,保利发展
2020-08-13,357.57,360.17,354.11,357.79,62409308.0,1028328613.0,-0.0018150599065912465,False,600048,保利发展
2020-08-14,357.57,370.57,354.97,368.62,122190794.0,2057034751.0,0.02982008101404911,False,600048,保利发展
2020-08-17,369.27,385.08,364.93,377.06,138952924.0,2422356425.0,0.02263802285496051,False,600048,保利发展
2020-08-18,376.63,378.8,362.98,367.32,116566540.0,1981656149.0,-0.02617092323311561,False,600048,保利发展
2020-08-19,366.88,366.88,359.09,362.12,85473104.0,1429437310.0,-0.014257754138081807,False,600048,保利发展
2020-08-20,360.82,362.55,356.27,360.6,68285894.0,1132243510.0,-0.00420633783802271,False,600048,保利发展
2020-08-21,363.2,363.85,355.84,358.65,57690937.0,956204900.0,-0.0054223281967735746,False,600048,保利发展
2020-08-24,361.69,364.72,356.27,356.92,63564072.0,1056237086.0,-0.004835315540492586,False,600048,保利发展
2020-08-25,356.92,360.39,354.11,358.22,68046452.0,1124852183.0,0.003635655765161924,False,600048,保利发展
2020-08-26,358.44,366.45,356.27,360.39,88109061.0,1472931455.0,0.0060394556042808675,False,600048,保利发展
2020-08-27,359.52,359.52,346.31,350.86,113887484.0,1841509146.0,-0.026799494900354662,False,600048,保利发展
2020-08-28,348.91,358.22,348.04,356.7,92934193.0,1522334926.0,0.016507808863807164,False,600048,保利发展
2020-08-31,359.3,362.98,348.04,348.69,99898622.0,1635466424.0,-0.022711817041119523,False,600048,保利发展
2020-09-01,349.34,351.94,347.17,351.07,68400387.0,1103472123.0,0.006802358458011027,False,600048,保利发展
2020-09-02,349.12,356.27,347.61,352.37,86810278.0,1410858654.0,0.003696126122992939,False,600048,保利发展
2020-09-03,352.37,358.0,349.99,355.19,87621731.0,1437400975.0,0.007971097663824036,False,600048,保利发展
2020-09-04,351.94,357.35,348.26,356.7,72699272.0,1185646072.0,0.0042422347962913385,False,600048,保利发展
2020-09-07,353.46,370.78,353.24,359.74,120236610.0,2015511030.0,0.008486455934978961,False,600048,保利发展
2020-09-08,361.25,365.58,356.27,359.74,74992880.0,1246888460.0,0.0,False,600048,保利发展
2020-09-09,356.27,359.52,351.07,355.19,61264061.0,1003809393.0,-0.012728690731270337,False,600048,保利发展
2020-09-10,359.52,374.68,359.52,363.2,128660598.0,2178483136.0,0.022300789158583863,False,600048,保利发展
2020-09-11,363.63,365.58,356.27,359.09,77167910.0,1282971530.0,-0.011380593279115489,False,600048,保利发展
2020-09-14,359.52,362.34,354.32,358.44,58519133.0,965884103.0,-0.0018117714320039315,False,600048,保利发展
2020-09-15,357.35,363.42,353.67,360.82,64890107.0,1075533876.0,0.006617937008638087,False,600048,保利发展
2020-09-16,359.09,367.53,356.92,364.72,78509632.0,1314843263.0,0.010750716880529042,False,600048,保利发展
2020-09-17,362.98,365.8,359.52,360.39,57441074.0,959643825.0,-0.011943157503792622,False,600048,保利发展
2020-09-18,360.39,375.76,359.74,375.76,140870075.0,2409709444.0,0.04176386331734633,False,600048,保利发展
2020-09-21,375.98,376.41,368.83,369.7,75074277.0,1291780803.0,-0.01625877577615347,False,600048,保利发展
2020-09-22,367.32,369.48,362.55,364.72,57205592.0,967309504.0,-0.013561930037400208,False,600048,保利发展
2020-09-23,364.93,365.8,360.17,361.25,53094169.0,887683648.0,-0.009559696478544183,False,600048,保利发展
2020-09-24,360.82,361.04,353.67,354.54,64752055.0,1065772299.0,-0.018749064841003575,False,600048,保利发展
2020-09-25,353.67,356.27,341.98,344.14,93486243.0,1500213099.0,-0.02977262326062673,False,600048,保利发展
2020-09-28,346.31,351.29,344.36,349.77,72570253.0,1168243282.0,0.016227244288298078,False,600048,保利发展
2020-09-29,349.12,350.42,347.17,348.04,49830932.0,802059020.0,-0.004958379915485977,False,600048,保利发展
2020-09-30,350.86,351.94,340.68,344.14,67589199.0,1077401130.0,-0.011268864372812167,False,600048,保利发展
2020-10-09,346.53,348.69,343.71,347.82,54671938.0,874436426.0,0.010636553254684943,False,600048,保利发展
2020-10-12,349.56,355.84,348.69,355.84,81152180.0,1323453787.0,0.022796087042466266,False,600048,保利发展
2020-10-13,353.46,353.89,347.61,351.07,65703037.0,1062210456.0,-0.013495557840425451,False,600048,保利发展
2020-10-14,349.12,350.42,346.74,349.12,43485147.0,699725853.0,-0.005569931137031275,False,600048,保利发展
2020-10-15,349.12,353.24,348.47,349.12,42923645.0,695276599.0,0.0,False,600048,保利发展
2020-10-16,349.34,352.37,348.26,351.07,51472911.0,832468673.0,0.0055699311370312875,False,600048,保利发展
2020-10-19,353.46,362.98,350.64,352.81,88006705.0,1450752326.0,0.0049440346203980905,False,600048,保利发展
2020-10-20,351.07,352.16,347.17,349.77,53602838.0,863183179.0,-0.008653872788825784,False,600048,保利发展
2020-10-21,349.99,352.37,346.31,351.07,55498359.0,893552668.0,0.0037098381684277024,False,600048,保利发展
2020-10-22,350.86,357.14,349.77,353.02,68195909.0,1115156023.0,0.00553907877039553,False,600048,保利发展
2020-10-23,352.16,358.65,350.42,355.19,77728683.0,1272903854.0,0.006128145016421431,False,600048,保利发展
2020-10-26,357.35,359.95,353.02,356.05,59443899.0,977022349.0,0.0024183128595794737,False,600048,保利发展
2020-10-27,354.97,356.05,346.53,347.61,86912428.0,1403252178.0,-0.02399000875105311,False,600048,保利发展
2020-10-28,347.61,348.26,337.43,340.46,79566925.0,1253531214.0,-0.02078351729065629,False,600048,保利发展
2020-10-29,337.43,344.14,336.56,341.33,54463620.0,856342069.0,0.002552106872235017,False,600048,保利发展
2020-10-30,339.81,346.53,329.63,332.66,103910723.0,1614206110.0,-0.025728803896270337,False,600048,保利发展
2020-11-02,333.75,338.3,332.66,335.48,52432235.0,812795525.0,0.008441394753821808,False,600048,保利发展
2020-11-03,335.91,338.3,332.23,337.21,56036919.0,869855616.0,0.0051435395622694,False,600048,保利发展
2020-11-04,335.48,339.16,334.83,336.56,40054153.0,622589134.0,-0.0019294423962147257,False,600048,保利发展
2020-11-05,338.08,347.39,338.08,344.79,82603458.0,1308077055.0,0.02415909676651161,False,600048,保利发展
2020-11-06,346.09,352.37,344.36,349.99,82879002.0,1336891173.0,0.01496904659793987,False,600048,保利发展
2020-11-09,353.02,354.54,347.61,350.64,77143557.0,1249039966.0,0.0018554734638368388,False,600048,保利发展
2020-11-10,352.16,356.49,347.61,349.12,58562829.0,951190089.0,-0.004344353465847646,False,600048,保利发展
2020-11-11,349.12,357.35,347.61,355.19,99105024.0,1620543187.0,0.01723715492384848,False,600048,保利发展
2020-11-12,352.81,355.62,350.42,352.37,50339875.0,819309271.0,-0.007971097663824174,False,600048,保利发展
2020-11-13,350.21,350.42,340.03,341.76,78733125.0,1247423484.0,-0.03057302357295492,False,600048,保利发展
2020-11-16,342.19,347.61,340.46,346.31,65890484.0,1046180798.0,0.013225591356183225,False,600048,保利发展
2020-11-17,346.31,359.74,345.66,358.65,156810978.0,2573863957.0,0.03501265488448487,False,600048,保利发展
2020-11-18,359.09,369.48,351.94,362.34,148960700.0,2490400939.0,0.010236014975421275,False,600048,保利发展
2020-11-19,363.63,370.35,361.25,367.97,121050845.0,2049805361.0,0.015418415558858244,False,600048,保利发展
2020-11-20,369.92,369.92,361.25,367.32,63629087.0,1075326839.0,-0.0017680103614015287,False,600048,保利发展
2020-11-23,369.27,370.78,363.42,367.32,72772049.0,1235114048.0,0.0,False,600048,保利发展
2020-11-24,364.93,369.27,361.69,363.42,60614933.0,1019684626.0,-0.010674212524410547,False,600048,保利发展
2020-11-25,365.8,370.78,362.34,364.5,70508144.0,1193514297.0,0.002967361227802008,False,600048,保利发展
2020-11-26,365.37,366.67,359.09,365.8,54977497.0,922671725.0,0.0035601845080524596,False,600048,保利发展
2020-11-27,366.88,377.06,366.02,376.85,99585427.0,1717255842.0,0.029760494332713622,False,600048,保利发展
2020-11-30,377.28,390.06,372.95,372.95,132145433.0,2330027673.0,-0.01040286788830674,False,600048,保利发展
2020-12-01,372.51,374.68,361.04,373.6,101651427.0,1728916810.0,0.0017413439535154745,False,600048,保利发展
2020-12-02,373.6,384.64,369.27,376.2,83731286.0,1466458130.0,0.0069352105122423985,False,600048,保利发展
2020-12-03,376.2,378.36,370.57,374.03,51263411.0,885030518.0,-0.005784908765617987,False,600048,保利发展
2020-12-04,374.03,374.68,364.28,367.32,56576610.0,957973975.0,-0.018102605355990592,False,600048,保利发展
2020-12-07,366.02,367.32,356.92,358.22,63418742.0,1053190524.0,-0.02508607994820884,False,600048,保利发展
2020-12-08,359.09,360.17,354.32,356.49,48396951.0,796844190.0,-0.004841133827067845,False,600048,保利发展
2020-12-09,357.35,358.22,351.51,352.81,59508659.0,973363723.0,-0.010376520567909239,False,600048,保利发展
2020-12-10,352.59,355.62,348.26,351.07,47426545.0,767836297.0,-0.004944034620398094,False,600048,保利发展
2020-12-11,353.02,353.02,344.58,346.09,53568750.0,858765080.0,-0.014286776941275867,False,600048,保利发展
2020-12-14,350.86,352.37,346.53,351.07,56305982.0,908436303.0,0.014286776941275814,False,600048,保利发展
2020-12-15,350.42,350.86,344.36,346.96,48340704.0,773621738.0,-0.011776134254626612,False,600048,保利发展
2020-12-16,348.04,353.02,345.44,348.69,49582101.0,797908259.0,0.00497377579661564,False,600048,保利发展
2020-12-17,348.26,351.51,345.44,349.99,53639387.0,865372582.0,0.003721307322990732,False,600048,保利发展
2020-12-18,348.91,349.99,342.84,347.61,97168615.0,1556035905.0,-0.006823420969636223,False,600048,保利发展
2020-12-21,345.23,345.88,339.81,344.58,67563920.0,1070674394.0,-0.00875487757282062,False,600048,保利发展
2020-12-22,343.93,352.81,340.89,345.23,82822876.0,1327522004.0,0.0018845774702601458,False,600048,保利发展
2020-12-23,346.09,346.74,336.78,338.94,90858242.0,1425579577.0,-0.018387761009294644,False,600048,保利发展
2020-12-24,339.16,341.76,335.26,337.86,47985492.0,748652829.0,-0.003191492070643555,False,600048,保利发展
2020-12-25,340.46,340.68,335.7,340.46,35181324.0,550758574.0,0.007666035891842164,False,600048,保利发展
2020-12-28,340.03,341.54,332.88,339.16,69506487.0,1085273726.0,-0.0038256719506219823,False,600048,保利发展
2020-12-29,340.03,344.36,339.59,341.33,60610686.0,956988412.0,0.00637777882285703,False,600048,保利发展
2020-12-30,340.89,342.19,336.56,337.86,55300050.0,864261875.0,-0.01021814276407713,False,600048,保利发展
2020-12-31,338.08,343.49,336.56,342.63,72241786.0,1138146528.0,0.014019539236043195,False,600048,保利发展
2021-01-04,339.59,339.59,328.77,331.15,123298817.0,1889996643.0,-0.03407970279963695,False,600048,保利发展
2021-01-05,328.98,329.2,317.94,327.03,132655847.0,1973875705.0,-0.012519535122611647,False,600048,保利发展
2021-01-06,325.3,330.71,323.78,329.85,103979670.0,1576764325.0,0.008586095860503271,False,600048,保利发展
2021-01-07,330.07,334.61,320.75,326.17,100355191.0,1511452308.0,-0.011219287829012194,False,600048,保利发展
2021-01-08,324.43,330.5,323.13,328.98,77412566.0,1171597291.0,0.008578240804144365,False,600048,保利发展
2021-01-11,328.98,334.61,324.0,325.73,123693474.0,1875366195.0,-0.009928141300586061,False,600048,保利发展
2021-01-12,325.95,328.98,321.84,328.55,86881886.0,1303220805.0,0.00862021600045082,False,600048,保利发展
2021-01-13,330.28,339.59,327.47,334.61,120570979.0,1861224110.0,0.01827664119381638,False,600048,保利发展
2021-01-14,334.18,342.84,333.1,335.05,98063340.0,1524049319.0,0.001314099881486499,False,600048,保利发展
2021-01-15,333.75,341.11,333.75,336.13,85835087.0,1337980653.0,0.0032182154775821413,False,600048,保利发展
2021-01-18,337.65,347.39,333.31,345.66,127787610.0,2011580670.0,0.027957643075584872,False,600048,保利发展
2021-01-19,341.11,355.19,337.86,348.69,182193556.0,2915611185.0,0.008727642351379506,False,600048,保利发展
2021-01-20,345.88,346.09,335.91,339.59,95879054.0,1505834153.0,-0.026444267727626328,False,600048,保利发展
2021-01-21,337.86,339.16,329.85,331.8,134581587.0,2071155402.0,-0.02320662983975579,False,600048,保利发展
2021-01-22,328.33,328.55,321.19,321.19,120563606.0,1800534756.0,-0.032499529418698554,False,600048,保利发展
2021-01-25,319.67,319.67,311.01,316.85,143084553.0,2078401511.0,-0.013604372568119487,False,600048,保利发展
2021-01-26,315.99,320.32,314.25,316.2,80402047.0,1177228120.0,-0.0020535509941544726,False,600048,保利发展
2021-01-27,316.42,319.67,308.62,311.22,94181990.0,1361236418.0,-0.015874867184007702,False,600048,保利发展
2021-01-28,307.76,307.76,301.69,304.29,91456666.0,1284221551.0,-0.022518863535349862,False,600048,保利发展
2021-01-29,305.16,306.46,298.23,299.09,72071290.0,1002283529.0,-0.017236662613264297,False,600048,保利发展
2021-02-01,299.31,302.34,294.11,299.31,64637481.0,889652916.0,0.000735294150775624,False,600048,保利发展
2021-02-02,299.31,304.73,297.58,303.21,73421321.0,1025701935.0,0.01294580916115537,False,600048,保利发展
2021-02-03,304.29,304.29,296.71,298.01,54348435.0,750276303.0,-0.01729859176532163,False,600048,保利发展
2021-02-04,297.58,297.58,288.27,289.78,97634543.0,1313817062.0,-0.028005028596783048,False,600048,保利发展
2021-02-05,289.78,301.26,288.92,297.79,88379379.0,1205608245.0,0.027266525709912632,False,600048,保利发展
2021-02-08,302.78,307.97,298.88,302.13,84510315.0,1185075433.0,0.014468848225674166,False,600048,保利发展
2021-02-09,302.13,304.08,297.15,300.61,62771958.0,872253963.0,-0.005043644762882616,False,600048,保利发展
2021-02-10,300.39,303.43,298.23,299.53,54345683.0,752943917.0,-0.0035991640812416473,False,600048,保利发展
2021-02-18,301.26,311.87,301.04,311.01,92524355.0,1313636871.0,0.037610486519091726,False,600048,保利发展
2021-02-19,309.06,314.04,307.11,312.09,64012114.0,921006211.0,0.003466541747783163,False,600048,保利发展
2021-02-22,312.31,320.75,309.71,318.37,90458256.0,1319299670.0,0.019922620674699746,False,600048,保利发展
2021-02-23,315.34,320.97,314.69,317.29,49177708.0,721243515.0,-0.0033980462486374124,False,600048,保利发展
2021-02-24,317.5,324.65,316.42,320.97,96124774.0,1426751335.0,0.011531478641649226,False,600048,保利发展
2021-02-25,325.95,353.02,324.65,348.04,386495594.0,6176422138.0,0.0809697548791988,False,600048,保利发展
2021-02-26,339.59,347.61,331.36,336.56,179897461.0,2811354363.0,-0.033540976415558275,False,600048,保利发展
2021-03-01,339.81,352.59,333.75,348.26,142536044.0,2268679063.0,0.0341728879689711,False,600048,保利发展
2021-03-02,347.82,360.39,344.36,346.96,129691037.0,2107836756.0,-0.0037398277241258676,False,600048,保利发展
2021-03-03,343.49,353.24,341.54,348.26,89475113.0,1430704230.0,0.0037398277241259704,False,600048,保利发展
2021-03-04,346.09,352.59,335.7,338.3,112271783.0,1775824629.0,-0.029016251464573796,False,600048,保利发展
2021-03-05,335.48,341.76,327.25,332.01,98639401.0,1517109184.0,-0.018767986841859194,False,600048,保利发展
2021-03-08,335.48,337.86,328.77,328.77,65010774.0,1000109908.0,-0.00980667080139312,False,600048,保利发展
2021-03-09,330.5,335.26,324.87,326.17,78823485.0,1201874219.0,-0.007939700303542798,False,600048,保利发展
2021-03-10,328.55,330.5,320.97,322.7,66935872.0,998936361.0,-0.010695618781951643,False,600048,保利发展
2021-03-11,323.57,329.85,322.7,324.87,61152835.0,920079135.0,0.00670200325048158,False,600048,保利发展
2021-03-12,325.3,337.86,319.24,328.77,79003668.0,1195463155.0,0.011933315835012599,False,600048,保利发展
2021-03-15,330.07,330.93,321.84,324.43,77100176.0,1157387333.0,-0.013288621756316567,False,600048,保利发展
2021-03-16,324.87,338.94,322.48,337.43,89605159.0,1375189818.0,0.039288285006192504,False,600048,保利发展
2021-03-17,333.53,339.81,330.28,331.8,57941866.0,893531686.0,-0.0168257036369421,False,600048,保利发展
2021-03-18,332.66,334.18,328.77,330.28,46258005.0,706135798.0,-0.004591598207116459,False,600048,保利发展
2021-03-19,327.25,327.9,315.55,317.5,77913581.0,1152027145.0,-0.03946296121648137,False,600048,保利发展
2021-03-22,314.25,319.45,313.61,317.94,40023885.0,585610373.0,0.001384867399979386,False,600048,保利发展
2021-03-23,317.94,319.67,312.96,314.25,47757153.0,694425255.0,-0.011673838262368912,False,600048,保利发展
2021-03-24,313.61,314.9,308.62,310.14,49966688.0,717477372.0,-0.013165039034353943,False,600048,保利发展
2021-03-25,310.36,312.74,307.97,310.57,30644557.0,438914140.0,0.0013855103632519409,False,600048,保利发展
2021-03-26,310.57,312.96,309.71,310.79,39281911.0,564426455.0,0.0007081241444349942,False,600048,保利发展
2021-03-29,309.92,312.52,306.89,311.01,48836266.0,699702839.0,0.0007076230594404111,False,600048,保利发展
2021-03-30,309.71,315.12,308.62,311.66,44133028.0,634739671.0,0.002087784014338216,False,600048,保利发展
2021-03-31,311.22,311.44,305.16,308.19,45418711.0,643623297.0,-0.01119637412118649,False,600048,保利发展
2021-04-01,308.41,309.49,304.29,306.46,33386490.0,472643671.0,-0.005629234746251861,False,600048,保利发展
2021-04-02,307.11,309.06,305.16,307.54,32698273.0,463386324.0,0.003517918937516739,False,600048,保利发展
2021-04-06,308.62,309.49,306.89,307.54,27195249.0,386657013.0,0.0,False,600048,保利发展
2021-04-07,307.54,309.71,305.81,309.06,33541454.0,476552056.0,0.004930272718001929,False,600048,保利发展
2021-04-08,307.11,307.32,304.94,306.46,34502765.0,487196013.0,-0.00844819165551875,False,600048,保利发展
2021-04-09,306.24,306.46,301.04,302.99,46172274.0,646077647.0,-0.011387439485611925,False,600048,保利发展
2021-04-12,303.21,309.92,302.34,309.27,58483237.0,829937927.0,0.020514880111984785,False,600048,保利发展
2021-04-13,309.06,311.44,305.81,310.36,42521839.0,605764690.0,0.0035182322493456284,False,600048,保利发展
2021-04-14,310.36,312.09,308.62,310.57,37603869.0,538429013.0,0.0006764047735062174,False,600048,保利发展
2021-04-15,310.57,312.31,308.62,310.36,31165260.0,446634899.0,-0.0006764047735063677,False,600048,保利发展
2021-04-16,311.87,314.47,309.92,313.82,37953301.0,548236200.0,0.011086659105173506,False,600048,保利发展
2021-04-19,314.04,315.77,311.87,315.55,35640107.0,517225339.0,0.0054975748993264795,False,600048,保利发展
2021-04-20,311.66,312.31,304.94,305.81,86469697.0,1226098949.0,-0.03135315395811855,False,600048,保利发展
2021-04-21,305.59,307.11,302.78,306.67,42992030.0,605285250.0,0.0028082568089904925,False,600048,保利发展
2021-04-22,307.11,309.71,306.02,307.76,41482471.0,588948169.0,0.0035480075629192795,False,600048,保利发展
2021-04-23,306.67,307.32,302.34,305.81,66423963.0,932922953.0,-0.006356264371909578,False,600048,保利发展
2021-04-26,304.73,306.46,302.78,303.21,50747404.0,712300206.0,-0.008538359317449161,False,600048,保利发展
2021-04-27,303.21,307.11,301.26,305.81,44975962.0,632324208.0,0.008538359317449284,False,600048,保利发展
2021-04-28,306.89,307.11,304.29,306.02,33443765.0,472050224.0,0.000686465221537374,False,600048,保利发展
2021-04-29,306.89,307.32,304.51,307.11,33910573.0,479619428.0,0.0035555303061217225,False,600048,保利发展
2021-04-30,305.38,307.11,301.26,303.21,51401574.0,720925490.0,-0.0127803548451083,False,600048,保利发展
2021-05-06,301.69,304.73,301.04,302.34,32663204.0,455954845.0,-0.0028734228341191523,False,600048,保利发展
2021-05-07,301.26,303.86,300.18,301.26,35914102.0,500927532.0,-0.003578532645892497,False,600048,保利发展
2021-05-10,300.61,301.04,293.9,297.58,49324635.0,675473003.0,-0.012290582875117787,False,600048,保利发展
2021-05-11,295.41,299.74,294.33,298.88,30236546.0,414594468.0,0.00435905864092649,False,600048,保利发展
2021-05-12,296.93,297.36,290.0,291.95,70503609.0,954131618.0,-0.0234596003109312,False,600048,保利发展
2021-05-13,290.0,291.95,289.35,291.08,34465009.0,461943771.0,-0.0029844112506609037,False,600048,保利发展
2021-05-14,291.3,295.63,289.56,295.2,44218622.0,597131715.0,0.014054949247431794,False,600048,保利发展
2021-05-17,294.11,297.79,292.6,296.06,40865789.0,558256091.0,0.0029090437590285644,False,600048,保利发展
2021-05-18,295.63,299.74,293.68,297.36,40769856.0,558572352.0,0.004381389503650618,False,600048,保利发展
2021-05-19,297.36,297.79,291.08,292.16,41639118.0,564109664.0,-0.017641928582393013,False,600048,保利发展
2021-05-20,292.6,292.81,290.0,292.16,32441344.0,436281549.0,0.0,False,600048,保利发展
2021-05-21,291.95,293.25,287.18,287.18,53319514.0,712850088.0,-0.017192400540372875,False,600048,保利发展
2021-05-24,286.53,286.53,282.63,283.28,52027282.0,681858868.0,-0.013673389062582619,False,600048,保利发展
2021-05-25,283.07,292.16,282.2,291.73,64366060.0,855660865.0,0.029392909170901614,False,600048,保利发展
2021-05-26,291.73,304.51,291.51,297.15,107427796.0,1481795593.0,0.01840834483811991,False,600048,保利发展
2021-05-27,297.36,302.56,295.63,298.01,55342103.0,764358619.0,0.002889981176689654,False,600048,保利发展
2021-05-28,298.88,299.96,291.95,294.11,46885045.0,637404999.0,-0.01317319596734363,False,600048,保利发展
2021-05-31,294.33,295.85,290.43,292.81,42499343.0,573770002.0,-0.004429912512595122,False,600048,保利发展
2021-06-01,293.46,294.98,288.48,289.35,42721770.0,571875190.0,-0.011886906489572469,False,600048,保利发展
2021-06-02,289.35,293.46,287.18,291.51,41839004.0,562081319.0,0.007437282499609408,False,600048,保利发展
2021-06-03,291.3,293.9,289.78,290.0,33721015.0,453955288.0,-0.005193387538937548,False,600048,保利发展
2021-06-04,289.78,292.81,288.48,290.65,39479591.0,529670865.0,0.0022388711668398825,False,600048,保利发展
2021-06-07,288.7,288.7,281.77,283.72,66262465.0,868066857.0,-0.024131957813473395,False,600048,保利发展
2021-06-08,284.8,286.32,282.85,283.72,39036857.0,511842743.0,0.0,False,600048,保利发展
2021-06-09,284.37,285.67,283.72,284.8,35700878.0,469119034.0,0.0037993432039345777,False,600048,保利发展
2021-06-10,284.8,285.67,282.63,282.63,35590081.0,466380852.0,-0.007648557809134636,False,600048,保利发展
2021-06-11,282.63,284.37,281.12,283.07,45237805.0,590105882.0,0.0015555951519491233,False,600048,保利发展
2021-06-15,282.85,282.85,274.62,274.62,55571749.0,713259542.0,-0.030305892987029376,False,600048,保利发展
2021-06-16,272.89,281.34,272.02,279.17,46024364.0,591376921.0,0.016432591364728803,False,600048,保利发展
2021-06-17,278.52,280.47,276.14,279.17,37088795.0,476960024.0,0.0,False,600048,保利发展
2021-06-18,278.3,278.74,273.32,276.57,39879241.0,507648823.0,-0.00935696177972191,False,600048,保利发展
2021-06-21,275.92,276.35,270.07,271.16,41477637.0,521094744.0,-0.019754900915847702,False,600048,保利发展
2021-06-22,271.16,273.97,265.31,266.39,59046742.0,732184300.0,-0.017747652138619424,False,600048,保利发展
2021-06-23,266.82,270.07,266.17,268.99,51398614.0,636991358.0,0.00971280376550699,False,600048,保利发展
2021-06-24,268.56,271.37,267.04,268.56,39710672.0,493179282.0,-0.001599851517872929,False,600048,保利发展
2021-06-25,268.99,270.72,267.69,270.07,36342555.0,452460406.0,0.0056068319839804575,False,600048,保利发展
2021-06-28,270.07,270.51,261.84,262.71,63618040.0,777833702.0,-0.027630422453517146,False,600048,保利发展
2021-06-29,262.71,264.23,259.46,259.89,52143370.0,628659159.0,-0.010792297632084141,False,600048,保利发展
2021-06-30,260.76,262.06,259.46,260.76,36109105.0,434201731.0,0.003341979486180039,False,600048,保利发展
2021-07-01,261.41,272.89,260.11,271.59,92740005.0,1148526815.0,0.04069313209911996,False,600048,保利发展
2021-07-02,270.29,270.51,261.19,261.84,56449667.0,690484540.0,-0.03655994596253358,False,600048,保利发展
2021-07-05,261.84,262.49,255.13,257.29,60937817.0,723294087.0,-0.017529776798466744,False,600048,保利发展
2021-07-06,257.08,270.29,255.78,266.61,82571120.0,1012673320.0,0.03558306302403529,False,600048,保利发展
2021-07-07,264.88,268.12,262.49,263.58,38598696.0,470737371.0,-0.011429989202750419,False,600048,保利发展
2021-07-08,263.79,264.88,257.94,262.49,52880177.0,636119053.0,-0.0041439411478018835,False,600048,保利发展
2021-07-09,261.41,265.52,260.54,263.79,35368699.0,429528833.0,0.004940345991079262,False,600048,保利发展
2021-07-12,265.96,265.96,260.11,260.33,47959190.0,581087656.0,-0.013203275066728552,False,600048,保利发展
2021-07-13,260.76,265.31,259.24,260.76,37467975.0,452255464.0,0.001650387064046649,False,600048,保利发展
2021-07-14,260.98,260.98,254.7,255.35,48894855.0,578637678.0,-0.020965290962685703,False,600048,保利发展
2021-07-15,254.7,257.51,252.31,255.56,48378335.0,570489716.0,0.0008220626404895428,False,600048,保利发展
2021-07-16,254.26,258.38,254.26,255.35,36420226.0,430142360.0,-0.0008220626404895921,False,600048,保利发展
2021-07-19,255.13,256.0,246.25,247.77,75538399.0,866498465.0,-0.03013425660291757,False,600048,保利发展
2021-07-20,246.03,248.42,242.57,247.12,64710358.0,733361493.0,-0.002626847880409107,False,600048,保利发展
2021-07-21,246.9,248.42,242.13,242.78,64577767.0,726554710.0,-0.017718365140668674,False,600048,保利发展
2021-07-22,242.78,246.25,241.05,244.52,58534000.0,660017197.0,0.00714142169086708,False,600048,保利发展
2021-07-23,243.43,243.65,240.19,241.48,51065064.0,569064826.0,-0.012510451232299359,False,600048,保利发展
2021-07-26,238.02,238.02,224.37,225.46,117645552.0,1246021828.0,-0.06864389431184004,False,600048,保利发展
2021-07-27,225.24,225.46,215.93,216.58,143979405.0,1459894894.0,-0.04018276541615187,False,600048,保利发展
2021-07-28,216.58,221.13,214.63,217.44,111989516.0,1128677105.0,0.003962956202600168,False,600048,保利发展
2021-07-29,220.26,220.69,212.68,217.01,95725750.0,953702847.0,-0.0019795149748517682,False,600048,保利发展
2021-07-30,213.55,218.09,211.6,216.79,69539153.0,690819064.0,-0.0010142923875570693,False,600048,保利发展
2021-08-02,215.5,223.51,211.38,220.69,105807578.0,1067850326.0,0.01782985881964383,False,600048,保利发展
2021-08-03,219.39,221.56,217.88,218.53,54982012.0,556191826.0,-0.009835696978007524,False,600048,保利发展
2021-08-04,218.53,218.53,215.5,216.36,51074095.0,510906714.0,-0.009979617878834671,False,600048,保利发展
2021-08-05,220.91,234.77,220.91,226.97,178431811.0,1877786197.0,0.047874163154152126,False,600048,保利发展
2021-08-06,223.51,234.12,221.78,232.82,116746898.0,1236985643.0,0.025447772662716653,False,600048,保利发展
2021-08-09,230.87,256.21,230.22,250.36,213128043.0,2451874247.0,0.07263425923640585,False,600048,保利发展
2021-08-10,251.45,253.83,242.78,251.66,132944393.0,1522751040.0,0.0051790881073210775,False,600048,保利发展
2021-08-11,259.68,276.79,259.68,272.67,281697338.0,3572432426.0,0.08018330263496684,False,600048,保利发展
2021-08-12,266.39,277.87,265.74,268.99,123086017.0,1538852237.0,-0.013588068609136297,False,600048,保利发展
2021-08-13,268.12,269.86,259.46,260.33,154420411.0,1884288757.0,-0.03272414719736057,False,600048,保利发展
2021-08-16,264.94,278.08,260.33,273.01,151958154.0,1794727894.0,0.04755836755843438,False,600048,保利发展
2021-08-17,271.86,286.38,268.63,281.31,171845343.0,2096863255.0,0.029948839548917153,False,600048,保利发展
2021-08-18,278.54,287.77,273.93,281.54,123659480.0,1512646287.0,0.0008172693001758019,False,600048,保利发展
2021-08-19,279.0,279.47,268.86,272.09,107600718.0,1275708053.0,-0.03414163948037441,False,600048,保利发展
2021-08-20,275.08,282.92,272.32,279.47,109310131.0,1322045562.0,0.026762058389007325,False,600048,保利发展
2021-08-23,277.85,280.85,273.93,274.85,57385093.0,688914787.0,-0.016669458001782853,False,600048,保利发展
2021-08-24,275.55,279.0,267.94,271.63,82394286.0,972482717.0,-0.011784648168248812,False,600048,保利发展
2021-08-25,273.7,273.93,262.86,264.94,80802681.0,936831193.0,-0.02493746088230513,False,600048,保利发展
2021-08-26,264.94,273.24,261.25,262.86,76349389.0,881340627.0,-0.007881814202253368,False,600048,保利发展
2021-08-27,262.17,263.79,255.72,258.25,77151567.0,864408805.0,-0.017693463054114168,False,600048,保利发展
2021-08-30,255.95,255.95,243.96,250.18,109461003.0,1187921404.0,-0.031747449213152666,False,600048,保利发展
2021-08-31,250.18,264.71,249.26,262.63,113972897.0,1272688276.0,0.04856553875040816,False,600048,保利发展
2021-09-01,260.1,282.23,260.1,279.93,148956564.0,1787523447.0,0.06379337437703687,False,600048,保利发展
2021-09-02,282.46,296.99,279.47,286.61,147911568.0,1840799581.0,0.023582834706635875,False,600048,保利发展
2021-09-03,283.62,291.69,278.54,283.15,102746748.0,1266944693.0,-0.012145614060862203,False,600048,保利发展
2021-09-06,281.08,285.92,276.93,277.62,61354690.0,744216428.0,-0.019723520412850713,False,600048,保利发展
2021-09-07,278.31,279.7,272.55,277.85,60454038.0,725022701.0,0.0008281275789672018,False,600048,保利发展
2021-09-08,279.0,279.93,273.47,274.85,39702681.0,475274834.0,-0.01085590541926088,False,600048,保利发展
2021-09-09,274.85,280.85,270.7,278.54,70781954.0,850198424.0,0.013336181318276573,False,600048,保利发展
2021-09-10,279.0,288.69,278.77,287.3,104509998.0,1292152315.0,0.030965290360297843,False,600048,保利发展
2021-09-13,288.23,307.37,285.0,303.22,173386145.0,2259035178.0,0.05393164866819182,False,600048,保利发展
2021-09-14,302.52,309.44,296.99,299.53,104282547.0,1367553635.0,-0.012244035169396969,False,600048,保利发展
2021-09-15,297.22,302.98,284.77,290.99,113189595.0,1436605960.0,-0.028925677164179292,False,600048,保利发展
2021-09-16,294.91,295.61,280.16,283.15,100226369.0,1235031396.0,-0.02731210976004547,False,600048,保利发展
2021-09-17,283.39,301.6,280.39,299.06,89852064.0,1152391307.0,0.05466742959588363,False,600048,保利发展
2021-09-22,290.53,321.89,288.92,316.13,189957248.0,2587525698.0,0.05550929923762364,False,600048,保利发展
2021-09-23,318.2,327.89,312.44,315.44,129499405.0,1802281683.0,-0.0021850318239495514,False,600048,保利发展
2021-09-24,315.44,326.73,306.67,309.44,107414329.0,1472427065.0,-0.019204277304442192,False,600048,保利发展
2021-09-27,311.29,312.44,294.68,297.68,85140661.0,1104506928.0,-0.038745128226562384,False,600048,保利发展
2021-09-28,313.59,325.12,313.36,314.28,171011901.0,2362467743.0,0.054265224269253724,False,600048,保利发展
2021-09-29,322.81,323.97,313.13,318.43,111188490.0,1537895678.0,0.013118362329605237,False,600048,保利发展
2021-09-30,322.81,335.5,320.97,323.51,113213409.0,1604766460.0,0.015827354727048173,False,600048,保利发展
2021-10-08,327.43,329.04,310.59,312.44,71247483.0,978041794.0,-0.034817574622177584,False,600048,保利发展
2021-10-11,313.59,330.19,313.59,320.28,91732920.0,1288098517.0,0.024783162462336358,False,600048,保利发展
2021-10-12,320.05,336.19,317.28,324.89,146352980.0,2094511282.0,0.014291050295808856,False,600048,保利发展
2021-10-13,326.04,330.65,315.44,320.74,86955996.0,1212100488.0,-0.012855837419578992,False,600048,保利发展
2021-10-14,316.36,322.35,306.21,311.29,111395796.0,1511497010.0,-0.02990587250274433,False,600048,保利发展
2021-10-15,311.29,320.51,308.52,318.2,85913757.0,1177930663.0,0.021955162325768104,False,600048,保利发展
2021-10-18,314.28,317.97,292.38,306.67,133138239.0,1744050201.0,-0.03690786502256603,False,600048,保利发展
2021-10-19,304.37,305.06,290.53,297.22,128594055.0,1656009396.0,-0.031299645550696996,False,600048,保利发展
2021-10-20,297.22,299.3,290.53,294.22,74032456.0,942568642.0,-0.010144818508357635,False,600048,保利发展
2021-10-21,293.99,311.98,292.84,310.36,122692421.0,1625899032.0,0.053405127203682824,False,600048,保利发展
2021-10-22,315.44,335.27,311.98,316.13,165525459.0,2315783539.0,0.01842060736757278,False,600048,保利发展
2021-10-25,306.9,328.58,306.67,311.05,115747512.0,1581623573.0,-0.016199850432292433,False,600048,保利发展
2021-10-26,311.29,314.74,298.83,300.91,93811799.0,1236133464.0,-0.03314245424481808,False,600048,保利发展
2021-10-27,303.68,306.21,295.14,299.99,77747833.0,1012053338.0,-0.0030620759489108124,False,600048,保利发展
2021-10-28,304.14,304.14,291.22,298.14,70161484.0,904912875.0,-0.006185965925015729,False,600048,保利发展
2021-10-29,298.6,298.6,282.46,289.61,113996225.0,1420316138.0,-0.02902798454014258,False,600048,保利发展
2021-11-01,289.61,293.99,280.16,282.46,79104865.0,977843589.0,-0.02499824266122396,False,600048,保利发展
2021-11-02,283.62,290.53,277.39,282.0,72865594.0,894689988.0,-0.0016298767028040866,False,600048,保利发展
2021-11-03,281.54,300.91,279.47,297.68,106914414.0,1361918633.0,0.05411201310025342,False,600048,保利发展
2021-11-04,295.84,296.53,285.0,290.99,72618078.0,915737616.0,-0.022730181718507696,False,600048,保利发展
2021-11-05,288.23,289.15,281.77,282.23,67089448.0,827821675.0,-0.030566560968122134,False,600048,保利发展
2021-11-08,285.46,290.53,281.77,290.07,58672053.0,731687752.0,0.02739993181182865,False,600048,保利发展
2021-11-09,288.46,293.3,284.08,289.38,52389141.0,657123201.0,-0.002381569854630308,False,600048,保利发展
2021-11-10,293.76,313.59,285.46,311.29,158448825.0,2076546383.0,0.07298425026898303,False,600048,保利发展
2021-11-11,315.44,342.41,314.97,342.41,286946810.0,4173020500.0,0.09528389587066982,False,600048,保利发展
2021-11-12,345.87,348.87,335.27,342.88,215369855.0,3200738696.0,0.001371682276678616,False,600048,保利发展
2021-11-15,342.64,342.88,325.35,334.11,100785033.0,1451489046.0,-0.02591025165214835,False,600048,保利发展
2021-11-16,332.73,340.8,331.81,332.27,70186249.0,1021992920.0,-0.005522388655632009,False,600048,保利发展
2021-11-17,335.5,335.73,325.12,330.19,56945674.0,812678655.0,-0.0062796450660029274,False,600048,保利发展
2021-11-18,332.27,335.27,319.59,322.81,61789570.0,868229111.0,-0.02260433150120248,False,600048,保利发展
2021-11-19,320.74,350.48,317.05,346.33,145806518.0,2127791916.0,0.07032816289544332,False,600048,保利发展
2021-11-22,347.72,348.18,322.12,325.35,152213651.0,2174954762.0,-0.06249055180473136,False,600048,保利发展
2021-11-23,326.73,338.49,323.05,332.04,74526821.0,1072061642.0,0.0203539176458417,False,600048,保利发展
2021-11-24,332.73,347.03,329.96,335.5,97709599.0,1438019946.0,0.010366512824901544,False,600048,保利发展
2021-11-25,331.58,337.8,326.27,328.81,54533770.0,780730913.0,-0.020141880066892392,False,600048,保利发展
2021-11-26,327.43,328.12,320.28,324.2,53543807.0,751399931.0,-0.014119467043268405,False,600048,保利发展
2021-11-29,320.97,325.81,318.2,321.66,47124877.0,656043824.0,-0.00786552223407428,False,600048,保利发展
2021-11-30,319.59,326.04,317.05,319.36,53548036.0,744120223.0,-0.007176093944402272,False,600048,保利发展
2021-12-01,317.05,331.58,316.82,324.89,69465990.0,980778964.0,0.01716767037714271,False,600048,保利发展
2021-12-02,322.81,339.19,318.66,333.19,67792349.0,972988416.0,0.025226234337274625,False,600048,保利发展
2021-12-03,331.58,341.95,328.58,339.88,79508373.0,1161841198.0,0.019879716297824097,False,600048,保利发展
2021-12-06,352.1,365.7,343.57,347.26,144010566.0,2196619275.0,0.021481164780651166,False,600048,保利发展
2021-12-07,358.55,363.17,338.96,343.57,132413033.0,2018189323.0,-0.010682903444246066,False,600048,保利发展
2021-12-08,343.57,347.49,331.58,343.8,87449575.0,1287875182.0,0.0006692174770032356,False,600048,保利发展
2021-12-09,342.41,359.71,341.26,351.41,93506724.0,1426791799.0,0.02189353999751682,False,600048,保利发展
2021-12-10,349.33,352.33,337.11,345.18,86788369.0,1293134989.0,-0.017887612843008723,False,600048,保利发展
2021-12-13,342.41,345.18,333.19,334.34,96220117.0,1411314740.0,-0.031907580828772424,False,600048,保利发展
2021-12-14,332.04,332.04,320.51,322.35,107761271.0,1512411530.0,-0.03652052751785537,False,600048,保利发展
2021-12-15,321.66,333.65,320.05,329.04,61736026.0,879143675.0,0.020541412165539515,False,600048,保利发展
2021-12-16,327.66,335.04,325.81,333.65,54042655.0,777721151.0,0.013913215427446765,False,600048,保利发展
2021-12-17,334.11,342.41,331.35,332.73,58744033.0,856067305.0,-0.002761189064855535,False,600048,保利发展
2021-12-20,333.65,344.49,332.04,338.96,69738081.0,1028087352.0,0.01855075603354373,False,600048,保利发展
2021-12-21,338.96,358.55,338.96,356.02,116055640.0,1781316202.0,0.049104802730983214,False,600048,保利发展
2021-12-22,356.25,359.94,350.48,356.94,82877221.0,1281672104.0,0.0025807913785823875,False,600048,保利发展
2021-12-23,355.56,362.71,350.72,359.71,62812477.0,973479072.0,0.007730450832501876,False,600048,保利发展
2021-12-24,356.94,364.78,348.87,359.94,60705054.0,941839897.0,0.0006391996326856044,False,600048,保利发展
2021-12-27,364.32,369.39,350.02,352.56,88947152.0,1380720419.0,-0.0207165303593251,False,600048,保利发展
2021-12-28,350.25,353.48,342.88,350.48,60228833.0,910077900.0,-0.005917177028088507,False,600048,保利发展
2021-12-29,350.95,353.02,345.87,347.03,47067829.0,711642288.0,-0.009892411964418629,False,600048,保利发展
2021-12-30,346.1,353.94,344.26,348.18,44142856.0,668620812.0,0.0033083558893475633,False,600048,保利发展
2021-12-31,347.26,366.16,347.03,360.4,65405240.0,1022262201.0,0.03449493830361086,False,600048,保利发展
2022-01-04,357.4,366.63,353.71,364.32,64521384.0,1013405609.0,0.010818076581246675,False,600048,保利发展
2022-01-05,360.63,378.15,360.17,368.93,117339835.0,1883779310.0,0.01257432183239799,False,600048,保利发展
2022-01-06,368.47,372.62,355.1,357.63,81091467.0,1272033541.0,-0.031107991749807606,False,600048,保利发展
2022-01-07,363.17,376.77,359.71,372.39,95015827.0,1529518635.0,0.040442759797946176,False,600048,保利发展
2022-01-10,363.86,382.77,362.47,379.77,122431885.0,1990885863.0,0.01962411412088052,False,600048,保利发展
2022-01-11,378.15,393.83,369.16,372.62,135641920.0,2242702140.0,-0.019006672724638726,False,600048,保利发展
2022-01-12,370.78,373.54,360.63,368.93,72931700.0,1164101277.0,-0.00995220944438032,False,600048,保利发展
2022-01-13,368.7,377.46,357.63,358.55,63388983.0,1003299034.0,-0.02853880381924351,False,600048,保利发展
2022-01-14,358.55,359.48,343.11,344.72,98322555.0,1477495648.0,-0.03933562702100121,False,600048,保利发展
2022-01-17,343.8,361.55,343.8,354.4,78332075.0,1206395700.0,0.02769372542334307,False,600048,保利发展
2022-01-18,355.1,375.39,350.72,372.39,82854191.0,1317079317.0,0.04951547346504035,False,600048,保利发展
2022-01-19,375.39,387.38,366.63,371.01,71045292.0,1154404503.0,-0.0037126757738907418,False,600048,保利发展
2022-01-20,378.15,380.0,355.56,357.4,123311348.0,1949853530.0,-0.037373413696747716,False,600048,保利发展
2022-01-21,357.4,364.09,351.64,356.94,63986013.0,991202395.0,-0.0012879022974583401,False,600048,保利发展
2022-01-24,356.02,373.31,352.79,368.7,84994496.0,1347855666.0,0.03241560481222948,False,600048,保利发展
2022-01-25,366.16,370.55,357.63,358.32,42176253.0,663756507.0,-0.028556863341054135,False,600048,保利发展
2022-01-26,363.86,364.09,354.17,358.55,44827716.0,696887631.0,0.0006416784295392624,False,600048,保利发展
2022-01-27,358.55,370.55,350.48,360.86,57709984.0,906916186.0,0.0064219511515685185,False,600048,保利发展
2022-01-28,363.17,371.93,358.79,362.01,78806455.0,1251595655.0,0.0031817642734666375,False,600048,保利发展
2022-02-07,362.47,371.7,352.79,368.01,81531265.0,1285701520.0,0.0164382759591512,False,600048,保利发展
2022-02-08,364.55,371.93,361.32,364.32,83074343.0,1320397416.0,-0.010077509397340789,False,600048,保利发展
2022-02-09,365.7,380.46,356.71,359.48,113007580.0,1805740822.0,-0.013374059525256755,False,600048,保利发展
2022-02-10,355.1,380.0,348.41,369.39,134878319.0,2158128036.0,0.027194453682717067,False,600048,保利发展
2022-02-11,368.24,379.54,362.01,363.17,96845190.0,1554835893.0,-0.0169819522761893,False,600048,保利发展
2022-02-14,359.02,363.63,350.48,353.02,76202615.0,1173056032.0,-0.028346331644567544,False,600048,保利发展
2022-02-15,353.02,355.79,350.02,353.25,51019976.0,780407022.0,0.0006513090125039239,False,600048,保利发展
2022-02-16,353.71,369.62,350.48,365.24,70872806.0,1115952057.0,0.033378650183502584,False,600048,保利发展
2022-02-17,365.93,365.93,352.33,357.17,68250513.0,1055084456.0,-0.02234281283501419,False,600048,保利发展
2022-02-18,357.4,377.23,357.4,376.54,129348761.0,2075701515.0,0.05281242438344061,False,600048,保利发展
2022-02-21,377.23,379.31,370.31,376.77,76247061.0,1239554335.0,0.0006106384015791512,False,600048,保利发展
2022-02-22,376.77,386.22,371.24,379.31,69813733.0,1146587695.0,0.006718891004566344,False,600048,保利发展
2022-02-23,378.62,380.0,366.39,370.78,60743583.0,976156386.0,-0.022744917898265046,False,600048,保利发展
2022-02-24,369.39,376.31,365.24,368.24,50313089.0,806894943.0,-0.006873995295460105,False,600048,保利发展
2022-02-25,367.78,377.0,362.47,364.55,65615988.0,1046527101.0,-0.010071183256546691,False,600048,保利发展
2022-02-28,362.71,368.47,357.4,364.78,47529468.0,747608341.0,0.000630715883412124,False,600048,保利发展
2022-03-01,364.78,378.62,362.71,377.0,70649863.0,1141783243.0,0.03295075531215919,False,600048,保利发展
2022-03-02,379.08,391.99,377.46,381.61,84178168.0,1401918908.0,0.012153957233497608,False,600048,保利发展
2022-03-03,382.77,397.29,382.77,394.53,102837225.0,1756733544.0,0.03329603834047463,False,600048,保利发展
2022-03-04,392.22,395.45,383.92,392.45,67775365.0,1147429047.0,-0.005286042449160456,False,600048,保利发展
2022-03-07,391.99,406.05,389.45,395.68,105960775.0,1836319453.0,0.008196663200283403,False,600048,保利发展
2022-03-08,394.29,398.21,385.3,387.38,59747333.0,1014745494.0,-0.02119968035901295,False,600048,保利发展
2022-03-09,389.22,394.06,360.63,374.0,140779891.0,2295472916.0,-0.03515032599956122,False,600048,保利发展
2022-03-10,378.15,380.0,365.47,372.62,73760806.0,1192062895.0,-0.0036966638223241417,False,600048,保利发展
2022-03-11,368.93,374.7,362.24,374.23,50499051.0,807813795.0,0.004311448065790015,False,600048,保利发展
2022-03-14,366.86,393.83,364.32,376.77,105490794.0,1753734090.0,0.006764340040147191,False,600048,保利发展
2022-03-15,373.54,375.85,339.19,339.19,121610771.0,1866358689.0,-0.10507449934704961,False,600048,保利发展
2022-03-16,334.34,352.79,314.05,345.64,169020017.0,2448022517.0,0.018837348622102984,False,600048,保利发展
2022-03-17,359.94,362.94,351.41,356.02,129218516.0,2002830550.0,0.029589138076088314,False,600048,保利发展
2022-03-18,350.48,391.53,348.18,391.53,125161541.0,2019119702.0,0.09507523179825901,False,600048,保利发展
2022-03-21,387.61,388.99,372.85,384.38,108437971.0,1787800161.0,-0.018430494241287326,False,600048,保利发展
2022-03-22,377.69,405.36,375.39,397.06,130366567.0,2237476908.0,0.032455756162674224,False,600048,保利发展
2022-03-23,397.06,406.52,384.84,397.29,119340295.0,2040659410.0,0.0005790898380498666,False,600048,保利发展
2022-03-24,390.14,398.91,388.99,393.6,50558623.0,863914288.0,-0.009331327428884305,False,600048,保利发展
2022-03-25,389.91,397.29,385.07,386.69,69102617.0,1167581506.0,-0.017711826738887396,False,600048,保利发展
2022-03-28,385.3,398.91,380.69,390.61,94549955.0,1603628649.0,0.010086281314156067,False,600048,保利发展
2022-03-29,384.84,393.83,381.84,387.38,62039351.0,1044556348.0,-0.00830349633927391,False,600048,保利发展
2022-03-30,389.68,415.05,385.53,408.59,124715837.0,2174048573.0,0.05330608485691978,False,600048,保利发展
2022-03-31,408.13,419.2,401.21,408.13,100208898.0,1777714796.0,-0.0011264571668169198,False,600048,保利发展
2022-04-01,404.21,423.81,395.45,419.89,139203381.0,2460832403.0,0.02840702110827156,False,600048,保利发展
2022-04-06,421.96,435.34,415.74,421.96,131341856.0,2422593741.0,0.004917750601140412,False,600048,保利发展
2022-04-07,415.97,420.58,404.67,406.29,89658284.0,1597745697.0,-0.037843332478218285,False,600048,保利发展
2022-04-08,403.98,424.5,398.91,419.89,99137412.0,1773260162.0,0.03292558187707788,False,600048,保利发展
2022-04-11,413.66,421.96,403.75,413.43,83538301.0,1502007399.0,-0.015504558657304327,False,600048,保利发展
2022-04-12,415.28,419.66,389.22,395.45,99722530.0,1747179666.0,-0.04446385658973694,False,600048,保利发展
2022-04-13,395.45,424.27,386.69,409.97,113907117.0,2009314709.0,0.03605962932411151,False,600048,保利发展
2022-04-14,408.82,444.56,405.13,436.49,145651051.0,2689551229.0,0.06268147922024692,False,600048,保利发展
2022-04-15,429.34,458.4,428.42,445.48,127974203.0,2472632596.0,0.02038688701511498,False,600048,保利发展
2022-04-18,435.34,445.25,419.2,424.04,103160551.0,1925229907.0,-0.04932456212000249,False,600048,保利发展
2022-04-19,426.58,429.11,412.74,423.81,99924221.0,1825888922.0,-0.000542548813214389,False,600048,保利发展
2022-04-20,424.27,424.27,390.14,401.9,183960925.0,3206246689.0,-0.05308194013652724,False,600048,保利发展
2022-04-21,398.91,412.28,394.53,403.75,96725458.0,1693446860.0,0.004592573081710837,False,600048,保利发展
2022-04-22,397.75,419.66,386.69,409.97,118177410.0,2088522574.0,0.01528811175267143,False,600048,保利发展
2022-04-25,403.29,419.66,390.84,391.76,116221690.0,2035850681.0,-0.04543457889547571,False,600048,保利发展
2022-04-26,393.14,415.74,390.14,405.13,105910310.0,1859099741.0,0.03355859586128257,False,600048,保利发展
2022-04-27,402.13,413.2,378.15,386.92,148897182.0,2522481780.0,-0.045990049940998215,False,600048,保利发展
2022-04-28,390.84,414.59,385.76,410.44,123607051.0,2164837555.0,0.059011801679662065,False,600048,保利发展
2022-04-29,405.82,426.12,396.6,417.81,150898117.0,2692736832.0,0.017797028739101804,False,600048,保利发展
2022-05-05,419.2,423.12,391.53,404.44,131606283.0,2303762291.0,-0.032523389509912,False,600048,保利发展
2022-05-06,392.68,400.29,373.08,377.92,111159480.0,1857214291.0,-0.06782086121420079,False,600048,保利发展
2022-05-09,373.31,383.69,368.24,375.16,80208749.0,1304318978.0,-0.007329931368259726,False,600048,保利发展
2022-05-10,368.01,384.84,355.33,379.31,158581816.0,2536987656.0,0.011001211061973364,False,600048,保利发展
2022-05-11,375.16,379.54,361.32,365.01,163302606.0,2600079993.0,-0.03842906223524391,False,600048,保利发展
2022-05-12,366.63,370.08,351.41,359.71,123863208.0,1938048716.0,-0.014626599207096162,False,600048,保利发展
2022-05-13,366.16,383.23,361.09,382.54,159042351.0,2572346408.0,0.06153507170201685,False,600048,保利发展
2022-05-16,395.68,399.6,373.08,390.61,158329561.0,2651642909.0,0.020876396790979003,False,600048,保利发展
2022-05-17,384.84,396.6,381.15,390.84,79985339.0,1350312063.0,0.0005886493227752956,False,600048,保利发展
2022-05-18,388.99,394.76,378.15,386.69,78778495.0,1319535488.0,-0.010674930636931349,False,600048,保利发展
2022-05-19,380.69,402.13,379.77,396.37,91725625.0,1573434759.0,0.024724780022489255,False,600048,保利发展
2022-05-20,403.52,404.67,387.38,392.91,93127533.0,1598708966.0,-0.008767540452278878,False,600048,保利发展
2022-05-23,391.99,392.91,368.93,371.01,158866762.0,2590509163.0,-0.057351561587345945,False,600048,保利发展
2022-05-24,369.16,378.15,367.55,373.08,94995186.0,1535786956.0,0.0055638574365874365,False,600048,保利发展
2022-05-25,373.08,377.23,365.24,374.0,55838908.0,901412995.0,0.0024629235558693155,False,600048,保利发展
2022-05-26,373.54,384.84,369.39,378.85,81757244.0,1341276341.0,0.012884550962850431,False,600048,保利发展
2022-05-27,377.23,380.23,370.78,376.08,66963241.0,1088415671.0,-0.007338461661507469,False,600048,保利发展
2022-05-30,372.85,377.69,361.78,365.7,89455268.0,1426827478.0,-0.027988561560539502,False,600048,保利发展
2022-05-31,363.63,367.09,355.1,357.63,151488636.0,2363333362.0,-0.022314392757315643,False,600048,保利发展
2022-06-01,357.63,366.63,357.4,363.17,83786344.0,1317372669.0,0.015372111798680577,False,600048,保利发展
2022-06-02,359.71,363.17,348.18,352.79,121057390.0,1855641381.0,-0.02899806513698376,False,600048,保利发展
2022-06-06,348.41,349.79,334.34,344.26,217377133.0,3197161485.0,-0.024475793216356904,False,600048,保利发展
2022-06-07,341.72,354.17,340.8,352.33,113209307.0,1712574843.0,0.02317105057607749,False,600048,保利发展
2022-06-08,351.64,353.02,344.26,347.72,129157632.0,1946273589.0,-0.013170678208573592,False,600048,保利发展
2022-06-09,347.03,365.01,346.1,359.25,157765040.0,2458566471.0,0.03262096674827073,False,600048,保利发展
2022-06-10,357.4,362.94,354.17,358.09,92501318.0,1434577089.0,-0.0032341735052315974,False,600048,保利发展
2022-06-13,353.94,356.94,339.65,341.95,119307644.0,1781739414.0,-0.046119823909797734,False,600048,保利发展
2022-06-14,340.11,350.72,339.88,349.1,93407709.0,1404991623.0,0.02069388656688537,False,600048,保利发展
2022-06-15,348.87,376.08,344.49,365.93,186892973.0,2963580268.0,0.04708364416785476,False,600048,保利发展
2022-06-16,366.16,379.08,356.94,359.48,100086938.0,1585705302.0,-0.01778351548867249,False,600048,保利发展
2022-06-17,358.09,363.63,355.56,359.25,75075208.0,1170895849.0,-0.0006400178310384276,False,600048,保利发展
2022-06-20,363.4,377.69,360.86,370.31,147984736.0,2376865730.0,0.030321967726775673,False,600048,保利发展
2022-06-21,371.7,390.61,368.93,375.16,149826442.0,2479259611.0,0.013012108954827873,False,600048,保利发展
2022-06-22,375.39,382.07,368.01,369.85,72054212.0,1166244517.0,-0.014255083606861122,False,600048,保利发展
2022-06-23,370.08,384.15,367.55,382.07,82941569.0,1362694768.0,0.032506319858485996,False,600048,保利发展
2022-06-24,380.46,386.22,369.39,374.23,97251158.0,1576154960.0,-0.02073325623436488,False,600048,保利发展
2022-06-27,374.7,389.45,371.24,382.54,114602008.0,1889106970.0,0.021962641304390233,False,600048,保利发展
2022-06-28,379.54,383.0,370.08,372.62,101896852.0,1649170346.0,-0.026274089370180307,False,600048,保利发展
2022-06-29,372.85,407.21,371.01,398.91,188964944.0,3211690817.0,0.06817669394451656,False,600048,保利发展
2022-06-30,403.52,409.97,391.99,402.6,115083921.0,2001350429.0,0.009207685668966877,False,600048,保利发展
2022-07-01,402.83,416.89,399.6,403.98,119170068.0,2102628181.0,0.0034218585795534845,False,600048,保利发展
2022-07-04,402.13,408.13,394.76,401.67,101925795.0,1766034083.0,-0.005734515807846641,False,600048,保利发展
2022-07-05,398.21,401.44,382.77,392.22,163822120.0,2770037995.0,-0.02380794912470466,False,600048,保利发展
2022-07-06,392.46,393.89,381.95,386.73,73271444.0,1184225382.0,-0.014096131729570128,False,600048,保利发展
2022-07-07,392.22,393.41,381.24,384.1,67123731.0,1085809680.0,-0.006823839771263986,False,600048,保利发展
2022-07-08,384.34,391.98,379.81,387.21,67820648.0,1098309990.0,0.00806424616334673,False,600048,保利发展
2022-07-11,382.43,390.31,375.27,379.33,71485543.0,1145872742.0,-0.020560642881869855,False,600048,保利发展
2022-07-12,379.81,391.98,379.33,386.97,74262085.0,1203321924.0,0.01994063201181837,False,600048,保利发展
2022-07-13,391.26,409.41,389.12,396.28,104677518.0,1753735259.0,0.023773861459674896,False,600048,保利发展
2022-07-14,393.17,407.02,389.83,396.76,119129710.0,1982650229.0,0.0012105317729634827,False,600048,保利发展
2022-07-15,401.05,402.01,369.54,376.7,155117824.0,2469435721.0,-0.05188244917979762,False,600048,保利发展
2022-07-18,376.94,395.08,374.32,393.65,111311842.0,1800748311.0,0.04401307493248084,False,600048,保利发展
2022-07-19,390.55,395.8,380.76,393.89,82693643.0,1347828801.0,0.0006094928700247144,False,600048,保利发展
2022-07-20,392.94,397.47,386.97,390.31,48970419.0,803402664.0,-0.009130387325216267,False,600048,保利发展
2022-07-21,389.59,389.59,374.79,376.7,96478690.0,1530720586.0,-0.035492180477289324,False,600048,保利发展
2022-07-22,377.9,382.91,370.97,373.12,59828100.0,940821774.0,-0.009549030975922523,False,600048,保利发展
2022-07-25,377.18,387.68,375.03,384.34,81977781.0,1316214620.0,0.029627493782208008,False,600048,保利发展
2022-07-26,382.43,408.69,381.95,406.54,124677787.0,2090064838.0,0.05615474762653489,False,600048,保利发展
2022-07-27,403.44,414.9,396.28,411.08,95065522.0,1621333628.0,0.011105517626056487,False,600048,保利发展
2022-07-28,407.74,416.81,400.58,405.35,70871730.0,1208269755.0,-0.01403695132315604,False,600048,保利发展
2022-07-29,402.48,407.74,393.65,397.95,73736359.0,1231376506.0,-0.01842452218185788,False,600048,保利发展
2022-08-01,397.71,397.95,381.0,387.92,127824955.0,2066114274.0,-0.025527236454761418,False,600048,保利发展
2022-08-02,383.86,386.97,377.18,382.91,96233391.0,1541558297.0,-0.012999158175378693,False,600048,保利发展
2022-08-03,382.67,386.49,363.81,367.39,106262195.0,1653158056.0,-0.0413760205018087,False,600048,保利发展
2022-08-04,366.68,370.97,358.8,365.96,70999264.0,1084517102.0,-0.003899916308575071,False,600048,保利发展
2022-08-05,365.96,368.35,360.23,366.68,61210031.0,933785687.0,0.001965495282240386,False,600048,保利发展
2022-08-08,366.68,375.99,358.8,360.71,82752806.0,1260958163.0,-0.016415221698128767,False,600048,保利发展
2022-08-09,359.51,367.15,354.5,361.19,51360206.0,778269125.0,0.0013298242713320133,False,600048,保利发展
2022-08-10,360.47,363.57,354.02,356.17,55725804.0,833626226.0,-0.013995990705114007,False,600048,保利发展
2022-08-11,357.84,366.44,357.13,364.77,62848743.0,955966941.0,0.023858873014772262,False,600048,保利发展
2022-08-12,362.86,373.36,361.9,371.21,62887057.0,971805723.0,0.0175009222279153,False,600048,保利发展
2022-08-15,368.35,384.58,368.35,373.36,81158243.0,1284963385.0,0.00577516143720836,False,600048,保利发展
2022-08-16,376.46,384.58,373.36,375.51,51557132.0,816295933.0,0.005742000366481677,False,600048,保利发展
2022-08-17,375.51,397.71,372.64,390.55,105522866.0,1715739783.0,0.03927090004826444,False,600048,保利发展
2022-08-18,390.79,397.23,383.15,386.97,48033412.0,781929633.0,-0.009208831411151796,False,600048,保利发展
2022-08-19,387.21,404.39,386.49,401.29,94345158.0,1578586353.0,0.03633718730402565,False,600048,保利发展
2022-08-22,400.34,404.87,395.08,398.67,59256007.0,991393326.0,-0.006550350937654191,False,600048,保利发展
2022-08-23,398.67,401.77,389.36,392.94,63278069.0,1041917844.0,-0.014477078553508941,False,600048,保利发展
2022-08-24,393.17,402.01,389.83,391.98,59016270.0,975554549.0,-0.0024461103773031627,False,600048,保利发展
2022-08-25,396.28,404.39,394.13,403.2,72281102.0,1215031812.0,0.028221898676444843,False,600048,保利发展
2022-08-26,402.25,403.2,392.7,398.19,44132343.0,736139882.0,-0.012503438450938173,False,600048,保利发展
2022-08-29,393.41,400.58,386.97,396.52,42669509.0,702731742.0,-0.004202797141523969,False,600048,保利发展
2022-08-30,397.47,408.45,396.28,404.63,53528444.0,904608097.0,0.020246588126153906,False,600048,保利发展
2022-08-31,404.63,415.61,402.25,412.99,81799948.0,1409226004.0,0.0204503103019803,False,600048,保利发展
2022-09-01,412.03,421.82,408.45,413.23,65175770.0,1137011143.0,0.0005809590829325245,False,600048,保利发展
2022-09-02,414.18,415.61,399.86,406.3,64745410.0,1099681317.0,-0.016912535682082487,False,600048,保利发展
2022-09-05,408.21,413.7,402.25,411.08,61591579.0,1053455280.0,0.011696039763191236,False,600048,保利发展
2022-09-06,410.84,425.64,408.45,420.87,94606439.0,1667329699.0,0.023536154641918425,False,600048,保利发展
2022-09-07,418.96,423.25,412.99,418.96,48841741.0,855442664.0,-0.004548547427558511,False,600048,保利发展
2022-09-08,419.67,422.78,408.21,419.67,54482642.0,951370245.0,0.0016932381852166137,False,600048,保利发展
2022-09-09,417.52,443.07,415.85,440.92,135894728.0,2486154980.0,0.04939476493866577,False,600048,保利发展
2022-09-13,437.34,440.44,428.98,431.85,74176065.0,1348840687.0,-0.02078514736882011,False,600048,保利发展
2022-09-14,429.7,445.93,428.03,433.04,69783211.0,1279893857.0,0.0027517967624279176,False,600048,保利发展
2022-09-15,436.86,454.76,436.86,449.99,102620933.0,1927984183.0,0.03839525780650355,False,600048,保利发展
2022-09-16,448.8,452.62,428.98,430.89,130683407.0,2391452357.0,-0.04337252318338497,False,600048,保利发展
2022-09-19,429.22,442.11,426.36,440.2,84459012.0,1543996495.0,0.021376331980520143,False,600048,保利发展
2022-09-20,441.4,442.35,415.85,421.11,111987445.0,1991075104.0,-0.044335086878016884,False,600048,保利发展
2022-09-21,421.11,431.37,416.09,425.64,63082863.0,1123776378.0,0.010699836359186511,False,600048,保利发展
2022-09-22,426.12,427.31,408.45,418.24,82828679.0,1436822266.0,-0.017538488137673554,False,600048,保利发展
2022-09-23,416.33,430.42,416.33,418.96,55743649.0,987855419.0,0.001720019535374975,False,600048,保利发展
2022-09-26,424.92,432.8,420.87,422.3,64511812.0,1155124888.0,0.007940511968665702,False,600048,保利发展
2022-09-27,423.01,425.88,409.89,421.82,61943813.0,1085098187.0,-0.0011372791824294987,False,600048,保利发展
2022-09-28,419.67,426.36,413.23,418.24,46144373.0,812062535.0,-0.008523252321611278,False,600048,保利发展
2022-09-29,418.48,421.11,409.89,412.51,57323504.0,997017333.0,-0.013794982530721844,False,600048,保利发展
2022-09-30,421.58,436.14,415.38,429.7,95922773.0,1712173406.0,0.04082684287581423,False,600048,保利发展
2022-10-10,424.92,453.57,423.97,437.34,111218669.0,2049241050.0,0.017623633841227206,False,600048,保利发展
2022-10-11,437.34,439.01,424.45,427.07,58419050.0,1051209014.0,-0.023762990403102143,False,600048,保利发展
2022-10-12,424.69,439.96,423.73,432.8,58654457.0,1056581690.0,0.013327793313197441,False,600048,保利发展
2022-10-13,429.7,432.56,406.07,422.06,96483595.0,1684132388.0,-0.02512824350810492,False,600048,保利发展
2022-10-14,422.06,432.56,407.26,411.79,107860698.0,1880827424.0,-0.024633973358161355,False,600048,保利发展
2022-10-17,406.3,412.03,390.31,407.98,87959171.0,1479980532.0,-0.009295357071187104,False,600048,保利发展
2022-10-18,407.98,411.56,396.28,400.81,65715455.0,1106480073.0,-0.017730654035611464,False,600048,保利发展
2022-10-19,400.34,409.17,398.67,402.72,55477775.0,940729005.0,0.004754031827799007,False,600048,保利发展
2022-10-20,402.48,406.07,391.98,396.28,63761203.0,1060228357.0,-0.01612049928217639,False,600048,保利发展
2022-10-21,398.67,414.66,397.95,400.34,79140560.0,1346598334.0,0.010193153957730454,False,600048,保利发展
2022-10-24,394.13,396.52,385.06,387.68,92217743.0,1505906466.0,-0.03213392899434428,False,600048,保利发展
2022-10-25,388.4,392.22,381.95,385.54,71084776.0,1147468452.0,-0.005535308098770279,False,600048,保利发展
2022-10-26,384.34,386.73,367.63,369.78,112106569.0,1752722192.0,-0.041736714767238677,False,600048,保利发展
2022-10-27,370.5,379.81,369.78,374.79,68581357.0,1080774116.0,0.013457634909640873,False,600048,保利发展
2022-10-28,374.79,379.09,364.05,365.96,63443926.0,985624309.0,-0.023841831300513202,False,600048,保利发展
2022-10-31,354.5,356.89,329.44,329.44,178893845.0,2495909822.0,-0.10512979453185517,False,600048,保利发展
2022-11-01,326.09,331.11,307.47,324.9,253097055.0,3366806582.0,-0.013876800604424729,False,600048,保利发展
2022-11-02,319.65,337.31,315.11,333.49,151775672.0,2086048643.0,0.026095437223568337,False,600048,保利发展
2022-11-03,327.76,336.12,321.8,326.09,94977072.0,1303373973.0,-0.022439463013592738,False,600048,保利发展
2022-11-04,325.14,342.09,324.66,335.64,105120186.0,1475325053.0,0.028865740116838453,False,600048,保利发展
2022-11-07,334.93,338.03,328.72,335.17,80104810.0,1118703974.0,-0.0014012912058803237,False,600048,保利发展
2022-11-08,335.17,342.33,330.63,334.21,91300757.0,1287795951.0,-0.0028683278800810553,False,600048,保利发展
2022-11-09,339.7,355.22,339.7,342.57,137000898.0,1990921838.0,0.0247064784657591,False,600048,保利发展
2022-11-10,340.89,346.86,332.06,343.52,65859165.0,940626016.0,0.002769317748804533,False,600048,保利发展
2022-11-11,351.16,377.9,350.68,377.9,187957281.0,2896761506.0,0.0953842762249723,False,600048,保利发展
2022-11-14,396.76,405.83,378.61,388.88,222712123.0,3670924757.0,0.028641202381756804,False,600048,保利发展
2022-11-15,385.3,396.52,378.61,384.34,135178671.0,2184572290.0,-0.011743235232919026,False,600048,保利发展
2022-11-16,382.19,383.39,367.63,373.6,105183404.0,1645858804.0,-0.028341871149593398,False,600048,保利发展
2022-11-17,371.93,377.66,367.39,374.79,65819514.0,1030497390.0,0.0031801627571599917,False,600048,保利发展
2022-11-18,374.08,375.51,365.24,371.69,76556200.0,1189697957.0,-0.008305695587278507,False,600048,保利发展
2022-11-21,366.44,373.84,355.93,373.36,97689638.0,1489651180.0,0.004482928116991197,False,600048,保利发展
2022-11-22,375.03,382.43,370.26,375.27,76355977.0,1203228215.0,0.005102665253199312,False,600048,保利发展
2022-11-23,372.17,381.24,371.93,377.66,50129013.0,792832859.0,0.006348553058672358,False,600048,保利发展
2022-11-24,384.82,389.36,371.93,380.28,77013411.0,1226574839.0,0.006913503537397785,False,600048,保利发展
2022-11-25,381.24,405.59,381.24,402.01,153603163.0,2543876839.0,0.05556914044068888,False,600048,保利发展
2022-11-28,391.5,397.23,387.92,389.83,75194996.0,1233717956.0,-0.030766217274627906,False,600048,保利发展
2022-11-29,404.63,428.74,399.14,427.31,201163768.0,3489985279.0,0.09179899848077427,False,600048,保利发展
2022-11-30,417.52,426.36,394.37,397.47,204498463.0,3485165453.0,-0.0723902855895232,False,600048,保利发展
2022-12-01,399.86,402.48,391.74,395.56,123655918.0,2051265544.0,-0.004816977146351476,False,600048,保利发展
2022-12-02,391.5,391.5,375.99,385.54,146643999.0,2346771709.0,-0.025657533432344667,False,600048,保利发展
2022-12-05,385.77,396.28,385.77,389.12,124572882.0,2042446201.0,0.009242830368302061,False,600048,保利发展
2022-12-06,385.54,386.73,377.66,384.1,93138070.0,1489644465.0,-0.012984843985888388,False,600048,保利发展
2022-12-07,381.72,383.39,368.83,374.79,102778267.0,1611848625.0,-0.024537066240011597,False,600048,保利发展
2022-12-08,374.79,384.1,373.6,380.76,91757660.0,1461476108.0,0.015803386271256815,False,600048,保利发展
2022-12-09,384.1,396.76,382.43,392.7,123904153.0,2023666441.0,0.030876706200859444,False,600048,保利发展
2022-12-12,388.16,388.16,374.79,375.99,75755438.0,1204854750.0,-0.04348341429242328,False,600048,保利发展
2022-12-13,375.27,385.06,373.36,381.0,64274707.0,1022881571.0,0.013236827835160319,False,600048,保利发展
2022-12-14,380.52,380.52,374.32,376.46,52922235.0,835218196.0,-0.01198757523066912,False,600048,保利发展
2022-12-15,372.41,377.66,360.47,375.27,103822286.0,1602559398.0,-0.0031660330012722553,False,600048,保利发展
2022-12-16,378.61,386.97,373.6,382.43,86215703.0,1378118215.0,0.01889986308814387,False,600048,保利发展
2022-12-19,381.0,389.12,372.41,376.46,78765362.0,1251188343.0,-0.01573383008687151,False,600048,保利发展
2022-12-20,370.5,374.08,364.77,367.39,50168653.0,774385314.0,-0.024387845776122394,False,600048,保利发展
2022-12-21,366.68,370.73,364.53,367.15,36860094.0,567291905.0,-0.0006534702222900444,False,600048,保利发展
2022-12-22,370.5,373.6,366.44,369.06,34293420.0,530720481.0,0.005188748550712509,False,600048,保利发展
2022-12-23,366.44,376.7,365.48,373.84,45452930.0,710987981.0,0.012868665943838682,False,600048,保利发展
2022-12-26,373.84,377.18,359.51,361.19,74652176.0,1136678340.0,-0.03442376272539238,False,600048,保利发展
2022-12-27,362.38,370.73,360.23,364.29,50159406.0,768548610.0,0.00854611806705898,False,600048,保利发展
2022-12-28,362.86,370.73,359.99,366.92,50644352.0,776390289.0,0.00719358690761746,False,600048,保利发展
2022-12-29,364.77,365.48,354.5,358.32,62666763.0,937285069.0,-0.023717398742410193,False,600048,保利发展
2022-12-30,357.84,362.86,352.83,361.19,61480590.0,923681121.0,0.007977693767733557,False,600048,保利发展
2023-01-03,366.44,381.48,363.57,368.11,147963618.0,2313503097.0,0.018977670880027636,False,600048,保利发展
2023-01-04,368.11,387.92,366.44,382.43,133505716.0,2129676835.0,0.03816382343609748,False,600048,保利发展
2023-01-05,382.91,393.65,379.81,390.55,94350450.0,1537877348.0,0.021010372073402863,False,600048,保利发展
2023-01-06,390.31,396.99,383.63,385.06,91212459.0,1487451141.0,-0.014156835755116844,False,600048,保利发展
2023-01-09,385.77,388.4,375.03,378.14,76247511.0,1212671455.0,-0.01813466888140665,False,600048,保利发展
2023-01-10,379.09,381.24,373.6,379.57,51323235.0,812634446.0,0.0037745356344282693,False,600048,保利发展
2023-01-11,380.04,396.76,378.37,388.88,91614713.0,1494676638.0,0.024231779682988952,False,600048,保利发展
2023-01-12,388.88,391.03,378.14,379.57,48816524.0,779198448.0,-0.024231779682988997,False,600048,保利发展
2023-01-13,377.42,381.24,374.32,377.9,64292119.0,1014426959.0,-0.0044094226987677985,False,600048,保利发展
2023-01-16,377.9,382.43,372.88,381.0,69908401.0,1108929007.0,0.008169764771257781,False,600048,保利发展
2023-01-17,381.72,385.3,375.51,383.15,54977549.0,878059701.0,0.0056271822897122304,False,600048,保利发展
2023-01-18,383.15,385.54,374.32,375.75,62720190.0,990186239.0,-0.019502528783329406,False,600048,保利发展
2023-01-19,372.64,374.79,366.44,374.79,67401909.0,1047106168.0,-0.0025581595212362316,False,600048,保利发展
2023-01-20,373.36,378.85,371.45,377.18,56208263.0,884951711.0,0.006356657972371528,False,600048,保利发展
2023-01-30,380.28,381.72,367.63,370.5,98867272.0,1537981674.0,-0.01786908234807758,False,600048,保利发展
2023-01-31,368.83,376.23,367.15,375.51,59475252.0,930797235.0,0.013431657271900158,False,600048,保利发展
2023-02-01,374.79,377.42,365.96,372.17,85834729.0,1330151071.0,-0.008934362875367943,False,600048,保利发展
2023-02-02,371.69,374.32,366.68,373.6,80259898.0,1246487528.0,0.0038349672220137554,False,600048,保利发展
2023-02-03,371.21,371.45,362.86,365.96,77895915.0,1193660522.0,-0.02066166854335321,False,600048,保利发展
2023-02-06,361.42,363.81,357.61,358.56,73288637.0,1104397627.0,-0.020428027758717555,False,600048,保利发展
2023-02-07,358.56,368.35,358.08,364.77,62102282.0,950026245.0,0.01717100792381958,False,600048,保利发展
2023-02-08,364.53,373.6,363.33,370.97,85331953.0,1325027976.0,0.01685417882775507,False,600048,保利发展
2023-02-09,370.97,378.37,369.06,374.32,55839328.0,878282870.0,0.00898984975376924,False,600048,保利发展
2023-02-10,374.79,380.76,371.93,376.7,47252902.0,746506811.0,0.006338068140034595,False,600048,保利发展
2023-02-13,377.18,378.61,369.78,371.69,65895088.0,1028400686.0,-0.013388941173426271,False,600048,保利发展
2023-02-14,372.17,376.23,367.15,372.41,52963185.0,824350119.0,0.0019352243642134816,False,600048,保利发展
2023-02-15,370.5,370.73,358.56,360.95,105880608.0,1605631306.0,-0.03125595330361262,False,600048,保利发展
2023-02-16,360.47,368.59,356.17,359.28,87776045.0,1334972388.0,-0.004637415805687453,False,600048,保利发展
2023-02-17,359.04,361.66,356.89,358.08,42467914.0,639383935.0,-0.003345603655922163,False,600048,保利发展
2023-02-20,357.13,365.24,356.41,364.29,68215209.0,1032222327.0,0.017193828610276917,False,600048,保利发展
2023-02-21,367.63,370.02,362.14,366.44,62819201.0,962997614.0,0.005884543413170525,False,600048,保利发展
2023-02-22,363.1,365.01,360.71,362.62,34101236.0,518004375.0,-0.010479343149345179,False,600048,保利发展
2023-02-23,362.86,366.68,361.9,363.57,37866644.0,577592154.0,0.0026163966508429212,False,600048,保利发展
2023-02-24,362.86,363.57,353.55,356.17,93680773.0,1398604417.0,-0.020563705686841426,False,600048,保利发展
2023-02-27,355.46,361.19,355.46,358.56,50802372.0,763558213.0,0.006687865090952722,False,600048,保利发展
2023-02-28,358.08,360.47,351.4,360.23,81069385.0,1208320150.0,0.00464670628380701,False,600048,保利发展
2023-03-01,359.99,361.9,357.61,361.19,66865490.0,1009456475.0,0.0026614193303543475,False,600048,保利发展
2023-03-02,360.23,363.81,355.22,356.17,92755739.0,1395316334.0,-0.013995990705114007,False,600048,保利发展
2023-03-03,356.65,360.47,352.35,359.51,83108485.0,1240212288.0,0.009333848224250759,False,600048,保利发展
2023-03-06,358.56,359.51,348.53,352.35,104892076.0,1550871347.0,-0.020116993412883536,False,600048,保利发展
2023-03-07,351.64,352.59,346.39,347.1,67546927.0,987857291.0,-0.015012076905290949,False,600048,保利发展
2023-03-08,346.15,349.49,343.28,348.53,43424426.0,628981516.0,0.004111386841663848,False,600048,保利发展
2023-03-09,348.29,349.73,344.71,344.71,38832475.0,562962834.0,-0.011020825873416604,False,600048,保利发展
2023-03-10,342.57,343.52,338.75,341.13,41463236.0,592200684.0,-0.010439847531246845,False,600048,保利发展
2023-03-13,339.94,342.57,334.21,337.08,55928619.0,789866058.0,-0.01194334540058856,False,600048,保利发展
2023-03-14,336.12,342.8,333.02,337.79,50910951.0,721386985.0,0.002104109715789001,False,600048,保利发展
2023-03-15,338.75,344.95,338.27,342.33,38005455.0,544433461.0,0.013350783494756291,False,600048,保利发展
2023-03-16,340.66,346.15,338.27,341.85,39312408.0,564641457.0,-0.0014031397548949671,False,600048,保利发展
2023-03-17,343.76,349.25,342.57,344.0,57599274.0,836170612.0,0.006269613013595395,False,600048,保利发展
2023-03-20,345.67,349.73,340.66,342.09,43767769.0,633076284.0,-0.005567797036021646,False,600048,保利发展
2023-03-21,341.85,344.24,337.08,338.27,44418999.0,630923907.0,-0.011229467170456666,False,600048,保利发展
2023-03-22,338.51,347.58,337.55,345.91,55601164.0,801835984.0,0.022334232447935722,False,600048,保利发展
2023-03-23,344.71,346.86,340.18,344.48,46067706.0,661634448.0,-0.004142591998802877,False,600048,保利发展
2023-03-24,343.76,344.48,337.79,342.33,57908911.0,827053856.0,-0.006260849501354951,False,600048,保利发展
2023-03-27,341.37,342.33,336.6,337.79,39965274.0,566463983.0,-0.013350783494756331,False,600048,保利发展
2023-03-28,338.75,340.66,332.3,333.49,48218119.0,677027649.0,-0.012811520721318807,False,600048,保利发展
2023-03-29,334.21,342.57,334.21,337.08,70289691.0,996280357.0,0.010707411005529698,False,600048,保利发展
2023-03-30,337.31,344.24,334.21,344.0,55771059.0,794722009.0,0.0203213664692457,False,600048,保利发展
2023-03-31,343.76,346.15,335.17,337.31,61811187.0,877820388.0,-0.019639268546923504,False,600048,保利发展
2023-04-03,338.51,351.64,335.88,349.01,120663767.0,1759242468.0,0.03409818626058346,False,600048,保利发展
2023-04-04,348.53,351.16,345.91,349.73,49960223.0,730221038.0,0.0020608531208372925,False,600048,保利发展
2023-04-06,349.25,351.64,346.15,348.77,40656101.0,593394524.0,-0.0027487490463841634,False,600048,保利发展
2023-04-07,349.97,364.05,349.97,360.71,111195971.0,1680927637.0,0.03366163223393479,False,600048,保利发展
2023-04-10,359.75,365.24,354.5,361.66,62409758.0,943865365.0,0.002630232561387602,False,600048,保利发展
2023-04-11,361.9,364.77,356.41,364.29,80803902.0,1225505870.0,0.007245709777003689,False,600048,保利发展
2023-04-12,365.24,366.2,358.8,362.62,48055562.0,727702986.0,-0.0045947997361746465,False,600048,保利发展
2023-04-13,361.66,364.53,357.37,362.14,44491338.0,673352463.0,-0.0013245766051662342,False,600048,保利发展
2023-04-14,362.14,364.29,359.04,359.75,37762018.0,570682099.0,-0.006621531625019311,False,600048,保利发展
2023-04-17,354.74,354.74,346.62,354.74,84491112.0,1244143124.0,-0.014024218990036872,False,600048,保利发展
2023-04-18,354.26,357.84,349.73,351.4,59287336.0,876426770.0,-0.009459951024443624,False,600048,保利发展
2023-04-19,351.88,352.11,342.09,343.28,61222806.0,885936540.0,-0.02337873506972762,False,600048,保利发展
2023-04-20,344.0,344.95,336.6,340.66,54204920.0,773465217.0,-0.007661528250837988,False,600048,保利发展
2023-04-21,342.33,348.29,341.61,343.04,70208080.0,1016435810.0,0.006962146009951248,False,600048,保利发展
2023-04-24,341.37,343.04,335.4,336.6,59336727.0,841943903.0,-0.018951776685676873,False,600048,保利发展
2023-04-25,337.79,338.51,330.15,335.17,42115091.0,589305968.0,-0.004257415960717398,False,600048,保利发展
2023-04-26,331.35,333.02,327.29,331.58,47416438.0,657257079.0,-0.010768757984669163,False,600048,保利发展
2023-04-27,330.39,332.78,327.53,331.35,50016744.0,692188113.0,-0.0006938892770832239,False,600048,保利发展
2023-04-28,330.87,332.06,326.09,332.06,55250566.0,763100780.0,0.002140456945404328,False,600048,保利发展
2023-05-04,327.05,329.44,319.41,327.29,87964834.0,1197532387.0,-0.014469047448729575,False,600048,保利发展
2023-05-05,326.33,343.28,325.62,340.42,99108512.0,1394426965.0,0.0393335213489163,False,600048,保利发展
2023-05-08,336.6,349.25,330.87,346.86,107348276.0,1532792470.0,0.018741090942612754,False,600048,保利发展
2023-05-09,344.24,362.86,343.04,352.35,133742990.0,1993364989.0,0.015703759450591794,False,600048,保利发展
2023-05-10,353.07,354.5,343.52,345.67,66462137.0,968488484.0,-0.019140437056566317,False,600048,保利发展
2023-05-11,345.67,345.91,339.22,341.37,41679915.0,597843602.0,-0.01251762967943821,False,600048,保利发展
2023-05-12,341.61,344.0,337.31,337.79,36803180.0,524190922.0,-0.01054253241708539,False,600048,保利发展
2023-05-15,338.03,339.7,332.54,336.12,52401006.0,735200644.0,-0.004956161559924137,False,600048,保利发展
2023-05-16,336.12,337.79,331.82,333.26,37434867.0,523486988.0,-0.008545272949540028,False,600048,保利发展
2023-05-17,333.02,334.93,327.53,330.87,46838538.0,648844899.0,-0.007197417124312152,False,600048,保利发展
2023-05-18,330.87,333.02,327.53,329.2,33304588.0,460512586.0,-0.005060080183250562,False,600048,保利发展
2023-05-19,327.29,328.24,320.13,323.47,60203407.0,817480470.0,-0.017559094865426308,False,600048,保利发展
2023-05-22,321.08,324.18,319.89,322.99,43075210.0,580621178.0,-0.0014850109464167973,False,600048,保利发展
2023-05-23,322.27,324.18,319.41,319.41,45849216.0,616808589.0,-0.011145818996446965,False,600048,保利发展
2023-05-24,318.69,318.93,307.47,307.47,72792905.0,949503753.0,-0.03809802248304321,False,600048,保利发展
2023-05-25,305.56,310.34,303.18,306.28,49127768.0,630083815.0,-0.0038778052666587092,False,600048,保利发展
2023-05-26,305.8,313.2,302.7,312.73,47534008.0,614292151.0,0.020840482216356433,False,600048,保利发展
2023-05-29,310.82,312.73,307.95,308.91,38219085.0,496718267.0,-0.012290226124509748,False,600048,保利发展
2023-05-30,308.43,310.1,293.39,309.14,100431403.0,1265619898.0,0.0007442763874031996,False,600048,保利发展
2023-05-31,307.95,314.16,303.89,304.13,63669608.0,820247017.0,-0.016339007147328603,False,600048,保利发展
2023-06-01,303.18,307.23,297.92,305.8,50692228.0,644780998.0,0.005476051918118085,False,600048,保利发展
2023-06-02,307.23,327.05,306.52,324.18,118117405.0,1578417762.0,0.058367623589067434,False,600048,保利发展
2023-06-05,319.89,324.66,315.83,322.75,71355402.0,958814663.0,-0.004420887357277555,False,600048,保利发展
2023-06-06,323.23,331.11,321.8,322.99,67858933.0,927633469.0,0.0007433332643195972,False,600048,保利发展
2023-06-07,325.38,332.54,324.18,326.09,66828274.0,917877483.0,0.009552053893958497,False,600048,保利发展
2023-06-08,325.38,337.55,322.27,334.45,90653246.0,1261599701.0,0.02531397467938694,False,600048,保利发展
2023-06-09,334.45,336.67,328.78,330.26,69326727.0,931651432.0,-0.012607168529574806,False,600048,保利发展
2023-06-12,332.48,336.18,329.76,331.49,53407999.0,721187676.0,0.0037174202235558205,False,600048,保利发展
2023-06-13,332.97,342.59,330.75,334.7,67156990.0,915218130.0,0.00963696495888291,False,600048,保利发展
2023-06-14,336.67,338.15,330.26,330.75,60599712.0,819794528.0,-0.011871805222215835,False,600048,保利发展
2023-06-15,330.5,335.19,330.01,332.72,49481041.0,666442196.0,0.0059384924395911465,False,600048,保利发展
2023-06-16,332.97,337.41,331.24,334.2,58442413.0,793175059.0,0.004438320726637048,False,600048,保利发展
2023-06-19,334.94,335.44,328.04,331.24,61914903.0,830398671.0,-0.00889642799579398,False,600048,保利发展
2023-06-20,331.49,332.48,322.12,324.34,71800461.0,948398165.0,-0.021050839874271074,False,600048,保利发展
2023-06-21,322.61,328.78,322.36,323.6,41458894.0,546450390.0,-0.0022841631068915244,False,600048,保利发展
2023-06-26,320.64,323.35,316.44,321.13,51717807.0,671666643.0,-0.007662159614702474,False,600048,保利发展
2023-06-27,321.38,334.2,316.69,331.24,72390380.0,963704897.0,0.030997162595865168,False,600048,保利发展
2023-06-28,331.98,332.97,326.06,330.5,36472622.0,486649150.0,-0.00223652887375835,False,600048,保利发展
2023-06-29,330.26,331.74,323.1,325.32,31905172.0,421287479.0,-0.015797345993166574,False,600048,保利发展
2023-06-30,325.08,329.52,320.88,321.38,46454646.0,610899558.0,-0.012185089684967289,False,600048,保利发展
2023-07-03,320.64,324.58,318.91,323.6,45745818.0,598454730.0,0.006883961570729549,False,600048,保利发展
2023-07-04,322.36,322.61,310.03,313.73,107490368.0,1367462986.0,-0.03097544179006343,False,600048,保利发展
2023-07-05,312.74,314.22,309.29,311.76,66936981.0,845816580.0,-0.00629908236381953,False,600048,保利发展
2023-07-06,311.51,318.91,309.54,316.69,58425169.0,747107873.0,0.01568971639200131,False,600048,保利发展
2023-07-07,320.39,322.12,312.25,315.7,52459602.0,673071085.0,-0.0031309818585090704,False,600048,保利发展
2023-07-10,316.2,318.66,312.25,313.24,37466400.0,478331016.0,-0.007822725681208932,False,600048,保利发展
2023-07-11,316.94,319.4,312.5,314.22,41251224.0,527073744.0,0.003123707636714522,False,600048,保利发展
2023-07-12,312.25,312.99,304.36,306.82,85400926.0,1065413583.0,-0.023832121102824122,False,600048,保利发展
2023-07-13,307.32,310.77,306.58,310.03,46314158.0,579537811.0,0.010407810573792703,False,600048,保利发展
2023-07-14,309.29,313.73,306.58,310.77,48877319.0,613841350.0,0.0023840217477002794,False,600048,保利发展
2023-07-17,310.03,310.28,305.84,307.32,27967777.0,348303723.0,-0.011163538738686129,False,600048,保利发展
2023-07-18,306.58,312.0,304.85,310.28,46441681.0,581314112.0,0.009585565623236569,False,600048,保利发展
2023-07-19,308.8,316.69,308.55,314.47,55315243.0,702863230.0,0.013413566460802039,False,600048,保利发展
2023-07-20,314.47,319.16,312.25,314.72,58596110.0,749964637.0,0.000794672557276351,False,600048,保利发展
2023-07-21,313.98,319.65,313.48,317.68,60041980.0,771443323.0,0.009361232182247062,False,600048,保利发展
2023-07-24,318.42,319.65,307.81,311.02,55235954.0,698757851.0,-0.021187368029804577,False,600048,保利发展
2023-07-25,321.87,338.64,321.87,338.15,211799737.0,2868643833.0,0.08363236522775738,False,600048,保利发展
2023-07-26,337.66,341.11,334.2,338.89,93175310.0,1277783274.0,0.0021859869274386766,False,600048,保利发展
2023-07-27,336.92,342.83,331.24,338.15,79362576.0,1089772575.0,-0.002185986927438718,False,600048,保利发展
2023-07-28,343.33,358.13,339.14,354.92,155523851.0,2204091104.0,0.04840282794618811,False,600048,保利发展
2023-07-31,356.4,364.29,349.49,350.97,146364726.0,2118326516.0,-0.011191662239517133,False,600048,保利发展
2023-08-01,348.26,358.87,346.29,350.48,105124978.0,1505965217.0,-0.0013971062219768628,False,600048,保利发展
2023-08-02,349.99,356.89,348.51,349.74,66935234.0,954495629.0,-0.0021136222201296336,False,600048,保利发展
2023-08-03,347.77,357.14,344.81,356.15,89968724.0,1286146275.0,0.018161969138849404,False,600048,保利发展
2023-08-04,362.32,364.05,352.21,355.17,112856617.0,1632157339.0,-0.0027554423327081088,False,600048,保利发展
2023-08-07,350.97,351.47,340.86,343.33,86388168.0,1204908253.0,-0.0339044643210771,False,600048,保利发展
2023-08-08,341.6,346.78,338.89,339.38,59206730.0,821894964.0,-0.01157166022589757,False,600048,保利发展
2023-08-09,339.38,347.77,336.92,345.3,58980843.0,823392035.0,0.017293180851266667,False,600048,保利发展
2023-08-10,344.31,352.21,343.57,348.51,48486526.0,683721159.0,0.009253319797546336,False,600048,保利发展
2023-08-11,350.48,352.45,340.86,344.31,57751907.0,810413435.0,-0.012124509832806425,False,600048,保利发展
2023-08-14,337.9,349.0,332.97,345.55,72494323.0,1003005225.0,0.0035949361767166894,False,600048,保利发展
2023-08-15,343.33,350.23,340.37,344.81,43363625.0,607195328.0,-0.0021438098482389123,False,600048,保利发展
2023-08-16,345.55,357.63,342.59,351.47,102740457.0,1467361887.0,0.01913081841276312,False,600048,保利发展
2023-08-17,348.01,354.18,346.78,351.47,55051048.0,781361747.0,0.0,False,600048,保利发展
2023-08-18,354.67,358.87,349.25,349.25,72070706.0,1033425656.0,-0.006336360964856348,False,600048,保利发展
2023-08-21,348.26,349.99,340.62,342.83,59475036.0,831003694.0,-0.018553300656860196,False,600048,保利发展
2023-08-22,343.08,346.04,339.63,342.59,45061426.0,625152475.0,-0.0007003005742710674,False,600048,保利发展
2023-08-23,342.1,345.55,337.9,337.9,44647672.0,618476618.0,-0.013784403185695761,False,600048,保利发展
2023-08-24,338.64,342.34,331.24,334.7,46121344.0,627258413.0,-0.009515385502963276,False,600048,保利发展
2023-08-25,336.18,353.69,334.7,344.81,85067263.0,1187881014.0,0.029758932471883687,False,600048,保利发展
2023-08-28,367.01,367.25,350.97,354.18,162257831.0,2348171940.0,0.026811717791488526,False,600048,保利发展
2023-08-29,354.43,360.35,349.49,357.63,115741384.0,1667809779.0,0.009693673917366882,False,600048,保利发展
2023-08-30,358.87,364.29,356.65,363.8,110823204.0,1625886558.0,0.017105333686001954,False,600048,保利发展
2023-08-31,361.58,363.55,342.83,344.81,98623790.0,1395097145.0,-0.053610725394857395,False,600048,保利发展
2023-09-01,350.48,352.95,344.07,351.47,104343111.0,1483406473.0,0.01913081841276312,False,600048,保利发展
2023-09-04,355.41,360.59,348.26,348.75,110229362.0,1580719684.0,-0.007769025966352178,False,600048,保利发展
2023-09-05,348.75,348.75,338.4,340.62,82866504.0,1146224565.0,-0.02358784672488555,False,600048,保利发展
2023-09-06,339.63,348.51,335.44,347.52,103002353.0,1429700419.0,0.020054730894826046,False,600048,保利发展
2023-09-07,345.05,351.47,341.85,346.29,50648540.0,713222787.0,-0.0035456430105853085,False,600048,保利发展
2023-09-08,344.56,347.27,340.86,344.56,30181494.0,420789482.0,-0.005008333549075485,False,600048,保利发展
2023-09-11,344.31,345.55,334.7,338.89,72548133.0,994993746.0,-0.016592669797467534,False,600048,保利发展
2023-09-12,337.41,338.4,334.2,335.44,51395625.0,699462621.0,-0.01023246808588036,False,600048,保利发展
2023-09-13,335.19,339.63,333.96,335.68,49025245.0,668650044.0,0.0007152223454250738,False,600048,保利发展
2023-09-14,334.94,336.18,331.24,334.2,47815137.0,645810449.0,-0.004418709046639023,False,600048,保利发展
2023-09-15,335.68,336.42,328.04,329.52,64346327.0,863201777.0,-0.014102566033468072,False,600048,保利发展
2023-09-18,328.04,328.28,321.38,323.84,80881510.0,1061321507.0,-0.01738748346877932,False,600048,保利发展
2023-09-19,325.32,325.57,321.38,322.86,46331788.0,606976570.0,-0.003030773929662633,False,600048,保利发展
2023-09-20,322.36,329.02,320.88,325.57,40408052.0,533572943.0,0.008358699561935546,False,600048,保利发展
2023-09-21,329.52,334.2,326.31,327.05,51310343.0,685978373.0,0.004535572115902911,False,600048,保利发展
2023-09-22,325.57,330.26,324.58,329.27,44356824.0,588948762.0,0.006765018486733351,False,600048,保利发展
2023-09-25,327.54,328.04,317.18,318.17,93165204.0,1208734229.0,-0.03429225176177647,False,600048,保利发展
2023-09-26,318.17,320.14,315.21,316.69,37125796.0,477586802.0,-0.0046624537097236015,False,600048,保利发展
2023-09-27,315.95,317.18,313.48,315.21,45378661.0,579854895.0,-0.004684294053661484,False,600048,保利发展
2023-09-28,315.95,318.17,312.99,314.22,34515985.0,440720304.0,-0.0031457058493421643,False,600048,保利发展
2023-10-09,312.0,312.5,307.32,310.03,55882838.0,701503648.0,-0.0134243105290314,False,600048,保利发展
2023-10-10,310.28,312.0,307.32,308.06,43852848.0,549328153.0,-0.0063744977941084325,False,600048,保利发展
2023-10-11,308.55,309.54,303.62,306.33,56603133.0,702110175.0,-0.005631616960755346,False,600048,保利发展
2023-10-12,307.07,310.03,305.1,309.78,41324224.0,516214411.0,0.011199415884056417,False,600048,保利发展
2023-10-13,307.07,310.28,305.35,307.07,33329340.0,415671499.0,-0.008786633494119504,False,600048,保利发展
2023-10-16,306.58,308.55,296.96,298.44,64568777.0,786097919.0,-0.02850682702217947,False,600048,保利发展
2023-10-17,298.44,300.91,292.03,296.47,58952211.0,706330757.0,-0.00662287472306783,False,600048,保利发展
2023-10-18,295.23,296.96,292.77,295.48,42657227.0,510687087.0,-0.0033448802197086846,False,600048,保利发展
2023-10-19,294.0,295.23,286.11,286.85,53254012.0,624778726.0,-0.029641721612656872,False,600048,保利发展
2023-10-20,286.85,288.82,281.17,284.38,77825466.0,898963736.0,-0.008648059079651755,False,600048,保利发展
2023-10-23,282.41,286.11,278.21,281.42,56083231.0,641183563.0,-0.01046315660811868,False,600048,保利发展
2023-10-24,281.91,285.86,280.19,282.41,51151621.0,586105832.0,0.00351170039690368,False,600048,保利发展
2023-10-25,285.12,287.34,280.43,280.93,66079061.0,756235572.0,-0.00525438777668187,False,600048,保利发展
2023-10-26,278.95,279.94,274.27,277.23,45056340.0,505108533.0,-0.013258041412272567,False,600048,保利发展
2023-10-27,276.24,279.2,270.32,276.98,70982640.0,796108997.0,-0.0009021851534870804,False,600048,保利发展
2023-10-30,272.54,273.28,263.91,268.84,151798638.0,1651045593.0,-0.029828894312806654,False,600048,保利发展
2023-10-31,267.61,272.54,266.87,271.8,81833348.0,896696687.0,0.010950094615278327,False,600048,保利发展
2023-11-01,271.31,274.51,268.84,269.83,66712991.0,733431042.0,-0.007274370648274966,False,600048,保利发展
2023-11-02,269.83,272.29,268.1,268.6,54641863.0,598026649.0,-0.004568846979631092,False,600048,保利发展
2023-11-03,269.09,269.83,265.64,266.38,57176101.0,619346948.0,-0.008299423316252831,False,600048,保利发展
2023-11-06,267.12,276.49,266.62,274.27,97800646.0,1082408009.0,0.0291891618857326,False,600048,保利发展
2023-11-07,275.25,277.23,272.29,274.02,72399475.0,806167162.0,-0.0009119262336544717,False,600048,保利发展
2023-11-08,272.29,279.2,271.8,275.25,74289691.0,830474620.0,0.004478679177826799,False,600048,保利发展
2023-11-09,275.5,279.69,274.02,276.24,53423399.0,598952384.0,0.0035902774789474934,False,600048,保利发展
2023-11-10,275.01,275.25,270.32,273.77,46779376.0,517040524.0,-0.008981715259000992,False,600048,保利发展
2023-11-13,273.77,275.25,269.34,272.05,43655516.0,480083665.0,-0.0063024648908015695,False,600048,保利发展
2023-11-14,272.05,275.5,271.8,274.02,43640427.0,484180063.0,0.0072152234930281806,False,600048,保利发展
2023-11-15,275.99,276.73,271.55,272.05,59752883.0,664023153.0,-0.007215223493028176,False,600048,保利发展
2023-11-16,271.31,271.31,265.39,269.83,58798388.0,639908743.0,-0.008193741863165929,False,600048,保利发展
2023-11-17,268.84,270.08,265.88,267.36,49673801.0,538054240.0,-0.009196066221684812,False,600048,保利发展
2023-11-20,267.86,270.08,264.9,265.88,59794084.0,646558908.0,-0.005550985673702563,False,600048,保利发展
2023-11-21,267.61,275.01,267.36,270.57,105301806.0,1162287517.0,0.017485765672345333,False,600048,保利发展
2023-11-22,268.84,272.79,267.61,267.61,52488973.0,574524785.0,-0.011000148082091727,False,600048,保利发展
2023-11-23,268.35,277.47,264.65,276.24,103809938.0,1150031821.0,0.03173935631810206,False,600048,保利发展
2023-11-24,277.23,280.93,274.76,275.99,66810022.0,751454957.0,-0.0009054199050354558,False,600048,保利发展
2023-11-27,274.27,274.51,266.38,269.09,67696898.0,738442834.0,-0.025318737041051233,False,600048,保利发展
2023-11-28,269.09,269.09,264.4,265.64,55312293.0,595943098.0,-0.012903887463137403,False,600048,保利发展
2023-11-29,265.14,265.88,254.54,255.28,89660363.0,936016213.0,-0.03978102670252483,False,600048,保利发展
2023-11-30,254.54,257.99,252.81,253.06,58276290.0,601503719.0,-0.00873436720887041,False,600048,保利发展
2023-12-01,253.06,254.29,250.59,252.81,56758266.0,580941903.0,-0.000988396308745901,False,600048,保利发展
2023-12-04,252.32,252.56,243.68,245.66,100457725.0,1001601274.0,-0.02868975234142345,False,600048,保利发展
2023-12-05,244.42,245.9,237.76,238.26,76203761.0,746107599.0,-0.030585951739733237,False,600048,保利发展
2023-12-06,237.76,244.42,235.05,242.94,77451654.0,756128011.0,0.019451984900909634,False,600048,保利发展
2023-12-07,241.96,244.67,239.98,243.19,51491903.0,506342297.0,0.0010285315534491496,False,600048,保利发展
2023-12-08,242.7,242.94,238.75,240.97,72154581.0,704484110.0,-0.0091705864111632,False,600048,保利发展
2023-12-11,239.24,239.24,231.35,237.02,85070853.0,810335385.0,-0.016527918654108027,False,600048,保利发展
2023-12-12,249.11,258.98,244.42,255.03,237733891.0,2420613048.0,0.07323665953707466,False,600048,保利发展
2023-12-13,248.62,252.32,246.15,249.6,163072847.0,1644616170.0,-0.021521548802104554,False,600048,保利发展
2023-12-14,250.1,253.8,244.67,244.92,108115281.0,1087253146.0,-0.01892800988551891,False,600048,保利发展
2023-12-15,250.1,255.28,248.12,251.08,155517213.0,1590592021.0,0.024839986839577406,False,600048,保利发展
2023-12-18,248.12,261.94,247.14,252.81,151375466.0,1568881796.0,0.006866605003040555,False,600048,保利发展
2023-12-19,251.58,254.78,245.9,249.11,91170339.0,921970597.0,-0.014743652469733628,False,600048,保利发展
2023-12-20,247.88,248.37,242.7,243.19,89795980.0,891507338.0,-0.024051535157064218,False,600048,保利发展
2023-12-21,241.22,245.41,240.23,244.18,83691466.0,824684515.0,0.004062627415135574,False,600048,保利发展
2023-12-22,243.68,243.68,238.26,242.94,83563699.0,817471351.0,-0.005091158968584614,False,600048,保利发展
2023-12-25,240.97,243.93,239.74,239.98,49929920.0,488512685.0,-0.012258912735881998,False,600048,保利发展
2023-12-26,239.49,240.23,234.31,235.3,69533808.0,665607172.0,-0.01969429080292594,False,600048,保利发展
2023-12-27,234.8,237.02,233.08,234.07,57060925.0,543298452.0,-0.005241079811503844,False,600048,保利发展
2023-12-28,233.33,246.4,230.61,245.41,113066107.0,1100645717.0,0.04731006532099871,False,600048,保利发展
2023-12-29,244.18,248.37,242.2,244.18,75486072.0,749216034.0,-0.00502462300210224,False,600048,保利发展
2024-01-02,242.94,243.68,232.34,232.59,117278568.0,1120366525.0,-0.04862841134173203,False,600048,保利发展
2024-01-03,232.09,236.28,229.87,232.09,89972552.0,849415732.0,-0.0021520194239741217,False,600048,保利发展
2024-01-04,231.35,231.85,223.21,225.68,105095748.0,962420591.0,-0.028007160781262416,False,600048,保利发展
2024-01-05,224.94,231.11,223.46,226.17,101885181.0,939879230.0,0.0021688621979793522,False,600048,保利发展
2024-01-08,226.17,227.9,222.97,223.46,67455132.0,615549990.0,-0.012054501772528188,False,600048,保利发展
2024-01-09,223.46,226.42,220.5,224.94,68893095.0,625310675.0,0.006601272856683818,False,600048,保利发展
2024-01-10,223.46,226.17,221.98,223.71,51969457.0,472137596.0,-0.0054831297520624815,False,600048,保利发展
2024-01-11,222.47,225.93,219.76,224.69,71558960.0,646987023.0,0.004371104194326091,False,600048,保利发展
2024-01-12,222.97,229.13,222.72,225.43,76036361.0,697378368.0,0.003288015047902238,False,600048,保利发展
2024-01-15,223.95,225.93,219.76,222.47,84444184.0,763114964.0,-0.01321742841099922,False,600048,保利发展
2024-01-16,220.99,223.21,216.55,220.01,100238746.0,892093276.0,-0.011119261190252697,False,600048,保利发展
2024-01-17,218.28,219.27,213.84,213.84,86415702.0,756874000.0,-0.028444928034125957,False,600048,保利发展
2024-01-18,212.36,218.53,211.62,218.03,103959172.0,905565987.0,0.019404596169293287,False,600048,保利发展
2024-01-19,216.55,220.25,215.57,218.77,74915499.0,663930689.0,0.003388281629858649,False,600048,保利发展
2024-01-22,216.06,220.25,210.39,215.07,128307357.0,1126749648.0,-0.01705739309692483,False,600048,保利发展
2024-01-23,214.09,217.05,211.37,215.81,96584697.0,841711777.0,0.003434834420481885,False,600048,保利发展
2024-01-24,216.55,221.73,213.35,221.49,111058871.0,982457272.0,0.0259790507858117,False,600048,保利发展
2024-01-25,222.47,238.5,222.23,236.78,199988601.0,1871343296.0,0.06675399824430635,False,600048,保利发展
2024-01-26,239.74,246.4,237.76,244.42,203976409.0,2005773462.0,0.031756617026364335,False,600048,保利发展
2024-01-29,251.08,252.81,244.67,246.4,181764073.0,1830629032.0,0.0080681746495104,False,600048,保利发展
2024-01-30,243.44,248.62,239.49,240.97,119850835.0,1181375096.0,-0.022283787244954133,False,600048,保利发展
2024-01-31,238.01,241.46,231.35,235.3,141040055.0,1345109888.0,-0.023811148681093817,False,600048,保利发展
2024-02-01,232.83,234.31,226.67,227.9,101926779.0,949854167.0,-0.03195435948167828,False,600048,保利发展
2024-02-02,227.9,237.76,223.21,231.11,113036837.0,1060071784.0,0.013986851403641004,False,600048,保利发展
2024-02-05,229.63,233.82,222.72,228.89,121548929.0,1123027075.0,-0.009652248850722701,False,600048,保利发展
2024-02-06,225.19,235.79,223.21,232.83,117364710.0,1093169079.0,0.017067034729600347,False,600048,保利发展
2024-02-07,233.08,234.8,228.39,233.82,117328754.0,1102777606.0,0.004243015044515539,False,600048,保利发展
2024-02-08,235.79,246.15,234.8,245.9,119349623.0,1162219179.0,0.050373360643474155,False,600048,保利发展
2024-02-19,243.93,243.93,235.05,241.96,135705186.0,1312945140.0,-0.016152525983433395,False,600048,保利发展
2024-02-20,245.41,253.8,240.48,243.19,123091380.0,1218155964.0,0.005070607586860382,False,600048,保利发展
2024-02-21,240.72,255.28,237.76,248.86,161754255.0,1624756619.0,0.023047458521911316,False,600048,保利发展
2024-02-22,246.4,248.12,244.42,246.4,87880116.0,876266622.0,-0.009934257688120514,False,600048,保利发展
2024-02-23,246.15,248.37,244.42,246.64,75513625.0,754600762.0,0.0009735519185300819,False,600048,保利发展
2024-02-26,245.41,245.66,240.48,242.2,95531260.0,939121341.0,-0.018165952458903022,False,600048,保利发展
2024-02-27,239.74,243.44,239.74,243.44,81233180.0,795023401.0,0.005106674469723749,False,600048,保利发展
2024-02-28,243.44,245.16,239.24,239.74,113688426.0,1119529187.0,-0.015315502809761851,False,600048,保利发展
2024-02-29,236.78,242.2,236.78,240.97,94462457.0,917004781.0,0.005117441635456825,False,600048,保利发展
2024-03-01,239.98,242.2,233.57,236.28,119933549.0,1155023860.0,-0.01965490197537616,False,600048,保利发展
2024-03-04,234.07,234.56,225.43,227.65,148476532.0,1372252799.0,-0.03720818065824342,False,600048,保利发展
2024-03-05,225.93,232.83,224.94,231.35,120313653.0,1114114869.0,0.016122353572217456,False,600048,保利发展
2024-03-06,229.63,230.37,225.43,226.91,85587236.0,789616440.0,-0.019378252259830118,False,600048,保利发展
2024-03-07,226.91,228.39,224.94,225.19,78459787.0,720239150.0,-0.007608972786930173,False,600048,保利发展
2024-03-08,224.94,225.68,221.49,222.97,73372824.0,663402684.0,-0.009907257043969065,False,600048,保利发展
2024-03-11,223.95,233.57,223.46,233.57,156967764.0,1460931897.0,0.046444584787106044,False,600048,保利发展
2024-03-12,232.34,247.88,231.35,245.66,196806525.0,1920147708.0,0.05046664806156305,False,600048,保利发展
2024-03-13,243.19,244.92,238.01,238.5,100685049.0,980873340.0,-0.029579155782552394,False,600048,保利发展
2024-03-14,237.52,244.92,236.78,240.97,97057249.0,949749974.0,0.010303134086014834,False,600048,保利发展
2024-03-15,239.24,243.44,237.02,239.0,69642441.0,675465322.0,-0.00820889248290002,False,600048,保利发展
2024-03-18,238.01,239.0,232.59,234.31,102065393.0,969769615.0,-0.019818527004169355,False,600048,保利发展
2024-03-19,233.33,233.82,229.63,229.87,73823723.0,693097786.0,-0.019131093191015656,False,600048,保利发展
2024-03-20,229.13,232.09,227.9,229.63,65605947.0,610263490.0,-0.001044613805546711,False,600048,保利发展
2024-03-21,229.13,235.79,228.89,233.82,110357807.0,1041930125.0,0.01808227064789382,False,600048,保利发展
2024-03-22,232.34,233.08,226.67,231.11,89065179.0,829378337.0,-0.011657800923393226,False,600048,保利发展
2024-03-25,230.37,242.2,229.63,238.5,149773756.0,1440894440.0,0.0314755226731162,False,600048,保利发展
2024-03-26,238.01,241.22,235.3,239.49,94172750.0,908102258.0,0.004142351997421222,False,600048,保利发展
2024-03-27,238.5,239.0,231.11,232.83,90819683.0,862272501.0,-0.028203088791660027,False,600048,保利发展
2024-03-28,232.09,233.82,229.63,230.61,88695335.0,832073203.0,-0.00958060150500686,False,600048,保利发展
2024-03-29,227.41,229.87,222.23,225.19,132412001.0,1207198829.0,-0.023783481722902088,False,600048,保利发展
2024-04-01,224.2,230.12,222.47,224.2,160034341.0,1459524743.0,-0.004405979668188824,False,600048,保利发展
2024-04-02,223.95,223.95,215.81,217.54,182232792.0,1612250210.0,-0.030155768972355355,False,600048,保利发展
2024-04-03,215.57,218.53,214.83,216.31,88244292.0,773078852.0,-0.005670177690293964,False,600048,保利发展
2024-04-08,215.07,215.32,210.88,211.37,108869112.0,938794734.0,-0.023102411678664773,False,600048,保利发展
2024-04-09,212.11,212.85,208.17,209.4,100796363.0,857681035.0,-0.00936385386030888,False,600048,保利发展
2024-04-10,208.66,208.91,199.04,200.52,153914143.0,1262771206.0,-0.04333230604113376,False,600048,保利发展
2024-04-11,197.56,202.0,194.36,201.51,114306441.0,919497870.0,0.004925015551580199,False,600048,保利发展
2024-04-12,199.53,201.51,194.6,194.85,108050724.0,862526292.0,-0.033608976162164565,False,600048,保利发展
2024-04-15,194.11,199.29,192.63,195.59,99012354.0,787229449.0,0.0037905997647081297,False,600048,保利发展
2024-04-16,193.86,200.27,190.9,197.32,118582880.0,937520649.0,0.008806144816111151,False,600048,保利发展
2024-04-17,195.34,201.01,195.1,199.29,97690097.0,785511834.0,0.009934273979721894,False,600048,保利发展
2024-04-18,198.06,203.73,196.08,201.75,107271999.0,872940237.0,0.012268256804798693,False,600048,保利发展
2024-04-19,200.03,203.23,199.04,199.78,60457791.0,491698249.0,-0.009812546046054551,False,600048,保利发展
2024-04-22,199.04,202.49,197.32,199.53,70118017.0,567151027.0,-0.0012521601395642263,False,600048,保利发展
2024-04-23,200.52,201.26,197.56,198.3,65243496.0,526682614.0,-0.006183565438689119,False,600048,保利发展
2024-04-24,197.56,199.78,196.08,197.32,68630843.0,549117511.0,-0.004954259160212841,False,600048,保利发展
2024-04-25,197.32,200.52,195.34,197.32,91547330.0,734610124.0,0.0,False,600048,保利发展
2024-04-26,197.07,214.09,195.84,213.1,248730684.0,2082799660.0,0.07693476273903399,False,600048,保利发展
2024-04-29,210.88,230.61,209.89,228.89,336604050.0,3056897470.0,0.0714799996999855,False,600048,保利发展
2024-04-30,226.42,226.67,217.05,219.76,226192124.0,2019301738.0,-0.04070549701753857,False,600048,保利发展
2024-05-06,225.19,228.64,217.05,217.79,248827245.0,2239792665.0,-0.009004746024500982,False,600048,保利发展
2024-05-07,216.06,230.37,215.32,228.64,255107517.0,2308420687.0,0.048617418419039944,False,600048,保利发展
2024-05-08,225.68,226.42,221.49,221.49,108856807.0,983331535.0,-0.03177127244237329,False,600048,保利发展
2024-05-09,224.94,232.83,222.72,227.16,166240409.0,1532274078.0,0.025277173270047863,False,600048,保利发展
2024-05-10,230.12,239.98,227.65,239.74,301184746.0,2867615353.0,0.05390038776972211,False,600048,保利发展
2024-05-13,234.8,239.0,233.33,235.3,148275480.0,1418897756.0,-0.01869370704563695,False,600048,保利发展
2024-05-14,234.31,239.49,232.83,236.28,127201311.0,1220260326.0,0.0041562467057176715,False,600048,保利发展
2024-05-15,235.3,253.8,235.05,243.44,275073251.0,2740387428.0,0.02985296314968113,False,600048,保利发展
2024-05-16,243.44,256.26,241.96,251.08,261188114.0,2652391358.0,0.03090110786061536,False,600048,保利发展
2024-05-17,253.8,276.24,246.15,276.24,427243517.0,4513712143.0,0.0954984396324058,False,600048,保利发展
2024-05-20,275.01,288.57,266.38,273.28,367057809.0,4102994669.0,-0.010773142481531987,False,600048,保利发展
2024-05-21,270.81,280.43,268.6,275.99,173633661.0,1941598160.0,0.009867722576496539,False,600048,保利发展
2024-05-22,274.76,293.26,272.79,278.21,247197658.0,2829682028.0,0.00801159102967013,False,600048,保利发展
2024-05-23,272.05,274.76,264.65,269.09,217841695.0,2377066905.0,-0.033330328070721206,False,600048,保利发展
2024-05-24,266.38,267.61,260.21,261.94,135430113.0,1447763570.0,-0.026930426234393425,False,600048,保利发展
2024-05-27,262.18,263.66,252.07,260.7,155667975.0,1619344100.0,-0.004745148961800856,False,600048,保利发展
2024-05-28,263.66,266.38,253.55,255.77,150052970.0,1577907055.0,-0.01909171779676376,False,600048,保利发展
2024-05-29,257.0,261.44,255.52,257.5,91861758.0,960445860.0,0.006741116961098687,False,600048,保利发展
2024-05-30,254.54,258.73,249.85,252.07,102270274.0,1048180239.0,-0.021312893387693665,False,600048,保利发展
2024-05-31,252.81,257.5,250.84,252.07,104722262.0,1078332491.0,0.0,False,600048,保利发展
2024-06-03,248.86,255.03,248.37,252.56,81721038.0,833373970.0,0.0019420175336391189,False,600048,保利发展
2024-06-04,252.81,261.94,250.59,260.46,154242525.0,1613164151.0,0.030800454289820884,False,600048,保利发展
2024-06-05,259.22,260.46,254.54,254.78,65891254.0,685235176.0,-0.02204887085791628,False,600048,保利发展
2024-06-06,254.54,256.76,251.08,253.8,62070086.0,637758971.0,-0.0038538724013535293,False,600048,保利发展
2024-06-07,253.55,259.47,253.3,257.0,74112292.0,771731911.0,0.01252952961493253,False,600048,保利发展
2024-06-11,254.54,262.68,251.08,252.32,113982333.0,1184587489.0,-0.018377961680491547,False,600048,保利发展
2024-06-12,251.33,254.04,247.88,249.36,71183641.0,723051555.0,-0.011800487755646566,False,600048,保利发展
2024-06-13,251.82,252.32,241.71,243.19,107552726.0,1065824002.0,-0.0250546046335078,False,600048,保利发展
2024-06-14,241.96,251.08,240.23,246.64,83224294.0,830796375.0,0.014086752752320983,False,600048,保利发展
2024-06-17,243.68,245.9,238.75,241.71,87343632.0,853959439.0,-0.02019112312068056,False,600048,保利发展
2024-06-18,241.22,243.68,237.52,238.01,69952038.0,677878877.0,-0.015425970861698283,False,600048,保利发展
2024-06-19,238.5,240.72,234.31,237.76,56966118.0,549174549.0,-0.0010509280661217843,False,600048,保利发展
2024-06-20,237.52,238.01,230.37,231.6,72314189.0,682212130.0,-0.026250015830554127,False,600048,保利发展
2024-06-21,233.08,234.8,231.35,232.83,49416965.0,466465454.0,0.0052968278353170755,False,600048,保利发展
2024-06-24,231.35,231.85,227.16,228.64,73073835.0,679082257.0,-0.018159859352599988,False,600048,保利发展
2024-06-25,229.38,236.53,225.19,231.35,85511851.0,802117139.0,0.011783001171451351,False,600048,保利发展
2024-06-26,229.38,229.63,224.94,227.9,70976545.0,653825059.0,-0.015024779101370027,False,600048,保利发展
2024-06-27,228.15,229.87,220.99,221.24,96669533.0,879896686.0,-0.029658851125161256,False,600048,保利发展
2024-06-28,220.5,223.46,214.58,216.06,133076302.0,1181005814.0,-0.023691938237638478,False,600048,保利发展
2024-07-01,217.54,234.07,216.55,229.63,198704883.0,1839742160.0,0.06091317104194007,False,600048,保利发展
2024-07-02,229.38,233.57,221.49,222.72,124240541.0,1146322250.0,-0.030553940784724124,False,600048,保利发展
2024-07-03,222.97,229.13,216.8,224.94,126050395.0,1145107668.0,0.009918322829820877,False,600048,保利发展
2024-07-04,223.95,225.19,217.54,218.28,93580847.0,837476132.0,-0.0300550576578444,False,600048,保利发展
2024-07-05,219.02,222.47,215.07,217.05,84808854.0,750539528.0,-0.005650900572428606,False,600048,保利发展
2024-07-08,216.31,216.55,209.15,210.88,106650850.0,914962342.0,-0.02883849043146019,False,600048,保利发展
2024-07-09,211.13,212.85,206.69,211.13,99854042.0,849792364.0,0.0011848061858493386,False,600048,保利发展
2024-07-10,208.41,213.35,203.97,210.14,74183402.0,631114960.0,-0.004700082239362425,False,600048,保利发展
2024-07-11,212.61,216.8,210.14,214.33,95413884.0,827043903.0,0.019742908088411934,False,600048,保利发展
2024-07-12,220.75,228.64,218.28,222.47,176903894.0,1605215541.0,0.03727537770600103,False,600048,保利发展
2024-07-15,218.53,225.68,217.54,221.98,94554230.0,849239164.0,-0.00220497333120885,False,600048,保利发展
2024-07-16,221.49,228.15,218.77,224.45,97281176.0,885309169.0,0.01106567750410776,False,600048,保利发展
2024-07-17,224.94,234.07,223.95,230.61,136243883.0,1277473511.0,0.027075006801209254,False,600048,保利发展
2024-07-18,229.63,234.8,226.42,233.82,115643347.0,1083802166.0,0.013823616549522546,False,600048,保利发展
2024-07-19,231.11,232.34,223.95,226.67,121299834.0,1113361450.0,-0.031056373302407694,False,600048,保利发展
2024-07-22,226.91,227.16,220.75,225.43,85710809.0,778733464.0,-0.0054855258102237655,False,600048,保利发展
2024-07-23,225.93,227.9,221.73,222.23,71549390.0,652790916.0,-0.014296807872664179,False,600048,保利发展
2024-07-24,222.23,224.69,214.09,215.32,74584725.0,658866546.0,-0.03158758790062076,False,600048,保利发展
2024-07-25,215.32,221.98,214.33,217.29,79538967.0,703380500.0,0.009107573182587932,False,600048,保利发展
2024-07-26,217.79,224.69,217.05,220.01,80313172.0,717559330.0,0.012440132989445183,False,600048,保利发展
2024-07-29,219.76,220.01,210.88,211.87,102817352.0,888733697.0,-0.03770012082859031,False,600048,保利发展
2024-07-30,212.29,217.73,211.0,215.66,92874949.0,769353658.0,0.017730214417727087,False,600048,保利发展
2024-07-31,216.18,228.86,211.51,228.34,133453117.0,1145603821.0,0.05713265279425485,False,600048,保利发展
2024-08-01,227.31,229.38,218.25,219.02,125515963.0,1074501832.0,-0.041672696400567956,False,600048,保利发展
2024-08-02,216.18,217.99,213.85,214.62,97749193.0,813851088.0,-0.020294027348631744,False,600048,保利发展
2024-08-05,211.51,222.13,211.0,213.85,130110300.0,1092174586.0,-0.003594187826063821,False,600048,保利发展
2024-08-06,215.66,223.94,214.88,222.13,126006744.0,1069015006.0,0.03798796139661346,False,600048,保利发展
2024-08-07,220.84,221.35,216.69,219.28,65836443.0,556271611.0,-0.012913344075000778,False,600048,保利发展
2024-08-08,220.58,228.34,215.92,219.54,125731602.0,1075930517.0,0.0011849962646401431,False,600048,保利发展
2024-08-09,217.99,229.38,217.73,221.35,179518000.0,1561950554.0,0.008210710918979638,False,600048,保利发展
2024-08-12,219.8,220.58,213.07,213.85,113705586.0,946782090.0,-0.0344703245052324,False,600048,保利发展
2024-08-13,213.59,214.1,210.74,213.07,61758939.0,505916707.0,-0.0036540844556425707,False,600048,保利发展
2024-08-14,212.55,213.59,210.22,211.26,50998610.0,415924235.0,-0.008531147822258866,False,600048,保利发展
2024-08-15,210.22,215.4,209.18,212.55,109362816.0,897471887.0,0.006087652409783012,False,600048,保利发展
2024-08-16,211.77,213.33,208.93,211.77,78135610.0,636554936.0,-0.003676474729308637,False,600048,保利发展
2024-08-19,210.74,215.14,209.18,211.77,81333000.0,667042042.0,0.0,False,600048,保利发展
2024-08-20,211.77,213.33,207.11,208.15,79206663.0,638913687.0,-0.017241806434506103,False,600048,保利发展
2024-08-21,206.6,207.37,201.68,203.75,113839398.0,896617550.0,-0.021365221520012374,False,600048,保利发展
2024-08-22,204.01,208.67,203.23,206.08,123616189.0,985429545.0,0.011370690795016822,False,600048,保利发展
2024-08-23,204.52,209.18,203.23,204.78,94657088.0,754348741.0,-0.006328210769318158,False,600048,保利发展
2024-08-26,204.78,211.77,202.19,207.63,117185902.0,943901354.0,0.013821417375210898,False,600048,保利发展
2024-08-27,207.11,207.37,201.16,201.94,86970603.0,681645295.0,-0.027787025945706725,False,600048,保利发展
2024-08-28,201.68,202.45,199.09,199.61,64101509.0,495726650.0,-0.011605160753383676,False,600048,保利发展
2024-08-29,199.35,201.42,197.53,199.61,60312484.0,466245375.0,0.0,False,600048,保利发展
2024-08-30,200.12,219.54,199.35,210.22,295664365.0,2419334698.0,0.05178913857241701,False,600048,保利发展
2024-09-02,207.37,208.15,202.71,203.23,129416403.0,1022442168.0,-0.033816258792992646,False,600048,保利发展
2024-09-03,202.71,207.63,199.86,204.27,122521167.0,965745415.0,0.0051043055607694655,False,600048,保利发展
2024-09-04,202.45,206.85,198.83,199.35,139823949.0,1088970520.0,-0.02438057433562105,False,600048,保利发展
2024-09-05,201.42,203.49,199.86,201.68,91529365.0,711791939.0,0.011620209052300434,False,600048,保利发展
2024-09-06,200.38,200.9,198.83,199.09,70593544.0,544099439.0,-0.01292529908795925,False,600048,保利发展
2024-09-09,197.28,197.53,193.13,195.2,74544200.0,561747002.0,-0.019732309812713063,False,600048,保利发展
2024-09-10,194.69,195.72,188.99,192.87,94511171.0,700696026.0,-0.012008287157287013,False,600048,保利发展
2024-09-11,192.1,197.02,191.06,194.43,69862242.0,525280574.0,0.008055814286029353,False,600048,保利发展
2024-09-12,194.17,198.05,193.39,193.91,50465503.0,380069396.0,-0.0026780672132077654,False,600048,保利发展
2024-09-13,194.95,196.76,193.39,193.65,65166901.0,490379058.0,-0.0013417279337653945,False,600048,保利发展
2024-09-18,194.43,200.38,190.8,197.53,122346305.0,925070375.0,0.019838065579147874,False,600048,保利发展
2024-09-19,199.35,208.67,198.57,204.78,202320078.0,1593373527.0,0.036045760606761394,False,600048,保利发展
2024-09-20,199.61,208.93,199.09,208.41,184298619.0,1464732580.0,0.01757106122622848,False,600048,保利发展
2024-09-23,206.08,212.29,205.3,209.18,135316631.0,1096672372.0,0.003687831953222938,False,600048,保利发展
2024-09-24,213.59,216.43,204.52,211.51,279252468.0,2267065203.0,0.011077153366360986,False,600048,保利发展
2024-09-25,213.33,224.98,212.55,214.62,274756687.0,2327372454.0,0.014596743806498377,False,600048,保利发展
2024-09-26,212.55,236.11,212.55,236.11,349978064.0,3063646913.0,0.09542877562989077,False,600048,保利发展
2024-09-27,248.54,259.67,247.76,259.67,446630714.0,4385364981.0,0.09511379596184806,False,600048,保利发展
2024-09-30,285.56,285.56,265.36,285.56,635977736.0,6876364512.0,0.09504057054353934,False,600048,保利发展
2024-10-08,314.04,314.04,268.21,284.52,686120756.0,7761689306.0,-0.0036486147689454534,False,600048,保利发展
2024-10-09,274.43,274.43,256.04,256.04,395132044.0,3955323147.0,-0.10546986759151163,False,600048,保利发展
2024-10-10,248.8,267.95,245.95,259.67,332952272.0,3317654926.0,0.014077911816917572,False,600048,保利发展
2024-10-11,257.86,269.25,252.68,265.36,282175686.0,2864943674.0,0.021675800548076676,False,600048,保利发展
2024-10-14,274.17,288.66,269.51,279.34,363826860.0,3894495699.0,0.05134228323882815,False,600048,保利发展
2024-10-15,274.17,289.96,271.06,282.97,290089419.0,3183282069.0,0.01291120707932841,False,600048,保利发展
2024-10-16,288.41,299.28,281.67,294.88,409158138.0,4598587526.0,0.04122760896455958,False,600048,保利发展
2024-10-17,293.84,293.84,266.66,267.18,380881709.0,4068332291.0,-0.09864590535984716,False,600048,保利发展
2024-10-18,261.48,278.05,256.3,271.06,290448063.0,2985762302.0,0.014417610026203913,False,600048,保利发展
2024-10-21,271.06,279.86,264.85,278.57,233811713.0,2486453363.0,0.02732917569633184,False,600048,保利发展
2024-10-22,277.01,285.82,275.2,283.75,171052467.0,1857821068.0,0.018424194511410842,False,600048,保利发展
2024-10-23,282.45,287.89,280.9,283.23,147606018.0,1618899813.0,-0.001834280383077442,False,600048,保利发展
2024-10-24,281.16,284.26,275.98,277.53,112316218.0,1212073847.0,-0.020330252961198114,False,600048,保利发展
2024-10-25,277.01,284.0,276.24,277.27,115332666.0,1245209735.0,-0.0009372747621982534,False,600048,保利发展
2024-10-28,275.98,284.26,275.72,282.45,122909611.0,1333629137.0,0.01850978308213254,False,600048,保利发展
2024-10-29,278.57,287.11,274.68,274.94,124956084.0,1348794221.0,-0.026948651727997094,False,600048,保利发展
2024-10-30,274.94,281.42,272.35,276.24,149861928.0,1604000283.0,0.004717161038462921,False,600048,保利发展
2024-10-31,274.43,288.66,272.35,279.6,182883554.0,1989913859.0,0.012089957277918355,False,600048,保利发展
2024-11-01,282.19,292.81,280.9,283.23,211500237.0,2339025204.0,0.012899278052879626,False,600048,保利发展
2024-11-04,285.56,286.08,276.5,281.67,141514511.0,1523861446.0,-0.005523115473969154,False,600048,保利发展
2024-11-05,280.12,291.25,278.31,288.41,168047408.0,1856971741.0,0.023646905934897166,False,600048,保利发展
2024-11-06,287.89,299.54,279.6,293.58,256923810.0,2858841168.0,0.017767095655624215,False,600048,保利发展
2024-11-07,288.92,302.9,286.33,301.61,300394705.0,3455045465.0,0.026984617553723025,False,600048,保利发展
2024-11-08,305.23,306.01,287.37,289.44,260312637.0,2942131233.0,-0.041186770435825235,False,600048,保利发展
2024-11-11,282.97,286.33,276.76,282.45,196476715.0,2125478297.0,-0.024446477875713916,False,600048,保利发展
2024-11-12,281.16,286.59,278.31,280.12,130569187.0,1423286322.0,-0.008283460983954022,False,600048,保利发展
2024-11-13,278.57,280.9,272.61,275.2,129420247.0,1378122582.0,-0.017719976728128386,False,600048,保利发展
2024-11-14,280.38,280.64,268.73,268.73,156719226.0,1653802047.0,-0.02379094799116889,False,600048,保利发展
2024-11-15,266.92,269.51,261.74,261.74,124318433.0,1270504259.0,-0.02635551344068509,False,600048,保利发展
2024-11-18,264.07,271.32,262.0,263.55,158410414.0,1630767433.0,0.006891458673881385,False,600048,保利发展
2024-11-19,264.33,265.36,257.6,263.55,126835497.0,1275236373.0,0.0,False,600048,保利发展
2024-11-20,261.74,264.33,259.41,262.78,85730371.0,867267203.0,-0.0029259230875399774,False,600048,保利发展
2024-11-21,261.74,263.55,258.37,260.45,76674816.0,770771821.0,-0.008906276022475453,False,600048,保利发展
2024-11-22,260.19,261.48,251.38,251.9,110615055.0,1097490612.0,-0.03337872083263593,False,600048,保利发展
2024-11-25,251.9,255.27,249.31,252.16,91711377.0,893139666.0,0.001031623310949857,False,600048,保利发展
2024-11-26,251.64,258.63,250.35,255.01,96042645.0,945151344.0,0.011238953406271514,False,600048,保利发展
2024-11-27,254.49,259.67,251.64,258.89,121033522.0,1197444720.0,0.01510050098402478,False,600048,保利发展
2024-11-28,258.37,262.0,257.08,259.67,106864014.0,1071849603.0,0.003008333030909927,False,600048,保利发展
2024-11-29,259.67,270.02,258.89,265.11,166431467.0,1708627654.0,0.020733240107302348,False,600048,保利发展
2024-12-02,262.78,267.44,259.93,265.11,132940371.0,1355802174.0,0.0,False,600048,保利发展
2024-12-03,264.33,269.51,262.78,266.92,107875846.0,1109166370.0,0.006804153837383069,False,600048,保利发展
2024-12-04,265.62,267.18,260.7,261.74,80468570.0,820150110.0,-0.019597343408071295,False,600048,保利发展
2024-12-05,260.96,262.0,257.86,260.19,63666087.0,638406115.0,-0.005939511262860466,False,600048,保利发展
2024-12-06,259.93,265.11,258.63,262.78,83919300.0,850713199.0,0.009905046849201873,False,600048,保利发展
2024-12-09,262.78,263.29,254.75,255.53,128951124.0,1282290730.0,-0.02797736063298765,False,600048,保利发展
2024-12-10,270.54,270.54,259.67,259.67,219481173.0,2243889133.0,0.016071774510032135,False,600048,保利发展
2024-12-11,259.15,265.11,257.86,263.03,131202115.0,1331278643.0,0.01285650002279875,False,600048,保利发展
2024-12-12,263.03,265.62,259.67,264.33,101663590.0,1031999453.0,0.004930228433228854,False,600048,保利发展
2024-12-13,262.26,262.52,253.71,254.75,181411783.0,1798913611.0,-0.036915650443913886,False,600048,保利发展
2024-12-16,255.01,256.3,244.91,245.95,147861024.0,1420514728.0,-0.03515440886148547,False,600048,保利发展
2024-12-17,245.95,246.21,242.84,243.62,80713586.0,761540604.0,-0.009518628969535935,False,600048,保利发展
2024-12-18,244.91,246.98,242.58,243.36,75090262.0,708995115.0,-0.0010678057608301005,False,600048,保利发展
2024-12-19,239.48,243.1,238.7,243.1,74350864.0,693350916.0,-0.0010689471889051556,False,600048,保利发展
2024-12-20,242.06,243.62,238.7,241.81,98549043.0,915459718.0,-0.005320587503572089,False,600048,保利发展
2024-12-23,241.03,244.14,237.92,238.7,95041784.0,882186494.0,-0.012944760473721117,False,600048,保利发展
2024-12-24,238.18,240.25,237.4,239.22,92218778.0,850471644.0,0.002176097276534386,False,600048,保利发展
2024-12-25,238.7,239.48,234.56,237.92,109407910.0,999648469.0,-0.00544914790947379,False,600048,保利发展
2024-12-26,237.4,238.18,234.04,235.07,104338724.0,948933818.0,-0.012051140582418093,False,600048,保利发展
2024-12-27,234.82,237.66,233.78,236.37,86901308.0,792543635.0,0.005515031796279646,False,600048,保利发展
2024-12-30,235.07,236.89,231.71,232.74,124194080.0,1118876057.0,-0.015476423245775627,False,600048,保利发展
2024-12-31,232.74,236.11,228.86,229.38,116544551.0,1045881148.0,-0.014541933743554464,False,600048,保利发展
2025-01-02,228.86,232.49,222.91,224.72,127331073.0,1121639098.0,-0.020524834140388137,False,600048,保利发展
2025-01-03,224.72,226.53,219.8,221.09,107856731.0,930058464.0,-0.016285324358860064,False,600048,保利发展
2025-01-06,220.84,221.09,216.69,221.09,101029297.0,857093438.0,0.0,False,600048,保利发展
2025-01-07,220.32,225.24,217.47,224.46,104231899.0,895668427.0,0.015127659150981564,False,600048,保利发展
2025-01-08,222.91,224.46,219.8,222.65,84375984.0,724363005.0,-0.00809648582039845,False,600048,保利发展
2025-01-09,222.39,224.72,220.58,223.68,67124707.0,578095837.0,0.004615427277734103,False,600048,保利发展
2025-01-10,223.17,226.79,219.02,219.28,73884718.0,631963068.0,-0.019867007050915132,False,600048,保利发展
2025-01-13,217.47,223.42,215.66,223.42,87119016.0,742674003.0,0.01870395614817189,False,600048,保利发展
2025-01-14,222.65,227.31,222.65,227.05,97104212.0,845954924.0,0.01611684940125785,False,600048,保利发展
2025-01-15,226.53,227.57,222.65,226.01,69014560.0,600489740.0,-0.004591011462968158,False,600048,保利发展
2025-01-16,226.27,228.86,221.35,224.2,97005356.0,843912398.0,-0.008040735442932467,False,600048,保利发展
2025-01-17,218.76,227.05,218.51,224.2,106514789.0,917489047.0,0.0,False,600048,保利发展
2025-01-20,223.68,226.01,218.25,222.65,124404388.0,1067657474.0,-0.006937478870348033,False,600048,保利发展
2025-01-21,222.91,233.78,221.61,225.24,237014463.0,2085028670.0,0.011565468618706378,False,600048,保利发展
2025-01-22,221.87,222.13,214.88,214.88,171908113.0,1447136458.0,-0.047086767611490346,False,600048,保利发展
2025-01-23,216.95,222.39,216.18,217.21,162010676.0,1373062402.0,0.010784894740674705,False,600048,保利发展
2025-01-24,217.21,219.54,215.4,217.99,101235950.0,850806540.0,0.0035845626617217663,False,600048,保利发展
2025-01-27,218.25,221.87,215.4,215.4,102810382.0,866288861.0,-0.011952425455035644,False,600048,保利发展
2025-02-05,216.18,216.95,211.51,213.07,94153067.0,773236216.0,-0.010876014505013212,False,600048,保利发展
2025-02-06,212.81,216.95,212.55,214.62,93014686.0,770609468.0,0.00724827228170641,False,600048,保利发展
2025-02-07,214.1,221.09,213.07,218.76,153273377.0,1293774169.0,0.0191062159795906,False,600048,保利发展
2025-02-10,217.47,220.58,217.21,219.28,91745328.0,776864272.0,0.00237421351595848,False,600048,保利发展
2025-02-11,220.06,220.58,214.1,214.62,109561782.0,913880385.0,-0.021480429495549017,False,600048,保利发展
2025-02-12,215.14,223.42,211.51,222.39,183500830.0,1534537307.0,0.03556357483775658,False,600048,保利发展
2025-02-13,219.54,225.75,218.25,222.39,225634441.0,1941639233.0,0.0,False,600048,保利发展
2025-02-14,221.35,222.65,217.73,220.58,117362254.0,995076552.0,-0.008172156458737074,False,600048,保利发展
2025-02-17,220.58,222.65,219.02,219.54,130835785.0,1115031012.0,-0.004725992618830551,False,600048,保利发展
2025-02-18,219.54,219.54,214.1,215.4,104591945.0,876119069.0,-0.019037683536882167,False,600048,保利发展
2025-02-19,214.88,217.21,213.59,215.66,96786971.0,804220118.0,0.00120632873163797,False,600048,保利发展
2025-02-20,214.62,215.4,212.03,212.29,102229921.0,839784232.0,-0.01574982901001588,False,600048,保利发展
2025-02-21,212.29,214.1,211.26,212.29,114791025.0,942200881.0,0.0,False,600048,保利发展
2025-02-24,212.29,218.25,211.26,216.18,168454035.0,1401186605.0,0.018158129544146525,False,600048,保利发展
2025-02-25,214.62,218.25,213.59,215.92,133669461.0,1117773894.0,-0.001203425278307707,False,600048,保利发展
2025-02-26,218.25,225.75,217.99,223.42,222484977.0,1913466378.0,0.03414543943295303,False,600048,保利发展
2025-02-27,224.46,229.38,223.68,228.08,216075723.0,1895483253.0,0.020643036461714337,False,600048,保利发展
2025-02-28,228.34,231.71,224.98,225.24,217380800.0,1916995821.0,-0.012529944217998796,False,600048,保利发展
2025-03-03,227.05,231.71,225.24,226.27,156304205.0,1377346277.0,0.0045624760768185335,False,600048,保利发展
2025-03-04,224.72,226.79,221.09,226.53,115279662.0,995884889.0,0.0011484100202075601,False,600048,保利发展
2025-03-05,226.01,227.05,221.35,222.91,116443630.0,1004629402.0,-0.01610928393060289,False,600048,保利发展
2025-03-06,224.2,230.41,223.17,230.41,186307833.0,1638145913.0,0.03309222810479963,False,600048,保利发展
2025-03-07,228.34,228.86,225.5,227.83,127714204.0,1120141242.0,-0.011260593846681804,False,600048,保利发展
2025-03-10,228.86,230.41,223.68,224.98,92552287.0,808423899.0,-0.012588227446279035,False,600048,保利发展
2025-03-11,223.17,223.68,220.58,223.42,98547083.0,844937013.0,-0.006958101221977541,False,600048,保利发展
2025-03-12,222.91,222.91,220.06,221.09,96697994.0,826411568.0,-0.01048354970557407,False,600048,保利发展
2025-03-13,220.58,221.87,218.25,220.06,73001858.0,620698892.0,-0.004669621995361611,False,600048,保利发展
2025-03-14,219.8,225.24,219.8,224.98,191830598.0,1654291365.0,0.022111272922913067,False,600048,保利发展
2025-03-17,225.24,228.34,225.24,226.53,99853113.0,874435312.0,0.006865877118764146,False,600048,保利发展
2025-03-18,226.53,228.34,224.46,225.5,78795801.0,686764945.0,-0.004557227540710858,False,600048,保利发展
2025-03-19,225.5,225.75,222.91,223.68,67672292.0,585930080.0,-0.00810369989728759,False,600048,保利发展
2025-03-20,223.68,224.98,222.13,222.91,66608201.0,575480169.0,-0.00344835649260446,False,600048,保利发展
2025-03-21,222.39,223.17,219.02,220.84,95905375.0,817589122.0,-0.00932964513699712,False,600048,保利发展
2025-03-24,220.32,220.58,217.73,219.02,67626173.0,571500274.0,-0.008275407568230706,False,600048,保利发展
2025-03-25,218.76,222.13,217.73,220.58,68233554.0,580055029.0,0.007097391030387816,False,600048,保利发展
2025-03-26,220.32,223.42,219.28,220.32,73571168.0,629168960.0,-0.0011794058976561995,False,600048,保利发展
2025-03-27,220.06,220.84,218.25,219.28,56925490.0,482752649.0,-0.004731582985814372,False,600048,保利发展
2025-03-28,219.54,220.06,217.47,218.76,53956965.0,455574023.0,-0.0023742135159583637,False,600048,保利发展
2025-03-31,217.99,218.25,213.07,213.85,75291040.0,625423456.0,-0.022700403805654357,False,600048,保利发展
2025-04-01,214.36,214.88,212.55,213.33,69463364.0,573528983.0,-0.0024345721093813255,False,600048,保利发展
2025-04-02,213.07,215.14,212.29,214.62,71208015.0,586792614.0,0.006028759935444968,False,600048,保利发展
2025-04-03,213.33,221.61,213.07,217.21,138055075.0,1165729801.0,0.011995605016620793,False,600048,保利发展
2025-04-07,210.74,212.29,199.35,205.3,193665728.0,1539066262.0,-0.05639230349071427,False,600048,保利发展
2025-04-08,205.56,221.35,205.3,220.06,243871437.0,2016768610.0,0.06942791241687865,False,600048,保利发展
2025-04-09,219.02,230.93,216.69,230.93,256082161.0,2222875399.0,0.048214397854036764,False,600048,保利发展
2025-04-10,227.83,232.49,222.65,232.49,181545130.0,1605554229.0,0.006732579053930571,False,600048,保利发展
2025-04-11,229.9,229.9,224.46,226.01,118488292.0,1035347771.0,-0.02826796726874198,False,600048,保利发展
2025-04-14,223.42,226.01,222.91,224.46,70063401.0,607478938.0,-0.006881728492882183,False,600048,保利发展
2025-04-15,223.68,224.46,221.35,224.2,63694511.0,547839853.0,-0.0011590069500503545,False,600048,保利发展
2025-04-16,223.94,228.6,223.42,228.6,130831067.0,1143619999.0,0.019435240722650706,False,600048,保利发展
2025-04-17,227.83,241.29,226.79,238.18,275559566.0,2510236484.0,0.04105293897913958,False,600048,保利发展
2025-04-18,235.59,239.22,233.52,238.18,110891856.0,1014894832.0,0.0,False,600048,保利发展
2025-04-21,236.63,236.89,234.04,234.56,80660205.0,732268795.0,-0.015315271641563079,False,600048,保利发展
2025-04-22,234.3,235.59,232.23,233.26,65184536.0,589346925.0,-0.005557707435382937,False,600048,保利发展
2025-04-23,233.0,233.78,228.08,228.86,96991845.0,864622606.0,-0.019043248373335073,False,600048,保利发展
2025-04-24,228.6,232.49,226.53,229.38,82257172.0,729318324.0,0.002269554046807595,False,600048,保利发展
2025-04-25,229.9,236.63,224.72,226.79,194337467.0,1728377785.0,-0.01135553776560588,False,600048,保利发展
2025-04-28,222.91,223.94,214.36,215.14,187845010.0,1575758680.0,-0.05273550016691128,False,600048,保利发展
2025-04-29,216.18,217.73,215.14,215.66,63072456.0,526073922.0,0.0024141144500669735,False,600048,保利发展
2025-04-30,215.14,220.06,214.62,216.69,86990865.0,731366454.0,0.004764667276938829,False,600048,保利发展
2025-05-06,216.95,217.73,215.92,216.18,108429769.0,906379834.0,-0.002356366742808274,False,600048,保利发展
2025-05-07,223.94,225.5,218.25,220.06,160077028.0,1364689927.0,0.017788842453709753,False,600048,保利发展
2025-05-08,218.51,219.8,218.25,218.51,74845518.0,632574142.0,-0.007068456362991244,False,600048,保利发展
2025-05-09,218.76,219.02,212.81,213.59,116704000.0,968421866.0,-0.022773490568061952,False,600048,保利发展
2025-05-12,214.1,215.14,213.33,214.88,79853735.0,660666939.0,0.006021443264213967,False,600048,保利发展
2025-05-13,215.66,216.43,214.36,214.88,61724600.0,512852063.0,0.0,False,600048,保利发展
2025-05-14,214.62,217.99,212.81,216.18,101344343.0,841372494.0,0.006031661213129531,False,600048,保利发展
2025-05-15,215.14,216.95,213.33,213.59,71194947.0,590233501.0,-0.012053104477343448,False,600048,保利发展
2025-05-16,213.85,214.62,212.03,214.1,74657810.0,613823896.0,0.002384906084923622,False,600048,保利发展
2025-05-19,213.85,215.4,212.55,214.36,64889747.0,536904573.0,0.0012136490310124548,False,600048,保利发展
2025-05-20,214.36,214.62,213.33,213.85,47951549.0,396162432.0,-0.0023820099537320053,False,600048,保利发展
2025-05-21,213.85,214.1,212.29,212.81,65293089.0,536759749.0,-0.004875085828337275,False,600048,保利发展
2025-05-22,212.55,212.81,211.0,211.51,65422362.0,535260793.0,-0.006127470152097179,False,600048,保利发展
2025-05-23,211.26,212.81,209.44,209.44,63255116.0,515798810.0,-0.009834976530893347,False,600048,保利发展
2025-05-26,208.93,210.22,207.63,208.93,55179055.0,445274773.0,-0.0024380345274301763,False,600048,保利发展
2025-05-27,208.93,210.74,208.67,209.7,41007494.0,332444467.0,0.003678670273714564,False,600048,保利发展
2025-05-28,210.22,210.48,208.93,209.18,28336258.0,229370795.0,-0.0024828125817520745,False,600048,保利发展
2025-05-29,209.44,210.74,208.67,209.96,55153127.0,447365852.0,0.003721911057976905,False,600048,保利发展
2025-05-30,209.96,210.74,209.18,210.48,52873541.0,429052866.0,0.0024736003479382033,False,600048,保利发展
2025-06-03,208.93,210.48,208.41,209.96,47752025.0,386987306.0,-0.002473600347938169,False,600048,保利发展
2025-06-04,209.96,211.77,209.7,211.51,53255823.0,433569986.0,0.0073552423083840255,False,600048,保利发展
2025-06-05,211.77,213.59,211.26,212.03,63575462.0,521516858.0,0.002455495401976058,False,600048,保利发展
2025-06-06,212.03,212.55,210.48,211.26,48275465.0,394044444.0,-0.0036381716994431765,False,600048,保利发展
2025-06-09,211.51,211.77,210.48,211.26,59400946.0,484387968.0,0.0,False,600048,保利发展
2025-06-10,211.26,213.33,208.93,210.22,75473239.0,615418380.0,-0.0049350009998077645,False,600048,保利发展
2025-06-11,210.22,211.77,209.7,211.26,55466948.0,452403540.0,0.004935000999807816,False,600048,保利发展
2025-06-12,211.26,211.51,209.96,210.74,49935600.0,405852170.0,-0.002464456223634521,False,600048,保利发展
2025-06-13,210.22,210.48,208.41,208.67,74994565.0,606245514.0,-0.00987108942608831,False,600048,保利发展
2025-06-16,209.7,214.36,209.18,213.33,131241902.0,1077575739.0,0.022086205818242985,False,600048,保利发展
2025-06-17,212.55,212.81,209.96,210.22,70854029.0,578030818.0,-0.01468566116832798,False,600048,保利发展
2025-06-18,210.22,210.48,206.6,207.37,94716646.0,759980094.0,-0.01364996408545926,False,600048,保利发展
2025-06-19,207.11,207.37,201.94,204.01,91496219.0,722739336.0,-0.01633562505911127,False,600048,保利发展
2025-06-20,204.01,205.04,202.45,204.27,58369335.0,459369993.0,0.0012736359123473103,False,600048,保利发展
2025-06-23,202.71,204.52,201.42,204.01,51221756.0,402181159.0,-0.0012736359123473012,False,600048,保利发展
2025-06-24,204.52,206.34,203.75,206.34,69721928.0,553836014.0,0.011356281421592134,False,600048,保利发展
2025-06-25,206.08,208.67,205.04,208.41,79252471.0,633410322.0,0.009981999700669448,False,600048,保利发展
2025-06-26,208.41,208.93,207.63,208.15,66668050.0,536414360.0,-0.0012483197319147525,False,600048,保利发展
2025-06-27,208.15,212.29,207.89,208.41,95197560.0,771787648.0,0.0012483197319147926,False,600048,保利发展
2025-06-30,208.67,211.51,207.89,209.7,62953381.0,510087312.0,0.006170644534974994,False,600048,保利发展
2025-07-01,209.96,210.22,206.85,207.63,91430793.0,733977318.0,-0.009920288385992515,False,600048,保利发展
2025-07-02,207.89,209.7,207.11,209.18,82613610.0,664183338.0,0.007437475804240445,False,600048,保利发展
2025-07-03,209.44,211.51,208.93,209.96,82263441.0,667637251.0,0.003721911057976905,False,600048,保利发展
2025-07-04,209.7,210.48,208.67,208.93,83667605.0,676800580.0,-0.004917768749939549,False,600048,保利发展
2025-07-07,208.41,212.29,208.15,211.26,118421200.0,966502694.0,0.011090334760856609,False,600048,保利发展
2025-07-08,211.0,213.07,210.22,212.81,94873807.0,776945185.0,0.007310146449564275,False,600048,保利发展
2025-07-09,212.55,213.85,210.74,211.0,129853810.0,1063609993.0,-0.008541615368513784,False,600048,保利发展
2025-07-10,211.0,218.25,210.74,215.92,225925590.0,1873291123.0,0.023049835233682717,False,600048,保利发展
2025-07-11,215.92,216.95,213.85,213.85,144120627.0,1199874014.0,-0.009633134036831564,False,600048,保利发展
2025-07-14,213.59,214.88,210.48,210.74,140926898.0,1152182597.0,-0.014649688501536055,False,600048,保利发展
2025-07-15,209.96,210.48,205.82,207.37,172667019.0,1383517601.0,-0.016120508861632545,False,600048,保利发展
2025-07-16,206.85,208.15,205.82,206.6,91855387.0,733824825.0,-0.003720080624210881,False,600048,保利发展
2025-07-17,206.6,207.37,205.82,206.85,66262787.0,528381237.0,0.0012093362218822965,False,600048,保利发展
2025-07-18,207.11,207.63,206.6,207.63,74775872.0,598139851.0,0.0037637566144611127,False,600048,保利发展
2025-07-21,207.63,208.67,207.11,208.41,98304955.0,789929794.0,0.003749643851017588,False,600048,保利发展
2025-07-22,208.67,212.81,206.85,212.29,201934509.0,1638378033.0,0.01844597107101132,False,600048,保利发展
2025-07-23,212.29,216.18,211.51,212.29,196546305.0,1622514845.0,0.0,False,600048,保利发展
2025-07-24,211.77,216.95,211.77,215.92,216083409.0,1797715393.0,0.01695470426583863,False,600048,保利发展
2025-07-25,215.66,219.28,214.88,216.95,180213331.0,1513151349.0,0.004758943534610474,False,600048,保利发展
2025-07-28,216.95,221.35,213.59,219.8,189697254.0,1600891638.0,0.01305112972516139,False,600048,保利发展
2025-07-29,219.54,220.32,216.69,217.99,133682997.0,1125164627.0,-0.008268851792197178,False,600048,保利发展
2025-07-30,217.47,220.58,215.14,215.4,165038835.0,1388216744.0,-0.011952425455035644,False,600048,保利发展
2025-07-31,214.36,215.14,205.82,206.6,286959825.0,2313289352.0,-0.04171220803675003,False,600048,保利发展
2025-08-01,206.34,207.37,205.04,205.82,111441292.0,887515936.0,-0.003782556277592571,False,600048,保利发展
2025-08-04,206.85,206.85,205.3,206.85,89911883.0,715582790.0,0.004991892499474787,False,600048,保利发展
2025-08-05,206.85,208.41,206.34,208.15,100854527.0,808491637.0,0.006265080733563911,False,600048,保利发展
2025-08-06,207.89,207.89,206.34,207.37,79003224.0,631882164.0,-0.0037543363312354163,False,600048,保利发展
2025-08-07,207.11,208.41,205.82,208.15,113334525.0,906715506.0,0.0037543363312355243,False,600048,保利发展
2025-08-08,207.63,208.15,206.6,207.37,74432362.0,595825074.0,-0.0037543363312354163,False,600048,保利发展
2025-08-11,208.15,209.44,207.89,207.89,112944649.0,909883516.0,0.0025044563492737488,False,600048,保利发展
2025-08-12,207.89,208.93,207.37,207.63,97401443.0,782492933.0,-0.001251444137141089,False,600048,保利发展
2025-08-13,208.15,208.41,206.6,207.11,107251058.0,858448526.0,-0.0025075964338220624,False,600048,保利发展
2025-08-14,207.37,210.48,206.85,207.37,192971875.0,1553063263.0,0.0012545842216894366,False,600048,保利发展
2025-08-15,207.37,212.03,206.85,211.0,263836630.0,2146463323.0,0.017353496166317386,False,600048,保利发展
2025-08-18,211.26,211.77,207.89,207.89,224015573.0,1810093423.0,-0.014849039817043773,False,600048,保利发展
2025-08-19,208.67,210.22,206.6,206.85,266059421.0,2141878970.0,-0.005015200751602225,False,600048,保利发展
2025-08-20,207.08,209.72,205.49,208.14,172426623.0,1352321102.0,0.006217037302292753,False,600048,保利发展
2025-08-21,208.4,211.05,207.61,209.72,175059733.0,1387634926.0,0.0075623774946187924,False,600048,保利发展
2025-08-22,209.46,210.78,208.14,210.52,140611753.0,1112227441.0,0.0038073527812462218,False,600048,保利发展
2025-08-25,211.58,226.12,211.31,219.51,524658268.0,4361891882.0,0.0418171290784699,False,600048,保利发展
2025-08-26,218.45,218.72,216.34,217.39,187156670.0,1539192641.0,-0.009704814094960613,False,600048,保利发展
2025-08-27,216.87,217.39,210.78,211.05,261176653.0,2112402548.0,-0.029597903240579745,False,600048,保利发展
2025-08-28,211.31,212.63,207.87,210.52,200020991.0,1591961393.0,-0.002514411742929513,False,600048,保利发展
2025-08-29,212.9,214.22,209.46,210.52,307803522.0,2461717798.0,0.0,False,600048,保利发展
2025-09-01,210.52,211.84,207.87,208.67,256017481.0,2024778429.0,-0.00882660374028496,False,600048,保利发展
2025-09-02,208.14,209.2,205.49,206.82,221099231.0,1729956248.0,-0.008905206988464353,False,600048,保利发展
2025-09-03,207.08,207.61,203.11,204.44,176382386.0,1366476149.0,-0.0115743158567502,False,600048,保利发展
2025-09-04,204.17,205.23,203.11,204.17,128539301.0,992925159.0,-0.0013215537519706104,False,600048,保利发展
2025-09-05,204.17,204.96,203.38,204.7,136911327.0,1057441297.0,0.0025925125191355036,False,600048,保利发展
2025-09-08,205.76,207.08,204.44,205.23,236123083.0,1836259500.0,0.002585808773772557,False,600048,保利发展
2025-09-09,205.76,208.67,204.96,208.4,284201696.0,2227984950.0,0.015328008438195543,False,600048,保利发展
2025-09-10,207.61,207.61,206.02,207.08,145072006.0,1133674957.0,-0.006354117845511247,False,600048,保利发展
2025-09-11,206.29,206.82,204.96,206.82,159568744.0,1241479498.0,-0.0012563422768716818,False,600048,保利发展
2025-09-12,207.08,211.58,207.08,208.14,292658891.0,2306743161.0,0.0063620804528843194,False,600048,保利发展
2025-09-15,207.87,210.78,206.55,210.52,247235797.0,1947498645.0,0.011369730275865008,False,600048,保利发展
2025-09-16,209.99,211.84,208.4,211.05,190679653.0,1514354510.0,0.002514411742929451,False,600048,保利发展
2025-09-17,210.52,212.37,208.93,211.58,203985378.0,1624688631.0,0.00250810533012083,False,600048,保利发展
2025-09-18,210.25,210.52,204.44,205.23,260694783.0,2046922099.0,-0.030471876117612335,False,600048,保利发展
2025-09-19,205.49,210.25,203.38,209.72,261128175.0,2042664011.0,0.02164200626331581,False,600048,保利发展
2025-09-22,207.87,208.67,205.76,206.82,174040579.0,1360476419.0,-0.013924457947503084,False,600048,保利发展
2025-09-23,205.23,205.76,200.47,201.53,194020300.0,1483754652.0,-0.02591059607743112,False,600048,保利发展
2025-09-24,200.47,205.76,200.2,202.58,146177628.0,1123611697.0,0.005196616579253358,False,600048,保利发展
2025-09-25,202.05,203.38,200.73,202.58,142392293.0,1086918516.0,0.0,False,600048,保利发展
2025-09-26,201.79,208.93,201.53,204.17,215922863.0,1676766902.0,0.007818109889457,False,600048,保利发展
2025-09-29,203.64,205.76,201.26,204.17,162946345.0,1250500543.0,0.0,False,600048,保利发展
2025-09-30,203.64,208.4,203.38,207.87,250893219.0,1964866940.0,0.017959904159291468,False,600048,保利发展
2025-10-09,206.82,208.67,201.53,208.4,274502587.0,2122546022.0,0.002546425571812229,False,600048,保利发展
2025-10-10,206.02,211.58,205.76,209.72,232527851.0,1838888495.0,0.0063139978251200695,False,600048,保利发展
2025-10-13,205.76,210.52,203.91,208.67,238758212.0,1873259662.0,-0.005019250959038713,False,600048,保利发展
2025-10-14,208.4,211.31,207.34,208.4,188776577.0,1492899090.0,-0.001294746866081424,False,600048,保利发展
2025-10-15,207.87,209.46,205.76,208.14,137128713.0,1075586575.0,-0.001248379669498623,False,600048,保利发展
2025-10-16,207.34,208.14,205.49,206.82,131681820.0,1029567464.0,-0.006362080452884269,False,600048,保利发展
2025-10-17,206.55,209.2,204.7,204.96,179760804.0,1408988197.0,-0.009034011608404774,False,600048,保利发展
2025-10-20,205.76,206.29,203.38,203.91,118655815.0,918295755.0,-0.005136118121767622,False,600048,保利发展
2025-10-21,203.91,205.49,203.11,204.17,128550186.0,993734938.0,0.0012742601214516254,False,600048,保利发展
2025-10-22,202.05,203.91,199.94,200.47,251663627.0,1917879433.0,-0.018288370531723337,False,600048,保利发展
2025-10-23,200.47,200.73,196.77,198.62,161392323.0,1210242321.0,-0.009271158141172277,False,600048,保利发展
2025-10-24,198.35,198.88,197.56,198.09,86630223.0,649084038.0,-0.002671978600622866,False,600048,保利发展
2025-10-27,198.35,198.62,197.56,197.82,105048850.0,786538404.0,-0.0013639465628950723,False,600048,保利发展
2025-10-28,197.82,198.09,195.97,196.24,116844651.0,869694698.0,-0.008019126361460736,False,600048,保利发展
2025-10-29,196.24,196.77,194.65,196.77,116082370.0,859315354.0,0.0026971340235199437,False,600048,保利发展
2025-10-30,196.24,196.77,193.59,193.86,154201400.0,1137811237.0,-0.014899284909291896,False,600048,保利发展
2025-10-31,193.86,194.39,193.33,193.86,92004060.0,674600073.0,0.0,False,600048,保利发展
2025-11-03,194.39,194.39,192.27,193.06,90224231.0,659008539.0,-0.004135227643992834,False,600048,保利发展
2025-11-04,192.53,192.8,190.15,190.68,141893065.0,1025493849.0,-0.01240439108384414,False,600048,保利发展
2025-11-05,189.1,190.68,188.57,189.89,81714927.0,586881154.0,-0.004151673199299574,False,600048,保利发展
2025-11-06,189.36,190.15,189.1,189.62,84661262.0,606899806.0,-0.0014228876475122472,False,600048,保利发展
2025-11-07,189.1,191.21,189.1,189.89,82669344.0,594405798.0,0.0014228876475121893,False,600048,保利发展
2025-11-10,190.68,192.53,190.15,192.27,123597163.0,894924600.0,0.012455677046919864,False,600048,保利发展
2025-11-11,192.53,193.59,191.74,192.8,102921703.0,749519195.0,0.002752747992200025,False,600048,保利发展
2025-11-12,193.06,193.33,192.0,192.27,79832772.0,581156580.0,-0.0027527479922000633,False,600048,保利发展
2025-11-13,192.0,192.8,190.68,192.53,83074570.0,602462403.0,0.0013513515569989558,False,600048,保利发展
2025-11-14,192.0,193.33,191.74,191.74,101066144.0,736370176.0,-0.004111698092393576,False,600048,保利发展
2025-11-17,191.48,192.27,191.21,191.74,72601260.0,526164182.0,0.0,False,600048,保利发展
2025-11-18,191.48,191.74,187.24,187.24,155128810.0,1107177403.0,-0.02374907121698068,False,600048,保利发展
2025-11-19,187.24,187.51,183.28,183.81,151027509.0,1055118235.0,-0.018488601026196972,False,600048,保利发展
2025-11-20,183.81,189.89,181.43,186.98,248897336.0,1750588532.0,0.01709904385749673,False,600048,保利发展
2025-11-21,184.86,186.98,183.28,183.28,126738095.0,887232561.0,-0.019986621117929513,False,600048,保利发展
2025-11-24,183.28,186.72,183.28,185.13,109507754.0,767192206.0,0.010043242855845033,False,600048,保利发展
2025-11-25,184.86,185.92,183.81,184.6,84410192.0,589952818.0,-0.002866958932333414,False,600048,保利发展
2025-11-26,184.6,184.86,181.69,181.69,106039305.0,733048274.0,-0.015889383954402585,False,600048,保利发展
2025-11-27,179.05,180.63,176.14,179.05,129022053.0,872132021.0,-0.01463684166990739,False,600048,保利发展
2025-11-28,178.52,179.31,176.67,178.78,98394984.0,661796940.0,-0.001509096784735179,False,600048,保利发展
2025-12-01,177.72,178.52,174.81,175.08,169290928.0,1128383182.0,-0.020912987337011874,False,600048,保利发展
2025-12-02,175.08,175.87,174.02,174.29,95153412.0,629087563.0,-0.004522433789104463,False,600048,保利发展
2025-12-03,174.29,174.81,170.58,170.85,139391720.0,906474818.0,-0.019934599972289434,False,600048,保利发展
2025-12-04,170.85,174.29,170.58,171.38,114628874.0,746108186.0,0.0030973346796718676,False,600048,保利发展
2025-12-05,170.85,172.96,168.73,172.7,166957678.0,1076248859.0,0.007672671911660186,False,600048,保利发展
2025-12-08,171.64,173.76,171.64,172.17,103998342.0,678953539.0,-0.0030736243642519863,False,600048,保利发展
2025-12-09,171.64,171.91,167.67,167.94,144994040.0,926717510.0,-0.024875588032963723,False,600048,保利发展
2025-12-10,167.67,180.37,166.09,176.67,299773707.0,1973751184.0,0.050676812869171896,False,600048,保利发展
2025-12-11,174.02,174.02,169.53,169.79,189509622.0,1227697245.0,-0.039721206296668636,False,600048,保利发展
2025-12-12,170.85,172.7,169.26,169.79,161917428.0,1043300489.0,0.0,False,600048,保利发展
2025-12-15,167.14,168.73,165.56,165.82,163874913.0,1035072474.0,-0.023659516639847836,False,600048,保利发展
2025-12-16,165.82,167.94,165.29,166.09,125496127.0,789640472.0,0.0016269474228348913,False,600048,保利发展
2025-12-17,165.82,166.88,163.71,166.09,120152970.0,752046921.0,0.0,False,600048,保利发展
2025-12-18,165.29,166.35,164.76,165.29,94118234.0,588792044.0,-0.004828303181645531,False,600048,保利发展
2025-12-19,165.03,167.94,164.76,167.41,134527857.0,848818943.0,0.012744386498431431,False,600048,保利发展
2025-12-22,166.88,168.47,165.82,167.67,106653695.0,675016678.0,0.0015518685220229434,False,600048,保利发展
2025-12-23,166.88,167.14,165.56,165.82,81466117.0,512092331.0,-0.011094899261643826,False,600048,保利发展
2025-12-24,165.82,166.62,164.76,165.56,105848211.0,662309922.0,-0.0015691958075409636,False,600048,保利发展
2025-12-25,166.09,166.88,165.03,166.09,65935549.0,413660865.0,0.0031961432303757235,False,600048,保利发展
2025-12-26,165.56,166.62,165.29,165.56,71982286.0,451612415.0,-0.0031961432303758523,False,600048,保利发展
2025-12-29,165.56,166.35,163.44,163.71,120408077.0,749895043.0,-0.011237097014281347,False,600048,保利发展
2025-12-30,163.44,163.44,161.06,161.06,114675553.0,702301242.0,-0.016319603498851493,False,600048,保利发展
2025-12-31,162.12,162.65,160.8,161.33,82620724.0,504717620.0,0.0016749903106537188,False,600048,保利发展
2026-01-05,161.59,168.73,161.33,167.14,251858719.0,1579586260.0,0.03537982789523747,False,600048,保利发展
2026-01-06,166.62,173.23,166.09,171.38,248151525.0,1596927903.0,0.02505152866768262,False,600048,保利发展
2026-01-07,171.11,172.17,168.73,169.0,142852922.0,917309736.0,-0.013984598317899232,False,600048,保利发展
2026-01-08,168.73,175.61,167.67,174.29,225580415.0,1470872945.0,0.03082186361051675,False,600048,保利发展
2026-01-09,173.76,175.34,171.64,173.76,171997221.0,1127780590.0,-0.003045541788019653,False,600048,保利发展
2026-01-12,172.43,174.02,171.64,172.17,149782242.0,977158417.0,-0.009192675957189785,False,600048,保利发展
2026-01-13,172.17,174.81,170.85,171.11,169011206.0,1103625600.0,-0.006175736244501673,False,600048,保利发展
2026-01-14,170.58,172.7,165.82,166.35,254157348.0,1624106651.0,-0.02821262207939342,False,600048,保利发展
2026-01-15,167.41,172.43,167.14,169.0,222547330.0,1428050236.0,0.015804712458587795,False,600048,保利发展
2026-01-16,169.79,170.32,164.24,164.76,195001296.0,1226299919.0,-0.025408845355193558,False,600048,保利发展
2026-01-19,164.24,166.62,162.91,165.56,120088421.0,749249139.0,0.004843797312651774,False,600048,保利发展
2026-01-20,166.35,176.67,166.09,172.7,420305377.0,2756034671.0,0.04222231827210125,False,600048,保利发展
2026-01-21,172.17,173.76,170.05,171.91,210906391.0,1371746058.0,-0.004584901099230688,False,600048,保利发展
2026-01-22,172.17,175.87,169.79,174.02,520200411.0,3393722712.0,0.012199151084476239,False,600048,保利发展
2026-01-23,173.49,178.25,172.17,177.46,368266073.0,2437335178.0,0.019574996269313322,False,600048,保利发展
2026-01-26,176.14,178.78,175.08,175.87,240396199.0,1606299222.0,-0.009000145658918915,False,600048,保利发展
2026-01-27,176.14,177.19,172.96,174.55,193873529.0,1282778736.0,-0.007533852197227734,False,600048,保利发展
2026-01-28,176.14,182.48,175.61,179.84,358121802.0,2426028483.0,0.02985633315428114,False,600048,保利发展
2026-01-29,179.57,190.42,178.78,188.04,438362691.0,3083283161.0,0.044587139450603386,False,600048,保利发展
2026-01-30,186.45,187.24,179.57,180.1,321733736.0,2216078946.0,-0.04314245397401942,False,600048,保利发展
2026-02-02,177.19,181.69,175.08,175.34,222322400.0,1497614631.0,-0.0267853060214708,False,600048,保利发展
2026-02-03,177.19,180.1,176.4,179.84,167439385.0,1130301210.0,0.025340620544886786,False,600048,保利发展
2026-02-04,178.78,190.95,178.52,190.15,397289994.0,2804791359.0,0.05574566766894245,False,600048,保利发展
2026-02-05,188.83,191.74,188.04,189.62,190935006.0,1369370910.0,-0.0027911648844556156,False,600048,保利发展
2026-02-06,188.04,189.1,184.34,184.6,190975679.0,1343626748.0,-0.026830747421061313,False,600048,保利发展
2026-02-09,185.39,192.8,184.86,187.24,233919168.0,1670548992.0,0.01419989436311809,False,600048,保利发展
2026-02-10,186.72,187.24,181.96,182.22,184071088.0,1276486361.0,-0.027176468146157443,False,600048,保利发展
2026-02-11,181.69,183.01,180.37,181.96,97494623.0,670007887.0,-0.0014278655839089726,False,600048,保利发展
2026-02-12,182.22,184.34,180.1,180.1,106589667.0,731489687.0,-0.01027463051989307,False,600048,保利发展
2026-02-13,180.63,181.16,177.46,178.25,114321623.0,774050918.0,-0.010325192887505068,False,600048,保利发展
2026-02-24,178.52,180.37,177.46,179.57,109356222.0,741073558.0,0.00737804475940116,False,600048,保利发展
2026-02-25,179.84,188.04,179.84,184.07,247466030.0,1730941652.0,0.02475101599082418,False,600048,保利发展
2026-02-26,183.28,183.81,178.25,179.05,184826675.0,1259499353.0,-0.02765102360018885,False,600048,保利发展
2026-02-27,179.05,180.37,178.25,179.84,87067521.0,590690176.0,0.004402470260884544,False,600048,保利发展
2026-03-02,177.72,182.48,177.19,179.57,151949718.0,1035661036.0,-0.001502462651519851,False,600048,保利发展
2026-03-03,179.31,180.9,176.4,176.67,144782030.0,974183649.0,-0.016281518429217455,False,600048,保利发展
2026-03-04,176.14,177.19,172.43,174.29,169397856.0,1117473790.0,-0.013563007090998835,False,600048,保利发展
2026-03-05,175.87,176.67,172.96,173.76,106723059.0,703471517.0,-0.003045541788019653,False,600048,保利发展
2026-03-06,173.23,174.02,169.53,172.7,154413258.0,1005230959.0,-0.006119051592937663,False,600048,保利发展
2026-03-09,169.79,170.32,166.09,167.94,174962443.0,1108174160.0,-0.02794921239721571,False,600048,保利发展
2026-03-10,168.73,169.26,166.88,167.94,99120331.0,629118587.0,0.0,False,600048,保利发展
2026-03-11,167.67,170.05,167.14,169.0,95373043.0,608447734.0,0.0062919421676563,False,600048,保利发展
2026-03-12,168.73,170.58,167.94,169.0,109730924.0,702304038.0,0.0,False,600048,保利发展
2026-03-13,170.05,175.87,170.05,170.85,205645825.0,1346676693.0,0.010887263638227344,False,600048,保利发展
2026-03-16,171.91,174.81,170.58,170.85,125586917.0,817518807.0,0.0,False,600048,保利发展
2026-03-17,171.38,175.61,171.11,171.91,184780561.0,1213785657.0,0.006185105492101232,False,600048,保利发展
2026-03-18,171.91,172.17,167.67,168.2,138933839.0,886523734.0,-0.021817336514554565,False,600048,保利发展
2026-03-19,166.88,167.94,164.5,165.03,102131709.0,640194109.0,-0.019026471983371252,False,600048,保利发展
2026-03-20,165.29,166.09,162.91,162.91,77075252.0,478313581.0,-0.012929374477398493,False,600048,保利发展
2026-03-23,161.59,161.59,156.04,156.57,154343392.0,927657965.0,-0.03969470675464648,False,600048,保利发展
2026-03-24,157.89,158.68,155.51,157.89,97085144.0,576370225.0,0.0083953937103656,False,600048,保利发展
2026-03-25,157.89,159.48,157.36,158.95,90829309.0,545002929.0,0.00669109932301455,False,600048,保利发展
2026-03-26,158.95,159.48,155.51,155.51,82054257.0,488226456.0,-0.02187964912356543,False,600048,保利发展
2026-03-27,154.19,156.04,153.66,155.77,67267070.0,394767571.0,0.001670522105268405,False,600048,保利发展
2026-03-30,153.92,154.98,152.6,154.45,75140683.0,437396134.0,-0.008510140973923927,False,600048,保利发展
2026-03-31,154.71,156.83,153.13,153.92,82156948.0,481561661.0,-0.0034374324471943855,False,600048,保利发展
2026-04-01,155.51,156.3,154.19,155.77,69500465.0,408321920.0,0.011947573421118202,False,600048,保利发展
2026-04-02,155.24,155.24,150.22,150.75,125861948.0,724782458.0,-0.03275772473121979,False,600048,保利发展
2026-04-03,151.01,151.54,145.46,145.72,123636393.0,689648535.0,-0.03393586346693173,False,600048,保利发展
2026-04-07,145.72,146.78,144.66,145.46,66534437.0,366014415.0,-0.0017858374139682921,False,600048,保利发展
2026-04-08,147.84,150.75,147.84,150.75,112129864.0,632413781.0,0.03572170088090005,False,600048,保利发展
2026-04-09,149.43,149.69,146.25,147.31,108841016.0,606845052.0,-0.02308362578044787,False,600048,保利发展
2026-04-10,147.57,149.43,147.31,148.1,83815448.0,470684666.0,0.005348511446906109,False,600048,保利发展
2026-04-13,146.78,152.6,146.52,151.54,146171562.0,830337286.0,0.022961895229474314,False,600048,保利发展
2026-04-14,152.86,157.62,151.81,157.36,178158601.0,1043629552.0,0.03768655757757647,False,600048,保利发展
2026-04-15,157.36,161.06,154.98,157.09,149630133.0,892479944.0,-0.0017172845689553003,False,600048,保利发展
2026-04-16,156.83,159.48,156.3,157.89,70092281.0,418603216.0,0.00507969852194883,False,600048,保利发展
2026-04-17,158.15,162.91,157.62,160.53,141425564.0,858050051.0,0.01658225295752567,False,600048,保利发展
2026-04-20,160.27,160.27,155.51,157.09,110657910.0,656636027.0,-0.021661951479474594,False,600048,保利发展
2026-04-21,156.83,158.68,156.3,157.89,71136104.0,423906282.0,0.00507969852194883,False,600048,保利发展
2026-04-22,157.09,158.68,156.04,156.83,67225501.0,399281667.0,-0.00673617188746379,False,600048,保利发展
2026-04-23,156.83,156.83,154.71,155.24,64080571.0,377394165.0,-0.010190109645627757,False,600048,保利发展
2026-04-24,154.45,154.98,150.48,151.81,101028485.0,581036521.0,-0.02234256755608188,False,600048,保利发展
2026-04-27,152.07,153.39,151.01,152.86,68359812.0,393316188.0,0.0068927308701143926,False,600048,保利发展
2026-04-28,154.98,161.06,154.71,159.48,214819991.0,1292014482.0,0.042396052698416106,False,600048,保利发展
2026-04-29,158.42,163.18,158.42,162.38,150412225.0,920405067.0,0.018020744921146116,False,600048,保利发展
2026-04-30,161.59,163.97,159.74,162.38,117567446.0,723230444.0,0.0,False,600048,保利发展
2026-05-06,163.71,171.38,162.91,169.26,232720458.0,1467785582.0,0.041496726807659444,False,600048,保利发展
2026-05-07,169.26,170.58,167.94,169.26,136794202.0,875567589.0,0.0,False,600048,保利发展
2026-05-08,168.73,171.91,167.41,170.05,135449192.0,868601267.0,0.004656517211244627,False,600048,保利发展
2026-05-11,170.05,181.43,169.26,175.61,324231402.0,2163453479.0,0.03217311573455873,False,600048,保利发展
2026-05-12,175.61,177.72,173.23,175.08,220667845.0,1461815283.0,-0.003022614865068729,False,600048,保利发展
2026-05-13,174.02,174.29,170.32,172.17,166734007.0,1086552444.0,-0.016760651534313862,False,600048,保利发展
2026-05-14,173.49,174.29,166.35,167.14,132724967.0,848715142.0,-0.029650576215090787,False,600048,保利发展
2026-05-15,167.14,167.67,162.91,164.24,98413697.0,614863091.0,-0.017503011862611877,False,600048,保利发展
2026-05-18,163.71,163.97,158.68,160.0,136196748.0,825805443.0,-0.026154957476851315,False,600048,保利发展
2026-05-19,160.0,163.97,160.0,163.18,107233168.0,659172257.0,0.019680070766827304,False,600048,保利发展
2026-05-20,162.65,162.91,158.95,160.8,82137423.0,498153531.0,-0.014692529255788078,False,600048,保利发展
2026-05-21,161.06,162.65,154.71,155.24,131829129.0,788290037.0,-0.035189050244160455,False,600048,保利发展
2026-05-22,156.04,156.3,153.39,153.92,93367022.0,545539216.0,-0.008539319583309347,False,600048,保利发展
2020-01-02,957.69,982.28,940.87,973.22,75930675.0,2840896082.0,,False,002475,立讯精密
2020-01-03,978.4,997.81,960.28,964.68,53434715.0,2013648745.0,-0.00881372133071203,False,002475,立讯精密
2020-01-06,957.69,1002.99,952.52,986.16,74744666.0,2847963488.0,0.02202217311539415,False,002475,立讯精密
2020-01-07,986.94,997.04,973.22,991.34,43944958.0,1671789012.0,0.005238950035677334,False,002475,立讯精密
2020-01-08,975.81,990.05,965.72,967.01,43755087.0,1649761302.0,-0.02484872661748343,False,002475,立讯精密
2020-01-09,972.7,1042.85,972.7,1034.31,88643927.0,3474672205.0,0.06728098005030785,False,002475,立讯精密
2020-01-10,1043.88,1050.36,1024.21,1028.35,53165460.0,2126307360.0,-0.005778961716297165,False,002475,立讯精密
2020-01-13,1035.08,1084.52,1019.81,1073.65,67372375.0,2750553113.0,0.04310848241767282,False,002475,立讯精密
2020-01-14,1086.85,1117.65,1076.5,1082.71,56472980.0,2379000336.0,0.008403099029895254,False,002475,立讯精密
2020-01-15,1081.93,1131.11,1073.91,1131.11,54516841.0,2318952839.0,0.043732294006504004,False,002475,立讯精密
2020-01-16,1112.99,1120.76,1099.02,1107.82,70486390.0,3018191667.0,-0.02080533121318015,False,002475,立讯精密
2020-01-17,1105.75,1116.62,1073.91,1084.52,66854830.0,2831071596.0,-0.021256627461284417,False,002475,立讯精密
2020-01-20,1082.19,1146.12,1082.19,1128.52,75604781.0,3296515631.0,0.03976954696614366,False,002475,立讯精密
2020-01-21,1125.94,1146.64,1115.58,1141.98,53139568.0,2327388187.0,0.011856558186528032,False,002475,立讯精密
2020-01-22,1125.94,1230.25,1104.71,1221.71,69512111.0,3121117788.0,0.06748791876431089,False,002475,立讯精密
2020-01-23,1190.64,1213.16,1141.47,1168.64,76007749.0,3457704680.0,-0.04441083716556419,False,002475,立讯精密
2020-02-03,1051.91,1103.68,1051.91,1053.46,118427927.0,4878573721.0,-0.10376069467892142,False,002475,立讯精密
2020-02-04,1076.24,1153.37,1074.43,1153.37,106587544.0,4591291646.0,0.09060810693824967,False,002475,立讯精密
2020-02-05,1143.54,1216.01,1138.88,1154.67,95085961.0,4316523326.0,0.0011264970602543245,False,002475,立讯精密
2020-02-06,1146.64,1171.23,1116.88,1152.6,83235175.0,3665773840.0,-0.0017943288435110772,False,002475,立讯精密
2020-02-07,1136.29,1136.29,1089.7,1107.3,109728975.0,4702691453.0,-0.04009564029850332,False,002475,立讯精密
2020-02-10,1074.69,1121.79,1065.89,1118.69,79636392.0,3370483356.0,0.010233738161877674,False,002475,立讯精密
2020-02-11,1112.99,1199.45,1107.82,1177.7,107309437.0,4803567238.0,0.0514050259815627,False,002475,立讯精密
2020-02-12,1164.76,1176.15,1148.2,1167.35,73276297.0,3285217324.0,-0.008827161216056286,False,002475,立讯精密
2020-02-13,1164.76,1177.7,1138.88,1141.47,64339059.0,2872868682.0,-0.022419317215888915,False,002475,立讯精密
2020-02-14,1129.56,1172.53,1129.56,1148.2,57153816.0,2551116065.0,0.005878593317978917,False,002475,立讯精密
2020-02-17,1150.53,1196.34,1150.01,1194.79,84544025.0,3844669788.0,0.03977493897178595,False,002475,立讯精密
2020-02-18,1190.64,1193.49,1154.41,1186.76,90573726.0,4110283542.0,-0.006743532934844311,False,002475,立讯精密
2020-02-19,1168.64,1229.99,1160.88,1192.72,91199887.0,4229369375.0,0.005009508349665689,False,002475,立讯精密
2020-02-20,1215.23,1298.06,1215.23,1286.41,116017144.0,5641463119.0,0.07561897990618449,False,002475,立讯精密
2020-02-21,1265.71,1328.6,1260.01,1303.24,81722894.0,4123627846.0,0.012998078467568371,False,002475,立讯精密
2020-02-24,1294.44,1336.37,1269.59,1320.06,77649894.0,3913780283.0,0.012823718598947894,False,002475,立讯精密
2020-02-25,1280.46,1332.49,1254.06,1321.1,93691461.0,4692685351.0,0.0007875327914639082,False,002475,立讯精密
2020-02-26,1289.52,1297.29,1216.79,1232.32,96056528.0,4683381282.0,-0.06956615125776427,False,002475,立讯精密
2020-02-27,1232.32,1261.05,1201.77,1210.32,75894737.0,3590902254.0,-0.018013784189964556,False,002475,立讯精密
2020-02-28,1210.32,1278.65,1206.17,1237.24,166878356.0,7993261447.0,0.02199830492185562,False,002475,立讯精密
2020-03-02,1242.67,1281.24,1191.16,1257.68,132561082.0,6322187428.0,0.016385661524823403,False,002475,立讯精密
2020-03-03,1295.47,1309.71,1224.81,1245.0,104822069.0,5159042660.0,-0.010133223984450565,False,002475,立讯精密
2020-03-04,1237.24,1251.73,1157.0,1185.99,123317275.0,5706942417.0,-0.04855766107988825,False,002475,立讯精密
2020-03-05,1206.95,1220.15,1146.9,1177.19,100589390.0,4572694593.0,-0.007447626228947803,False,002475,立讯精密
2020-03-06,1159.58,1199.45,1148.45,1179.26,68579843.0,3132507444.0,0.0017568805045244662,False,002475,立讯精密
2020-03-09,1145.35,1162.43,1093.58,1099.53,102180662.0,4445537254.0,-0.07000430734230868,False,002475,立讯精密
2020-03-10,1090.48,1180.03,1090.48,1169.16,113804576.0,5019806882.0,0.06140272647306244,False,002475,立讯精密
2020-03-11,1182.62,1186.76,1138.1,1138.1,73396728.0,3287281828.0,-0.02692533693740616,False,002475,立讯精密
2020-03-12,1097.72,1140.95,1090.99,1118.95,65160983.0,2803008754.0,-0.016969459726680194,False,002475,立讯精密
2020-03-13,1039.23,1150.27,1038.19,1111.96,84716252.0,3591388085.0,-0.0062665216206375845,False,002475,立讯精密
2020-03-16,1105.23,1107.3,1000.66,1000.66,140245080.0,5604992958.0,-0.10546444166260456,False,002475,立讯精密
2020-03-17,1014.64,1034.05,920.16,974.78,127680985.0,4801212353.0,-0.026203256766481768,False,002475,立讯精密
2020-03-18,986.16,1029.39,962.87,968.56,96942397.0,3746109962.0,-0.006401372111955076,False,002475,立讯精密
2020-03-19,962.87,985.65,922.23,962.35,122372893.0,4514530637.0,-0.006432222538351959,False,002475,立讯精密
2020-03-20,979.18,999.11,957.69,989.27,105939645.0,4016192324.0,0.02758908753639902,False,002475,立讯精密
2020-03-23,935.17,952.52,890.4,890.4,131912404.0,4648531717.0,-0.10529649743619691,False,002475,立讯精密
2020-03-24,916.28,923.27,877.45,916.54,100100880.0,3506019338.0,0.028934910665003463,False,002475,立讯精密
2020-03-25,962.35,1008.17,961.58,1008.17,138861739.0,5333855069.0,0.09528637457867999,False,002475,立讯精密
2020-03-26,996.52,997.29,966.75,966.75,98615643.0,3745481436.0,-0.04195215471761192,False,002475,立讯精密
2020-03-27,992.64,992.64,938.28,958.99,91562107.0,3418452468.0,-0.008059283187010999,False,002475,立讯精密
2020-03-30,935.69,999.11,926.89,988.24,126031611.0,4674669410.0,0.030044935928162715,False,002475,立讯精密
2020-03-31,1006.61,1012.57,974.26,987.72,67709832.0,2592942704.0,-0.000526326456005389,False,002475,立讯精密
2020-04-01,983.58,1052.94,980.99,1010.75,98749066.0,3907435470.0,0.023048651748327216,False,002475,立讯精密
2020-04-02,1000.4,1093.84,999.62,1086.59,108765922.0,4418461571.0,0.07235172253560417,False,002475,立讯精密
2020-04-03,1066.4,1088.4,1045.7,1067.18,78930066.0,3238399650.0,-0.01802469670041811,False,002475,立讯精密
2020-04-07,1112.99,1112.99,1074.95,1091.25,82787045.0,3499129713.0,0.02230417279774566,False,002475,立讯精密
2020-04-08,1087.11,1131.11,1077.02,1097.21,84794442.0,3608645533.0,0.005446765976743197,False,002475,立讯精密
2020-04-09,1099.53,1104.19,1061.23,1067.44,61736275.0,2559817074.0,-0.027507335696389842,False,002475,立讯精密
2020-04-10,1061.23,1061.23,1015.41,1026.28,79258572.0,3155678454.0,-0.039322644451674583,False,002475,立讯精密
2020-04-13,1003.77,1025.77,987.46,1015.41,49685619.0,1928059248.0,-0.010648142182060108,False,002475,立讯精密
2020-04-14,1027.06,1068.47,1022.4,1068.47,75402476.0,3040083371.0,0.05093524682151472,False,002475,立讯精密
2020-04-15,1074.17,1097.72,1059.93,1068.22,73887758.0,3087871573.0,-0.0002340068059857307,False,002475,立讯精密
2020-04-16,1053.2,1074.17,1037.93,1068.47,39944602.0,1634617744.0,0.00023400680598564152,False,002475,立讯精密
2020-04-17,1107.3,1118.17,1082.19,1089.44,83756541.0,3566255679.0,0.0194360841127112,False,002475,立讯精密
2020-04-20,1083.75,1100.05,1078.83,1097.21,38679295.0,1627645888.0,0.007106791395898522,False,002475,立讯精密
2020-04-21,1087.11,1093.32,1042.59,1071.58,67074805.0,2760355189.0,-0.02363639931474794,False,002475,立讯精密
2020-04-22,1062.0,1085.04,1052.43,1083.23,40966083.0,1701197332.0,0.010813123675079991,False,002475,立讯精密
2020-04-23,1087.11,1092.29,1070.8,1072.87,37481139.0,1564768902.0,-0.009610017838523057,False,002475,立讯精密
2020-04-24,1070.54,1089.18,1055.27,1067.44,46693133.0,1939389595.0,-0.005074042218198817,False,002475,立讯精密
2020-04-27,1078.05,1089.7,1050.36,1086.33,43237485.0,1800329409.0,0.017541784304681396,False,002475,立讯精密
2020-04-28,1115.84,1193.49,1104.45,1177.7,139161756.0,6196235287.0,0.0807583411086561,False,002475,立讯精密
2020-04-29,1171.23,1195.3,1159.58,1193.23,59243852.0,2705976266.0,0.013100531951043418,False,002475,立讯精密
2020-04-30,1211.35,1247.59,1207.73,1224.55,77909328.0,3709652012.0,0.025909513753090592,False,002475,立讯精密
2020-05-06,1206.43,1237.75,1199.7,1229.73,79878962.0,3758204622.0,0.004221203523376084,False,002475,立讯精密
2020-05-07,1236.2,1251.73,1210.06,1213.16,51445554.0,2430485806.0,-0.013566107460247006,False,002475,立讯精密
2020-05-08,1221.71,1241.89,1203.85,1223.0,52044469.0,2461420528.0,0.008078331072406244,False,002475,立讯精密
2020-05-11,1236.98,1238.53,1196.08,1207.21,56251425.0,2633840809.0,-0.012994944636298219,False,002475,立讯精密
2020-05-12,1199.7,1239.31,1189.87,1233.61,63456064.0,2983318415.0,0.02163291808071709,False,002475,立讯精密
2020-05-13,1216.53,1294.18,1199.96,1279.94,103951522.0,5009538866.0,0.03686837168340457,False,002475,立讯精密
2020-05-14,1253.02,1286.41,1251.73,1263.38,57981839.0,2834110017.0,-0.013022532774888835,False,002475,立讯精密
2020-05-15,1264.41,1270.11,1246.55,1248.37,51771652.0,2512218857.0,-0.011951968691598036,False,002475,立讯精密
2020-05-18,1211.35,1215.23,1169.16,1175.89,112749400.0,5183530665.0,-0.059813392679799425,False,002475,立讯精密
2020-05-19,1198.41,1227.92,1196.6,1212.9,65965841.0,3085359368.0,0.030988878646125453,False,002475,立讯精密
2020-05-20,1221.45,1229.47,1187.02,1196.08,57643845.0,2676711001.0,-0.013964643409162654,False,002475,立讯精密
2020-05-21,1197.89,1216.01,1188.06,1190.64,46420030.0,2154952421.0,-0.004558565244769048,False,002475,立讯精密
2020-05-22,1184.95,1184.95,1147.42,1153.11,56359816.0,2531885060.0,-0.03202833764669912,False,002475,立讯精密
2020-05-25,1148.97,1156.48,1124.38,1142.24,45060246.0,1982493850.0,-0.009471393260053779,False,002475,立讯精密
2020-05-26,1159.33,1202.55,1153.89,1190.64,61709226.0,2821772088.0,0.04149973090675284,False,002475,立讯精密
2020-05-27,1182.88,1183.14,1144.05,1152.85,45131366.0,2024374238.0,-0.03225384025828104,False,002475,立讯精密
2020-05-28,1140.17,1156.74,1120.76,1150.53,43683376.0,1922743853.0,-0.0020144316478687085,False,002475,立讯精密
2020-05-29,1139.4,1174.6,1131.37,1151.82,38620822.0,1727895615.0,0.0011205942927799892,False,002475,立讯精密
2020-06-01,1185.47,1256.39,1185.47,1240.34,94917986.0,4500767480.0,0.07404223551575505,False,002475,立讯精密
2020-06-02,1242.15,1265.97,1238.53,1250.69,67123040.0,3252571657.0,0.008309863437100481,False,002475,立讯精密
2020-06-03,1260.53,1350.61,1242.67,1312.3,109109126.0,5506893346.0,0.048085923901851735,False,002475,立讯精密
2020-06-04,1322.13,1337.15,1288.48,1299.36,55682695.0,2806282598.0,-0.009909487368140268,False,002475,立讯精密
2020-06-05,1307.12,1352.68,1287.71,1342.06,68688029.0,3511388954.0,0.03233391138706305,False,002475,立讯精密
2020-06-08,1358.89,1401.34,1307.12,1324.2,75950810.0,3966688442.0,-0.013397243430418005,False,002475,立讯精密
2020-06-09,1322.91,1351.12,1308.67,1335.59,51437898.0,2647688048.0,0.008564638279085681,False,002475,立讯精密
2020-06-10,1348.53,1425.67,1348.53,1413.76,86711568.0,4671432001.0,0.05687968002186614,False,002475,立讯精密
2020-06-11,1414.28,1462.42,1399.27,1420.23,71357492.0,3936928032.0,0.004566008518573917,False,002475,立讯精密
2020-06-12,1390.21,1419.2,1388.65,1410.66,59273155.0,3209874674.0,-0.006761150349333559,False,002475,立讯精密
2020-06-15,1397.2,1428.77,1381.67,1382.18,49887257.0,2697687512.0,-0.020395717094338742,False,002475,立讯精密
2020-06-16,1419.2,1453.1,1403.15,1430.59,54308417.0,2994856462.0,0.034424983709158676,False,002475,立讯精密
2020-06-17,1447.65,1470.92,1406.84,1446.3,60004699.0,2560598494.0,0.01092162450392837,False,002475,立讯精密
2020-06-18,1446.64,1539.37,1439.89,1539.37,95637679.0,4256759354.0,0.06236467071838338,False,002475,立讯精密
2020-06-19,1530.94,1557.92,1517.79,1537.68,72509811.0,3313450629.0,-0.0010984547991938131,False,002475,立讯精密
2020-06-22,1537.68,1603.44,1537.68,1596.02,85677763.0,4003118390.0,0.03723824326068249,False,002475,立讯精密
2020-06-23,1618.61,1665.82,1580.17,1654.02,85798652.0,4119934839.0,0.03569565814939977,False,002475,立讯精密
2020-06-24,1653.35,1670.88,1614.57,1653.68,78128416.0,3807328550.0,-0.0002055809179776827,False,002475,立讯精密
2020-06-29,1625.36,1653.01,1604.45,1619.63,70723711.0,3408549587.0,-0.0208053794124033,False,002475,立讯精密
2020-06-30,1659.08,1740.01,1648.29,1731.58,90667612.0,4543470074.0,0.0668365584109963,False,002475,立讯精密
2020-07-01,1721.8,1743.38,1686.06,1743.38,77115015.0,3927911730.0,0.006791471185459059,False,002475,立讯精密
2020-07-02,1720.11,1754.17,1705.61,1729.56,73865749.0,3771686721.0,-0.007958716792020969,False,002475,立讯精密
2020-07-03,1720.79,1740.01,1652.33,1706.29,105831888.0,5299040147.0,-0.013545618001086685,False,002475,立讯精密
2020-07-06,1700.89,1796.66,1672.57,1777.44,130107810.0,6694354303.0,0.04085270395148738,False,002475,立讯精密
2020-07-07,1787.22,1906.93,1779.46,1844.54,122224699.0,6718833300.0,0.03705579706197052,False,002475,立讯精密
2020-07-08,1846.23,1897.49,1818.24,1881.64,91416204.0,5045022393.0,0.019913813086367645,False,002475,立讯精密
2020-07-09,1888.05,1949.75,1881.64,1898.16,96464664.0,5453848935.0,0.008741258897521142,False,002475,立讯精密
2020-07-10,1875.23,1937.95,1852.64,1894.12,76791743.0,4319566721.0,-0.002130645167734742,False,002475,立讯精密
2020-07-13,1896.81,2023.27,1896.81,2023.27,102229823.0,6000437019.0,0.06596066370129398,False,002475,立讯精密
2020-07-14,1989.55,2023.27,1938.96,1988.2,114188428.0,6698074019.0,-0.017485307634786035,False,002475,立讯精密
2020-07-15,2016.52,2061.03,1907.27,1914.35,122434026.0,7171518876.0,-0.03785156736866891,False,002475,立讯精密
2020-07-16,1939.3,1971.0,1776.09,1784.52,176749212.0,9724763411.0,-0.07022866792078337,False,002475,立讯精密
2020-07-17,1787.22,1880.29,1787.22,1860.06,127270914.0,6956297266.0,0.04145927376289024,False,002475,立讯精密
2020-07-20,1989.55,1989.55,1835.44,1877.93,179255498.0,10071444251.0,0.009561361126623261,False,002475,立讯精密
2020-07-21,1868.82,1905.24,1826.0,1888.38,112000728.0,6197864814.0,0.005549212261452692,False,002475,立讯精密
2020-07-22,1903.22,1971.0,1875.91,1932.56,121139831.0,6964505684.0,0.023126230205502276,False,002475,立讯精密
2020-07-23,1888.38,1955.82,1874.89,1934.92,135607608.0,7708565319.0,0.001220433094897307,False,002475,立讯精密
2020-07-24,1896.14,1909.63,1787.22,1790.59,146459776.0,7979749776.0,-0.0775208074757031,False,002475,立讯精密
2020-07-27,1798.35,1836.79,1753.5,1776.43,100671960.0,5358343868.0,-0.007939442100641935,False,002475,立讯精密
2020-07-28,1817.57,1900.52,1798.68,1886.7,128219096.0,7044410081.0,0.06022353885395384,False,002475,立讯精密
2020-07-29,1858.03,1948.07,1840.16,1944.02,120368284.0,6800951577.0,0.029928722815738742,False,002475,立讯精密
2020-07-30,1943.01,1951.78,1908.62,1908.62,71732044.0,4089209258.0,-0.018377526220009315,False,002475,立讯精密
2020-07-31,1947.73,2018.21,1939.64,1975.72,131455104.0,7722920913.0,0.034552421049207124,False,002475,立讯精密
2020-08-03,2019.22,2034.39,1953.13,1997.64,110737537.0,6529153514.0,0.011033594931415931,False,002475,立讯精密
2020-08-04,1968.98,1979.43,1905.92,1932.56,105041334.0,6040392425.0,-0.03312093494885871,False,002475,立讯精密
2020-08-05,1948.41,1958.52,1903.56,1928.17,60440155.0,3452526674.0,-0.0022741822878342096,False,002475,立讯精密
2020-08-06,1918.06,1925.48,1874.89,1896.48,67165768.0,3774932432.0,-0.016571830226036758,False,002475,立讯精密
2020-08-07,1912.66,1928.85,1777.1,1809.14,132635965.0,7214367264.0,-0.04714794210675087,False,002475,立讯精密
2020-08-10,1719.78,1791.27,1669.2,1768.0,123881375.0,6392250158.0,-0.023002630026850577,False,002475,立讯精密
2020-08-11,1753.5,1839.49,1753.5,1759.57,89390553.0,4770463339.0,-0.004779503197758592,False,002475,立讯精密
2020-08-12,1740.01,1803.74,1695.5,1793.96,102864066.0,5346700257.0,0.01935600582630394,False,002475,立讯精密
2020-08-13,1807.45,1814.2,1750.13,1760.24,57754254.0,3028699969.0,-0.01897530345424857,False,002475,立讯精密
2020-08-14,1737.99,1824.99,1733.27,1814.2,74629432.0,3960857917.0,0.0301944358089583,False,002475,立讯精密
2020-08-17,1793.96,1830.04,1787.22,1816.56,75216700.0,4037332667.0,0.0013000034881778812,False,002475,立讯精密
2020-08-18,1801.38,1801.38,1740.01,1777.78,83963620.0,4412058610.0,-0.021579207784103965,False,002475,立讯精密
2020-08-19,1770.36,1770.36,1695.5,1695.83,91538567.0,4662815402.0,-0.04719309840607435,False,002475,立讯精密
2020-08-20,1686.06,1763.61,1679.65,1730.23,84733691.0,4341292560.0,0.020082051153060932,False,002475,立讯精密
2020-08-21,1770.36,1837.8,1770.36,1808.13,120546669.0,6497282283.0,0.04403881439021296,False,002475,立讯精密
2020-08-24,1886.7,1944.36,1821.61,1937.28,146049754.0,8202066468.0,0.06899176537118201,False,002475,立讯精密
2020-08-25,1937.28,1940.31,1877.93,1897.15,113278733.0,6395254510.0,-0.0209321673650344,False,002475,立讯精密
2020-08-26,1891.75,1922.1,1823.64,1853.65,83287982.0,4607341073.0,-0.0231960917378665,False,002475,立讯精密
2020-08-27,1864.78,1877.25,1834.43,1861.41,49771426.0,2740179112.0,0.004177596747200277,False,002475,立讯精密
2020-08-28,1838.48,1895.13,1813.52,1882.31,55451940.0,3056659411.0,0.011165480927839944,False,002475,立讯精密
2020-08-31,1881.98,1903.56,1854.66,1854.66,56850347.0,3164825717.0,-0.014798355132979734,False,002475,立讯精密
2020-09-01,1850.95,1931.21,1831.06,1922.44,86396019.0,4872766130.0,0.03589382169750914,False,002475,立讯精密
2020-09-02,1955.82,1995.95,1931.55,1933.23,94504151.0,5496841705.0,0.005596966632160928,False,002475,立讯精密
2020-09-03,1908.62,1914.68,1859.72,1874.89,65645180.0,3674916756.0,-0.030642188145240626,False,002475,立讯精密
2020-09-04,1787.22,1867.48,1787.22,1856.01,54168799.0,2948705606.0,-0.01012096875422289,False,002475,立讯精密
2020-09-07,1856.01,1862.08,1746.75,1763.28,72918450.0,3877765780.0,-0.0512533112825338,False,002475,立讯精密
2020-09-08,1785.2,1792.28,1720.11,1779.13,52047514.0,2726339249.0,0.008948769776974888,False,002475,立讯精密
2020-09-09,1729.22,1765.97,1696.51,1741.7,67027450.0,3433074245.0,-0.021262833019367385,False,002475,立讯精密
2020-09-10,1770.36,1827.68,1752.15,1790.59,71988166.0,3840690000.0,0.02768352672651625,False,002475,立讯精密
2020-09-11,1794.64,1886.7,1794.64,1886.7,78470514.0,4301738733.0,0.05228409675331197,False,002475,立讯精密
2020-09-14,1890.07,1938.96,1865.11,1895.46,83224407.0,4691008263.0,0.004632281904710845,False,002475,立讯精密
2020-09-15,1886.7,1888.38,1841.17,1871.18,48835418.0,2700921885.0,-0.012892305237774916,False,002475,立讯精密
2020-09-16,1854.66,1857.7,1798.35,1827.35,56675400.0,3061236880.0,-0.023702417972628627,False,002475,立讯精密
2020-09-17,1820.94,1841.85,1787.22,1810.15,42830917.0,2305159074.0,-0.009457115157597729,False,002475,立讯精密
2020-09-18,1813.52,1898.5,1813.52,1878.27,66293843.0,3671722765.0,0.036941425648071013,False,002475,立讯精密
2020-09-21,1877.93,1895.13,1846.91,1848.25,43633134.0,2419479047.0,-0.016111894965138453,False,002475,立讯精密
2020-09-22,1862.42,1918.73,1854.66,1879.95,64848361.0,3642234779.0,0.017005935288431494,False,002475,立讯精密
2020-09-23,1890.07,1933.91,1881.3,1901.87,56213552.0,3184824697.0,0.011592431937583891,False,002475,立讯精密
2020-09-24,1871.52,1929.18,1861.74,1866.46,62165437.0,3482499104.0,-0.018794024023087236,False,002475,立讯精密
2020-09-25,1879.95,1894.79,1823.64,1861.41,46554996.0,2572443544.0,-0.002709323602539322,False,002475,立讯精密
2020-09-28,1885.68,1933.91,1871.52,1918.39,77185084.0,4387532468.0,0.0301520275448344,False,002475,立讯精密
2020-09-29,1945.71,1949.08,1908.62,1918.73,53891285.0,3081495820.0,0.00017721624598119885,False,002475,立讯精密
2020-09-30,1923.12,1954.14,1905.24,1926.49,46627640.0,2668926188.0,0.004036185463879821,False,002475,立讯精密
2020-10-09,1992.92,2073.17,1978.42,2071.83,125931074.0,7588394619.0,0.07273258038904915,False,002475,立讯精密
2020-10-12,2076.88,2090.71,2029.34,2090.71,93095458.0,5709973661.0,0.009071446506805496,False,002475,立讯精密
2020-10-13,2095.77,2154.1,2050.58,2070.48,67971867.0,4219500540.0,-0.009723256751715202,False,002475,立讯精密
2020-10-14,2031.7,2040.13,1999.32,2016.52,75333378.0,4505310808.0,-0.02640721099713924,False,002475,立讯精密
2020-10-15,2026.64,2053.28,2006.41,2014.84,40038070.0,2400907196.0,-0.0008334656777132651,False,002475,立讯精密
2020-10-16,2009.78,2029.34,1953.13,1968.3,55553042.0,3258277137.0,-0.023369561742639045,False,002475,立讯精密
2020-10-19,2018.21,2034.39,1961.56,1971.67,47861011.0,2836535714.0,0.0017106733410820155,False,002475,立讯精密
2020-10-20,1971.67,1999.32,1938.63,1996.96,42460739.0,2490141317.0,0.012745124810119884,False,002475,立讯精密
2020-10-21,1996.96,1996.96,1918.06,1945.03,55029394.0,3168499687.0,-0.02634862307202376,False,002475,立讯精密
2020-10-22,1922.1,1959.2,1914.68,1942.0,30449956.0,1748407290.0,-0.00155903124684961,False,002475,立讯精密
2020-10-23,1972.69,1982.13,1911.31,1913.67,35178082.0,2021984015.0,-0.014695505496440707,False,002475,立讯精密
2020-10-26,1901.87,1955.49,1872.53,1938.96,35638829.0,2032764339.0,0.013128882484733298,False,002475,立讯精密
2020-10-27,1934.92,1948.41,1899.85,1943.01,45759132.0,2616686769.0,0.002086570205024308,False,002475,立讯精密
2020-10-28,1962.23,2019.22,1911.99,2004.38,93138967.0,5449228841.0,0.031096468942907636,False,002475,立讯精密
2020-10-29,1957.51,1989.55,1939.64,1969.31,63457133.0,3702376813.0,-0.017651558415758502,False,002475,立讯精密
2020-10-30,1972.69,1977.07,1836.11,1849.94,113837942.0,6379109437.0,-0.06253002145774098,False,002475,立讯精密
2020-11-02,1851.29,1919.41,1844.54,1904.57,59980380.0,3355099868.0,0.029103055183032692,False,002475,立讯精密
2020-11-03,1914.68,1935.59,1884.67,1917.05,40691823.0,2308247977.0,0.006531284828924578,False,002475,立讯精密
2020-11-04,1906.93,1964.25,1906.93,1953.46,51933161.0,2998249881.0,0.01881461309094018,False,002475,立讯精密
2020-11-05,1989.55,1998.65,1942.34,1972.35,57031014.0,3336812074.0,0.009623565984144563,False,002475,立讯精密
2020-11-06,1986.85,1992.58,1958.52,1991.23,56747495.0,3327248353.0,0.009526813030532726,False,002475,立讯精密
2020-11-09,2030.35,2079.92,1995.95,2009.78,92227890.0,5587775844.0,0.00927272509484491,False,002475,立讯精密
2020-11-10,1989.55,1994.94,1939.3,1959.53,61293171.0,3571231131.0,-0.025320614775857918,False,002475,立讯精密
2020-11-11,1954.48,1971.67,1911.65,1911.99,50310012.0,2881051992.0,-0.024560064078410843,False,002475,立讯精密
2020-11-12,1934.24,1947.73,1914.01,1923.79,29557619.0,1690440692.0,0.0061526141873239105,False,002475,立讯精密
2020-11-13,1923.79,1932.22,1871.86,1884.0,53977346.0,3032652117.0,-0.020900022523162094,False,002475,立讯精密
2020-11-16,1884.0,1884.0,1725.51,1780.14,153437360.0,8068832555.0,-0.0567051632576658,False,002475,立讯精密
2020-11-17,1753.5,1803.74,1699.54,1800.03,110630199.0,5729009646.0,0.0111113185333929,False,002475,立讯精密
2020-11-18,1776.43,1783.85,1743.38,1768.0,60791791.0,3178048431.0,-0.01795436721444664,False,002475,立讯精密
2020-11-19,1768.34,1783.51,1744.06,1754.85,43239614.0,2254918365.0,-0.007465581035868622,False,002475,立讯精密
2020-11-20,1763.61,1802.73,1746.08,1759.57,53084164.0,2785684292.0,0.0026860778381099727,False,002475,立讯精密
2020-11-23,1762.94,1777.78,1721.13,1742.71,68202650.0,3525595825.0,-0.009628088127398404,False,002475,立讯精密
2020-11-24,1725.51,1735.96,1668.86,1718.77,90934747.0,4586100897.0,-0.013832454161615944,False,002475,立讯精密
2020-11-25,1734.95,1758.89,1714.72,1722.47,55654799.0,2859199251.0,0.0021503884796095496,False,002475,立讯精密
2020-11-26,1710.0,1719.44,1659.75,1692.13,62131552.0,3105359936.0,-0.017771216824395128,False,002475,立讯精密
2020-11-27,1705.61,1756.87,1685.72,1753.5,64494424.0,3293313112.0,0.035625700214202506,False,002475,立讯精密
2020-11-30,1780.47,1787.22,1737.31,1743.04,80031986.0,4200388544.0,-0.00598307538492317,False,002475,立讯精密
2020-12-01,1753.5,1782.84,1736.64,1776.43,62055753.0,3242831250.0,0.01897501716830377,False,002475,立讯精密
2020-12-02,1774.74,1774.74,1722.47,1740.01,67464338.0,3480466296.0,-0.02071487204511662,False,002475,立讯精密
2020-12-03,1733.27,1752.15,1725.85,1728.88,47744905.0,2456404802.0,-0.0064170603237253794,False,002475,立讯精密
2020-12-04,1729.56,1769.01,1710.0,1758.22,51323303.0,2652980046.0,0.01682813362777143,False,002475,立讯精密
2020-12-07,1762.94,1783.17,1746.75,1779.46,52885765.0,2777575287.0,0.012008013850844936,False,002475,立讯精密
2020-12-08,1785.2,1787.22,1760.92,1772.04,39253994.0,2063595769.0,-0.0041785221997051305,False,002475,立讯精密
2020-12-09,1787.22,1849.27,1786.88,1788.91,79606505.0,4281597729.0,0.009475070535254072,False,002475,立讯精密
2020-12-10,1766.65,1773.73,1731.58,1746.75,53606400.0,2777151900.0,-0.02384957737637685,False,002475,立讯精密
2020-12-11,1753.5,1755.52,1686.06,1708.99,64840987.0,3294180907.0,-0.02185436570916167,False,002475,立讯精密
2020-12-14,1706.29,1712.02,1645.59,1679.65,88291338.0,4359614391.0,-0.01731711436383055,False,002475,立讯精密
2020-12-15,1673.24,1707.97,1663.13,1697.52,49849790.0,2492759975.0,0.01058292403627626,False,002475,立讯精密
2020-12-16,1733.27,1786.54,1733.27,1764.63,102414106.0,5356231675.0,0.03877267426770584,False,002475,立讯精密
2020-12-17,1773.39,1792.61,1745.74,1766.65,50777164.0,2662460998.0,0.0011440612017894773,False,002475,立讯精密
2020-12-18,1777.78,1777.78,1709.66,1735.96,51322554.0,2640751302.0,-0.017524523385157025,False,002475,立讯精密
2020-12-21,1720.45,1787.22,1712.02,1784.52,65634319.0,3419086439.0,0.027588897008410232,False,002475,立讯精密
2020-12-22,1758.56,1811.5,1742.03,1770.02,77890615.0,4102959924.0,-0.008158625549527556,False,002475,立讯精密
2020-12-23,1794.3,1871.52,1794.3,1870.51,127260130.0,6952737788.0,0.055220274998972474,False,002475,立讯精密
2020-12-24,1870.85,1914.35,1849.6,1879.28,73355092.0,4107276065.0,0.00467760380747235,False,002475,立讯精密
2020-12-25,1888.72,1963.24,1881.98,1907.27,83964965.0,4803436986.0,0.014784175472115623,False,002475,立讯精密
2020-12-28,1906.93,1917.05,1861.74,1874.22,66047682.0,3687951763.0,-0.017480327365118856,False,002475,立讯精密
2020-12-29,1894.12,1901.87,1844.21,1871.52,58070813.0,3237582031.0,-0.0014416379501097636,False,002475,立讯精密
2020-12-30,1856.68,1898.16,1856.68,1891.08,60003682.0,3342355035.0,0.010397159519583206,False,002475,立讯精密
2020-12-31,1888.38,1926.82,1861.41,1892.43,62149833.0,3483265405.0,0.0007136230945822808,False,002475,立讯精密
2021-01-04,1881.64,1885.01,1788.57,1823.3,143034021.0,7723657661.0,-0.03721367147140361,False,002475,立讯精密
2021-01-05,1806.78,1897.49,1799.02,1896.81,125414190.0,6873512662.0,0.03952548172925483,False,002475,立讯精密
2021-01-06,1899.51,1938.29,1854.66,1873.55,91035962.0,5108131217.0,-0.01233850087971012,False,002475,立讯精密
2021-01-07,1884.34,1974.71,1861.41,1972.69,145898924.0,8378821174.0,0.051563066647766276,False,002475,立讯精密
2021-01-08,2005.06,2056.99,1986.17,2023.6,148961527.0,8921331481.0,0.02548000987531131,False,002475,立讯精密
2021-01-11,2023.6,2059.01,1982.8,2056.99,128045098.0,7672326387.0,0.01636564577464752,False,002475,立讯精密
2021-01-12,2023.27,2044.17,1968.64,2035.74,113193732.0,6745319449.0,-0.010384360051775504,False,002475,立讯精密
2021-01-13,2030.01,2111.28,2011.8,2094.42,124195865.0,7659221392.0,0.028417276243643614,False,002475,立讯精密
2021-01-14,2101.16,2133.2,2011.46,2017.2,113979444.0,6956819755.0,-0.03756625418172643,False,002475,立讯精密
2021-01-15,1989.55,2019.22,1900.52,1935.59,100741963.0,5837483662.0,-0.041298221653437786,False,002475,立讯精密
2021-01-18,1938.96,1985.5,1938.96,1952.45,77785926.0,4519950342.0,0.008672804642190847,False,002475,立讯精密
2021-01-19,1949.08,1951.44,1872.2,1878.6,109262187.0,6146833932.0,-0.038558175630908346,False,002475,立讯精密
2021-01-20,1895.13,1906.93,1854.66,1895.46,75136583.0,4193144120.0,0.008934734561863162,False,002475,立讯精密
2021-01-21,1903.89,1972.69,1902.21,1952.45,90029333.0,5174934256.0,0.029623441069045322,False,002475,立讯精密
2021-01-22,1980.1,2005.39,1905.24,1938.63,89165961.0,5135566882.0,-0.007103456167440637,False,002475,立讯精密
2021-01-25,1804.08,1906.93,1753.84,1861.74,204391961.0,11100122092.0,-0.04047000373800574,False,002475,立讯精密
2021-01-26,1830.38,1870.85,1773.73,1779.8,97698798.0,5255231744.0,-0.04501053586311513,False,002475,立讯精密
2021-01-27,1770.36,1834.77,1766.65,1813.86,68757342.0,3665534375.0,0.018956172765713805,False,002475,立讯精密
2021-01-28,1804.08,1804.08,1687.4,1697.86,122838721.0,6301783109.0,-0.06608853665747358,False,002475,立讯精密
2021-01-29,1734.95,1820.6,1734.61,1790.59,114820407.0,6048822471.0,0.05317653993325328,False,002475,立讯精密
2021-02-01,1803.74,1803.74,1749.79,1792.95,60241678.0,3180705618.0,0.0013171335278442556,False,002475,立讯精密
2021-02-02,1794.3,1824.31,1737.99,1814.2,79208956.0,4181979756.0,0.01178229118874421,False,002475,立讯精密
2021-02-03,1813.52,1814.2,1729.22,1737.99,86141463.0,4499967634.0,-0.042915326111990254,False,002475,立讯精密
2021-02-04,1691.11,1712.7,1618.61,1652.33,153030713.0,7500830517.0,-0.050542860067627385,False,002475,立讯精密
2021-02-05,1656.04,1702.58,1656.04,1669.87,67945790.0,3394908578.0,0.010559366068171766,False,002475,立讯精密
2021-02-08,1686.06,1700.56,1538.02,1613.89,125120544.0,6020792375.0,-0.03409836521758376,False,002475,立讯精密
2021-02-09,1584.89,1706.29,1584.89,1695.5,87914750.0,4359929656.0,0.049330268713879355,False,002475,立讯精密
2021-02-10,1719.78,1795.65,1688.75,1779.8,92903001.0,4853025414.0,0.04852331585706855,False,002475,立讯精密
2021-02-18,1798.01,1807.45,1682.68,1689.77,120931117.0,6137864663.0,-0.05190857344191943,False,002475,立讯精密
2021-02-19,1675.94,1685.72,1626.03,1680.66,70650140.0,3472647531.0,-0.005405851588843131,False,002475,立讯精密
2021-02-22,1681.0,1682.68,1642.22,1642.22,77890335.0,3829641284.0,-0.02313758840691434,False,002475,立讯精密
2021-02-23,1633.79,1675.94,1628.73,1635.47,56981041.0,2786481816.0,-0.004118760189250099,False,002475,立讯精密
2021-02-24,1630.08,1648.96,1580.17,1605.13,63511706.0,3041045456.0,-0.018725474627053772,False,002475,立讯精密
2021-02-25,1605.46,1618.28,1562.3,1581.52,54024729.0,2545077642.0,-0.014818340281099048,False,002475,立讯精密
2021-02-26,1551.17,1599.06,1536.0,1568.03,61504405.0,2870285611.0,-0.008566355507294435,False,002475,立讯精密
2021-03-01,1588.26,1615.58,1570.73,1605.13,49170113.0,2324381836.0,0.02338469578839341,False,002475,立讯精密
2021-03-02,1620.97,1679.31,1609.85,1652.33,101026575.0,4953798645.0,0.028981662832445167,False,002475,立讯精密
2021-03-03,1635.47,1664.14,1625.36,1650.65,54155704.0,2641451776.0,-0.0010172632864112194,False,002475,立讯精密
2021-03-04,1632.1,1633.45,1544.76,1558.25,78876240.0,3680130775.0,-0.05760575302585498,False,002475,立讯精密
2021-03-05,1539.71,1618.61,1536.0,1606.14,63451746.0,2979127913.0,0.030270388119264927,False,002475,立讯精密
2021-03-08,1620.3,1641.54,1551.17,1557.92,55508853.0,2618227550.0,-0.03048218657777864,False,002475,立讯精密
2021-03-09,1571.07,1571.07,1440.23,1500.59,74730305.0,3344775520.0,-0.03749323414208865,False,002475,立讯精密
2021-03-10,1533.97,1564.66,1450.68,1464.51,77628894.0,3429793612.0,-0.02433764857484804,False,002475,立讯精密
2021-03-11,1451.69,1462.82,1355.25,1421.34,140756543.0,5882176948.0,-0.029920626915419052,False,002475,立讯精密
2021-03-12,1428.76,1433.15,1353.9,1377.51,110237031.0,4522028816.0,-0.03132256706924043,False,002475,立讯精密
2021-03-15,1362.33,1366.72,1277.36,1288.15,127015049.0,4946161447.0,-0.06707044101811774,False,002475,立讯精密
2021-03-16,1288.82,1335.36,1278.7,1295.57,81858419.0,3166208512.0,0.005743672223509766,False,002475,立讯精密
2021-03-17,1264.54,1331.31,1240.6,1301.3,85259323.0,3253950784.0,0.004413012048469525,False,002475,立讯精密
2021-03-18,1301.3,1310.07,1267.91,1300.96,70612618.0,2692449803.0,-0.0002613113231842182,False,002475,立讯精密
2021-03-19,1281.4,1283.43,1200.47,1208.56,136514589.0,4990287181.0,-0.07367288522405802,False,002475,立讯精密
2021-03-22,1213.96,1217.67,1106.39,1190.36,174447626.0,5990806292.0,-0.0151737858717446,False,002475,立讯精密
2021-03-23,1197.77,1217.0,1149.22,1158.32,119297538.0,4163396885.0,-0.02728510289055863,False,002475,立讯精密
2021-03-24,1146.86,1154.95,1091.55,1092.56,131678417.0,4349596635.0,-0.058447113102997134,False,002475,立讯精密
2021-03-25,1080.76,1120.89,1075.7,1109.09,95288557.0,3119282547.0,0.015016292880341254,False,002475,立讯精密
2021-03-26,1120.22,1185.3,1109.42,1177.54,116655308.0,4009761699.0,0.05988765733909435,False,002475,立讯精密
2021-03-29,1184.29,1187.32,1133.37,1138.09,95276499.0,3243654889.0,-0.0340760979144774,False,002475,立讯精密
2021-03-30,1138.09,1158.99,1119.54,1143.48,81268731.0,2754676944.0,0.004724825472969966,False,002475,立讯精密
2021-03-31,1143.82,1148.88,1115.16,1140.79,58152025.0,1953136299.0,-0.0023552393048864558,False,002475,立讯精密
2021-04-01,1150.23,1189.34,1143.48,1182.94,87325022.0,3028667449.0,0.03628186033669184,False,002475,立讯精密
2021-04-02,1184.29,1222.39,1173.83,1204.86,85237175.0,3046277189.0,0.018360512422520615,False,002475,立讯精密
2021-04-06,1208.56,1219.69,1181.59,1183.27,64647091.0,2285170761.0,-0.018081585360138736,False,002475,立讯精密
2021-04-07,1188.67,1188.67,1149.89,1162.7,57560802.0,1981120299.0,-0.017536905567722066,False,002475,立讯精密
2021-04-08,1167.09,1175.18,1146.86,1148.54,47189835.0,1618186723.0,-0.012253316115322179,False,002475,立讯精密
2021-04-09,1148.88,1155.96,1122.91,1127.97,51272927.0,1722908676.0,-0.018072013599590077,False,002475,立讯精密
2021-04-12,1133.37,1142.13,1098.97,1104.7,46130666.0,1527506738.0,-0.020845752081420862,False,002475,立讯精密
2021-04-13,1105.72,1175.18,1105.72,1150.9,100393854.0,3425903411.0,0.040970440096216025,False,002475,立讯精密
2021-04-14,1154.95,1160.68,1135.73,1151.58,52834109.0,1800520952.0,0.0005906674713961158,False,002475,立讯精密
2021-04-15,1152.25,1155.62,1109.42,1128.65,63922350.0,2125414454.0,-0.02011268421625482,False,002475,立讯精密
2021-04-16,1128.98,1132.69,1098.63,1122.24,48611486.0,1609124111.0,-0.005695540277773605,False,002475,立讯精密
2021-04-19,1126.62,1234.53,1124.6,1232.84,192126326.0,6871104719.0,0.09399376299105303,False,002475,立讯精密
2021-04-20,1225.43,1225.43,1188.33,1189.01,115035448.0,4108390263.0,-0.03619942285852006,False,002475,立讯精密
2021-04-21,1153.26,1224.41,1147.19,1219.69,109963108.0,3886528073.0,0.025475699993842037,False,002475,立讯精密
2021-04-22,1233.18,1302.31,1191.03,1260.16,175950628.0,6501303070.0,0.03264196893251771,False,002475,立讯精密
2021-04-23,1243.97,1281.74,1231.5,1260.83,110852252.0,4142223134.0,0.0005315372260694842,False,002475,立讯精密
2021-04-26,1227.45,1261.84,1204.52,1225.09,112235281.0,4110137997.0,-0.028755923568936546,False,002475,立讯精密
2021-04-27,1220.7,1295.9,1194.06,1294.89,125148168.0,4653232531.0,0.055411438773073904,False,002475,立讯精密
2021-04-28,1277.02,1285.45,1249.37,1254.43,105320340.0,3948848743.0,-0.03174446331442152,False,002475,立讯精密
2021-04-29,1254.09,1269.6,1232.51,1237.9,65452197.0,2420610925.0,-0.013264890588726737,False,002475,立讯精密
2021-04-30,1244.31,1254.09,1229.13,1246.33,56323896.0,2078064726.0,0.006786837255761139,False,002475,立讯精密
2021-05-06,1235.88,1269.6,1214.97,1225.09,56237171.0,2061918688.0,-0.01718892212568681,False,002475,立讯精密
2021-05-07,1230.82,1244.98,1165.4,1170.12,74544210.0,2658897002.0,-0.04590800303281129,False,002475,立讯精密
2021-05-10,1168.77,1186.98,1139.77,1164.05,66007202.0,2274778514.0,-0.005201003939737908,False,002475,立讯精密
2021-05-11,1158.66,1166.75,1133.03,1163.38,58037838.0,1979651282.0,-0.0005757423583157345,False,002475,立讯精密
2021-05-12,1159.33,1161.02,1119.54,1135.39,69397723.0,2335793200.0,-0.024353357107867662,False,002475,立讯精密
2021-05-13,1113.13,1131.68,1107.06,1111.45,60000249.0,1985392848.0,-0.021310735092187713,False,002475,立讯精密
2021-05-14,1114.48,1130.33,1077.39,1128.65,74746825.0,2454695485.0,0.015356759092667977,False,002475,立讯精密
2021-05-17,1129.66,1203.51,1129.32,1172.82,98573600.0,3406229349.0,0.03838887696339866,False,002475,立讯精密
2021-05-18,1166.75,1185.97,1147.53,1173.16,64351868.0,2225460191.0,0.0002898575455720844,False,002475,立讯精密
2021-05-19,1163.72,1220.7,1150.9,1205.53,85998000.0,3070850318.0,0.0272183415124626,False,002475,立讯精密
2021-05-20,1198.79,1223.4,1189.01,1211.94,60142864.0,2158548650.0,0.005303077202334198,False,002475,立讯精密
2021-05-21,1211.94,1232.84,1163.04,1168.44,68637026.0,2413379403.0,-0.03655285567468905,False,002475,立讯精密
2021-05-24,1165.74,1247.68,1155.96,1240.94,125654605.0,4517294152.0,0.06019963115076892,False,002475,立讯精密
2021-05-25,1244.98,1348.84,1231.5,1341.76,201729007.0,7766348276.0,0.07811302805296381,False,002475,立讯精密
2021-05-26,1348.51,1359.97,1302.65,1319.17,118492203.0,4663970075.0,-0.01697943405077527,False,002475,立讯精密
2021-05-27,1321.19,1358.96,1312.09,1345.47,97538277.0,3879797266.0,0.01974064344273059,False,002475,立讯精密
2021-05-28,1345.81,1353.9,1306.69,1325.24,84809773.0,3339012016.0,-0.01514981928099272,False,002475,立讯精密
2021-05-31,1329.62,1329.96,1295.23,1315.12,74561640.0,2893968574.0,-0.0076656588921056425,False,002475,立讯精密
2021-06-01,1313.44,1354.24,1292.53,1322.2,81737819.0,3219681892.0,0.005369099698222958,False,002475,立讯精密
2021-06-02,1323.55,1328.61,1282.08,1292.19,64687912.0,2489384762.0,-0.02295856254548993,False,002475,立讯精密
2021-06-03,1291.18,1333.67,1284.77,1299.27,67086517.0,2604776233.0,0.005464114912332598,False,002475,立讯精密
2021-06-04,1283.76,1304.33,1260.5,1293.2,58832147.0,2243751282.0,-0.004682801415042317,False,002475,立讯精密
2021-06-07,1296.91,1336.7,1296.58,1329.29,85452552.0,3350106445.0,0.027525198237641386,False,002475,立讯精密
2021-06-08,1328.27,1386.95,1322.54,1357.27,129291712.0,5242181655.0,0.020830364266834094,False,002475,立讯精密
2021-06-09,1365.71,1384.93,1339.07,1379.19,89162436.0,3628309285.0,0.016021040947343107,False,002475,立讯精密
2021-06-10,1376.5,1385.94,1345.47,1361.66,72980157.0,2953490391.0,-0.012791826649920655,False,002475,立讯精密
2021-06-11,1355.59,1360.65,1295.23,1315.12,88575521.0,3468025959.0,-0.034776627451921165,False,002475,立讯精密
2021-06-15,1315.8,1348.51,1308.38,1342.44,69006869.0,2727040603.0,0.020560937445584602,False,002475,立讯精密
2021-06-16,1348.51,1355.25,1269.94,1277.02,72993198.0,2831893333.0,-0.0499596150298174,False,002475,立讯精密
2021-06-17,1277.02,1331.98,1271.29,1325.91,73463533.0,2850499314.0,0.03756977752212155,False,002475,立讯精密
2021-06-18,1329.29,1349.18,1315.12,1340.75,67071204.0,2651007366.0,0.011130142723891012,False,002475,立讯精密
2021-06-21,1334.68,1426.4,1324.57,1419.66,137266484.0,5699235730.0,0.0571882474430298,False,002475,立讯精密
2021-06-22,1422.36,1432.47,1386.95,1410.89,76085507.0,3172563261.0,-0.00619669538660385,False,002475,立讯精密
2021-06-23,1409.54,1510.03,1390.32,1485.42,132973095.0,5790418985.0,0.05147684961178882,False,002475,立讯精密
2021-06-24,1507.33,1568.03,1506.32,1545.78,146599121.0,6688742882.0,0.0398310767734376,False,002475,立讯精密
2021-06-25,1546.45,1688.75,1516.44,1585.23,171280777.0,8090878655.0,0.025200869889291606,False,002475,立讯精密
2021-06-28,1598.38,1652.0,1561.29,1594.33,127759672.0,6091724534.0,0.005724078077992589,False,002475,立讯精密
2021-06-29,1590.96,1625.36,1570.06,1601.42,74440685.0,3541260870.0,0.004437150360636698,False,002475,立讯精密
2021-06-30,1591.64,1601.08,1534.99,1551.17,100709475.0,4641936195.0,-0.03188125075709347,False,002475,立讯精密
2021-07-01,1570.73,1573.76,1529.25,1544.43,61173885.0,2808913352.0,-0.004354574654671103,False,002475,立讯精密
2021-07-02,1529.93,1533.3,1462.82,1470.24,92941659.0,4090692665.0,-0.04922925746826834,False,002475,立讯精密
2021-07-05,1483.73,1542.74,1479.68,1541.73,77539482.0,3485838326.0,0.04747950976311768,False,002475,立讯精密
2021-07-06,1552.86,1556.57,1495.87,1530.94,66539632.0,3008064045.0,-0.007023236697808107,False,002475,立讯精密
2021-07-07,1514.08,1559.6,1500.93,1528.24,68308728.0,3109383929.0,-0.0017651793624880354,False,002475,立讯精密
2021-07-08,1537.71,1596.19,1537.71,1577.26,92588517.0,4315418398.0,0.0315724179244174,False,002475,立讯精密
2021-07-09,1554.95,1594.83,1509.65,1564.07,80860178.0,3709110645.0,-0.008397766242875387,False,002475,立讯精密
2021-07-12,1571.85,1581.99,1521.14,1538.04,87021677.0,3977668288.0,-0.01678251960720534,False,002475,立讯精密
2021-07-13,1520.8,1520.8,1450.49,1455.56,118168691.0,5148898128.0,-0.05511817224625668,False,002475,立讯精密
2021-07-14,1457.25,1491.73,1449.82,1457.93,62440675.0,2707569577.0,0.0016269151586266494,False,002475,立讯精密
2021-07-15,1477.87,1479.9,1408.58,1428.52,79908417.0,3378827953.0,-0.020378678169249074,False,002475,立讯精密
2021-07-16,1425.82,1446.1,1393.03,1394.72,65526765.0,2740235663.0,-0.023945265009587966,False,002475,立讯精密
2021-07-19,1399.45,1442.38,1387.96,1442.38,71499296.0,3001673592.0,0.03360084875045416,False,002475,立讯精密
2021-07-20,1423.11,1464.01,1419.73,1460.97,59886359.0,2557439665.0,0.012806071645253018,False,002475,立讯精密
2021-07-21,1457.25,1484.3,1419.06,1421.42,94214362.0,4045580538.0,-0.027444226730582985,False,002475,立讯精密
2021-07-22,1419.73,1436.97,1367.34,1395.73,110137613.0,4542490451.0,-0.018238796054268765,False,002475,立讯精密
2021-07-23,1389.65,1404.52,1355.51,1367.34,83651868.0,3398587149.0,-0.020550329251386425,False,002475,立讯精密
2021-07-26,1370.72,1388.3,1320.35,1345.03,76384737.0,3057646901.0,-0.016450929002830725,False,002475,立讯精密
2021-07-27,1352.8,1374.44,1304.46,1305.82,90813389.0,3577802411.0,-0.029585121703457243,False,002475,立讯精密
2021-07-28,1294.66,1304.8,1239.22,1274.04,75476829.0,2848493953.0,-0.024638242102964968,False,002475,立讯精密
2021-07-29,1297.03,1313.93,1279.45,1293.65,67993461.0,2605669113.0,0.015274726526818699,False,002475,立讯精密
2021-07-30,1279.45,1280.46,1220.29,1250.04,89239224.0,3281056249.0,-0.034292129555943,False,002475,立讯精密
2021-08-02,1227.39,1309.53,1203.39,1293.31,106437216.0,3963711198.0,0.0340292727649933,False,002475,立讯精密
2021-08-03,1291.28,1347.06,1280.13,1321.03,86338767.0,3372611530.0,0.021206911783234823,False,002475,立讯精密
2021-08-04,1328.8,1418.38,1318.66,1404.18,123330424.0,5013346581.0,0.06104176716380078,False,002475,立讯精密
2021-08-05,1406.21,1434.94,1385.25,1400.46,83602195.0,3473587028.0,-0.0026527484322357523,False,002475,立讯精密
2021-08-06,1395.39,1395.39,1361.59,1374.1,61015900.0,2482353618.0,-0.019001782726422185,False,002475,立讯精密
2021-08-09,1352.8,1431.23,1345.7,1425.82,85018529.0,3524466020.0,0.036948115460211865,False,002475,立讯精密
2021-08-10,1418.72,1429.87,1388.63,1413.65,61606723.0,2561132541.0,-0.0085720747332052,False,002475,立讯精密
2021-08-11,1421.42,1424.8,1396.75,1413.31,45304498.0,1893794559.0,-0.00024054107708597767,False,002475,立讯精密
2021-08-12,1412.3,1443.39,1403.51,1425.14,70445224.0,2972919217.0,0.008335583503352463,False,002475,立讯精密
2021-08-13,1429.87,1435.28,1314.27,1329.82,117604448.0,4720100306.0,-0.06922645978012734,False,002475,立讯精密
2021-08-16,1325.08,1340.97,1301.42,1305.82,60187324.0,2338193540.0,-0.018212398794427476,False,002475,立讯精密
2021-08-17,1304.13,1321.03,1265.59,1277.08,50677824.0,1935496882.0,-0.02225497401763398,False,002475,立讯精密
2021-08-18,1281.48,1301.42,1269.31,1292.29,35093925.0,1337337277.0,0.011839616461094646,False,002475,立讯精密
2021-08-19,1284.52,1314.94,1273.03,1274.38,50132783.0,1908559907.0,-0.013956052546977012,False,002475,立讯精密
2021-08-20,1267.62,1290.27,1245.31,1282.83,53365907.0,2000189557.0,0.0066087890749889945,False,002475,立讯精密
2021-08-23,1299.73,1323.73,1286.21,1317.31,49158619.0,1911378698.0,0.02652320360425279,False,002475,立讯精密
2021-08-24,1328.46,1331.84,1304.13,1307.51,40496134.0,1573995742.0,-0.007467213398785224,False,002475,立讯精密
2021-08-25,1252.41,1297.37,1252.41,1257.48,97918682.0,3663282369.0,-0.039014846818536564,False,002475,立讯精密
2021-08-26,1258.83,1272.35,1237.2,1258.15,51901051.0,1929902059.0,0.0005326697613258897,False,002475,立讯精密
2021-08-27,1260.86,1308.86,1251.05,1283.84,66848781.0,2537622534.0,0.020213198857284766,False,002475,立讯精密
2021-08-30,1291.62,1301.08,1183.11,1207.45,142568627.0,5172287952.0,-0.06134488909155767,False,002475,立讯精密
2021-08-31,1187.84,1193.93,1135.79,1144.58,112646202.0,3851116130.0,-0.05347294033269901,False,002475,立讯精密
2021-09-01,1142.55,1171.28,1127.67,1159.79,74435243.0,2538031727.0,0.013201196759727273,False,002475,立讯精密
2021-09-02,1166.89,1189.53,1141.53,1157.76,60200238.0,2067779438.0,-0.0017518504620560927,False,002475,立讯精密
2021-09-03,1158.43,1168.91,1135.45,1156.07,43619042.0,1489014659.0,-0.0014607817346320847,False,002475,立讯精密
2021-09-06,1156.07,1198.66,1149.31,1192.24,56463415.0,1971160665.0,0.0308075686082938,False,002475,立讯精密
2021-09-07,1194.27,1197.31,1173.31,1186.83,53791515.0,1882211423.0,-0.004548003484710262,False,002475,立讯精密
2021-09-08,1194.27,1245.31,1191.56,1220.97,96705665.0,3473006834.0,0.028359737628459572,False,002475,立讯精密
2021-09-09,1196.63,1206.77,1176.69,1194.6,49465778.0,1743337627.0,-0.021834223486081186,False,002475,立讯精密
2021-09-10,1188.18,1228.41,1178.04,1217.59,78049232.0,2773610862.0,0.019062093897697453,False,002475,立讯精密
2021-09-13,1216.91,1216.91,1178.38,1182.77,63222031.0,2225376005.0,-0.02901435008337362,False,002475,立讯精密
2021-09-14,1183.45,1194.94,1156.07,1160.12,51206542.0,1776258330.0,-0.019335697086661083,False,002475,立讯精密
2021-09-15,1159.45,1159.79,1126.32,1129.03,73609720.0,2466658242.0,-0.027164591041463945,False,002475,立讯精密
2021-09-16,1135.79,1154.04,1123.96,1152.01,57778233.0,1945625799.0,0.02014938578931177,False,002475,立讯精密
2021-09-17,1145.59,1149.98,1126.66,1133.42,38121450.0,1279312387.0,-0.016268632173064266,False,002475,立讯精密
2021-09-22,1115.5,1134.1,1108.74,1112.12,36584038.0,1208645203.0,-0.01897150694332082,False,002475,立讯精密
2021-09-23,1115.5,1202.72,1115.5,1199.34,124902384.0,4325737863.0,0.07550330181327908,False,002475,立讯精密
2021-09-24,1193.25,1238.55,1179.73,1203.39,96029201.0,3438634261.0,0.0033711684921831327,False,002475,立讯精密
2021-09-27,1203.39,1262.89,1196.63,1245.31,97216171.0,3563584307.0,0.03424192092559495,False,002475,立讯精密
2021-09-28,1245.31,1245.31,1203.39,1210.49,54630919.0,1970308996.0,-0.028359258593551297,False,002475,立讯精密
2021-09-29,1189.87,1221.31,1169.25,1207.11,55123583.0,1947621866.0,-0.0027961633042842865,False,002475,立讯精密
2021-09-30,1207.11,1223.67,1200.01,1207.11,36161039.0,1296961130.0,0.0,False,002475,立讯精密
2021-10-08,1250.72,1281.82,1233.82,1273.7,85883773.0,3219976765.0,0.05369697760516082,False,002475,立讯精密
2021-10-11,1271.0,1311.22,1264.24,1269.98,61218403.0,2321984291.0,-0.002924898298574471,False,002475,立讯精密
2021-10-12,1269.98,1274.04,1221.31,1232.13,54341366.0,1998069467.0,-0.030256773289943483,False,002475,立讯精密
2021-10-13,1224.35,1233.48,1203.39,1222.32,42932294.0,1546910553.0,-0.007993686762737023,False,002475,立讯精密
2021-10-14,1231.45,1232.13,1206.43,1207.45,30636883.0,1100443794.0,-0.012239994442555219,False,002475,立讯精密
2021-10-15,1210.15,1237.2,1195.62,1223.0,45622473.0,1649168065.0,0.01279615888526887,False,002475,立讯精密
2021-10-18,1219.62,1219.62,1168.24,1176.01,53496594.0,1871388290.0,-0.039179503863393285,False,002475,立讯精密
2021-10-19,1180.74,1273.7,1180.74,1250.38,85650788.0,3136367583.0,0.061320152273930575,False,002475,立讯精密
2021-10-20,1263.9,1265.59,1234.15,1253.76,43810396.0,1617056769.0,0.0026995312184115443,False,002475,立讯精密
2021-10-21,1250.72,1294.66,1245.65,1260.18,62284897.0,2341408076.0,0.005107531569149651,False,002475,立讯精密
2021-10-22,1259.84,1288.58,1248.69,1278.77,52173896.0,1967833552.0,0.014644110531962158,False,002475,立讯精密
2021-10-25,1277.76,1290.6,1255.79,1276.41,45601381.0,1723877627.0,-0.0018472285092058795,False,002475,立讯精密
2021-10-26,1269.31,1335.22,1258.15,1329.14,106445939.0,4120783650.0,0.040480666619779705,False,002475,立讯精密
2021-10-27,1321.7,1321.7,1284.86,1288.58,65933802.0,2534874646.0,-0.030991279663874084,False,002475,立讯精密
2021-10-28,1250.72,1355.51,1242.27,1314.27,161341374.0,6296787924.0,0.019740541524666526,False,002475,立讯精密
2021-10-29,1313.59,1329.14,1291.28,1306.15,70400190.0,2729298439.0,-0.00619749962988707,False,002475,立讯精密
2021-11-01,1306.15,1353.14,1284.52,1345.03,77827635.0,3075787414.0,0.029332438861191815,False,002475,立讯精密
2021-11-02,1341.99,1368.35,1325.08,1344.69,61693472.0,2454522531.0,-0.0002528144206912156,False,002475,立讯精密
2021-11-03,1352.13,1358.21,1321.37,1344.69,43989694.0,1744057258.0,0.0,False,002475,立讯精密
2021-11-04,1350.77,1418.72,1347.39,1392.69,84409087.0,3471367875.0,0.03507362553679063,False,002475,立讯精密
2021-11-05,1393.03,1425.48,1391.0,1392.69,61838355.0,2575714612.0,0.0,False,002475,立讯精密
2021-11-08,1386.61,1392.35,1341.31,1375.79,54968691.0,2224415591.0,-0.012209017168833691,False,002475,立讯精密
2021-11-09,1375.79,1385.93,1325.08,1348.75,55546972.0,2214451004.0,-0.01984987399482546,False,002475,立讯精密
2021-11-10,1348.41,1356.52,1325.08,1336.92,44249832.0,1750723853.0,-0.008809776713118849,False,002475,立讯精密
2021-11-11,1331.84,1371.39,1325.76,1348.41,53265399.0,2135757856.0,0.008557659670154611,False,002475,立讯精密
2021-11-12,1345.7,1378.49,1322.72,1368.35,41360725.0,1663609144.0,0.014679513882825781,False,002475,立讯精密
2021-11-15,1367.68,1421.08,1362.61,1410.94,73746743.0,3060626289.0,0.030650514503168594,False,002475,立讯精密
2021-11-16,1400.8,1465.37,1398.1,1449.48,82704926.0,3536763834.0,0.026948722489812872,False,002475,立讯精密
2021-11-17,1443.39,1448.47,1419.73,1435.28,44762453.0,1898891110.0,-0.00984491929405837,False,002475,立讯精密
2021-11-18,1425.14,1460.3,1372.41,1380.86,59439768.0,2458748463.0,-0.03865345865533921,False,002475,立讯精密
2021-11-19,1378.15,1485.65,1378.15,1456.92,100674080.0,4327723695.0,0.05361812488809454,False,002475,立讯精密
2021-11-22,1464.01,1464.69,1427.51,1445.42,62009621.0,2650383357.0,-0.00792468159059551,False,002475,立讯精密
2021-11-23,1438.32,1445.76,1412.97,1420.41,39431766.0,1662439846.0,-0.017454374438791977,False,002475,立讯精密
2021-11-24,1430.55,1441.7,1398.1,1429.87,40528369.0,1706186555.0,0.006637968716065351,False,002475,立讯精密
2021-11-25,1416.35,1436.3,1398.77,1411.28,30363795.0,1267978224.0,-0.013086437042411574,False,002475,立讯精密
2021-11-26,1406.21,1406.21,1352.46,1356.18,58685609.0,2370541106.0,-0.03982516993459827,False,002475,立讯精密
2021-11-29,1334.55,1384.92,1326.77,1355.51,47973768.0,1917982636.0,-0.0004941567905137105,False,002475,立讯精密
2021-11-30,1355.51,1358.21,1336.24,1340.3,41789412.0,1660144225.0,-0.011284297778587566,False,002475,立讯精密
2021-12-01,1337.93,1354.83,1331.84,1345.37,28399157.0,1127115635.0,0.0037755986571673637,False,002475,立讯精密
2021-12-02,1332.18,1354.49,1299.39,1305.82,55814395.0,2174994247.0,-0.029837872225171345,False,002475,立讯精密
2021-12-03,1306.49,1318.32,1287.9,1305.82,49644792.0,1906614345.0,0.0,False,002475,立讯精密
2021-12-06,1305.82,1355.51,1291.28,1336.24,55477791.0,2194139358.0,0.02302850376524532,False,002475,立讯精密
2021-12-07,1358.89,1419.73,1354.83,1403.51,93176852.0,3857078460.0,0.049116542139393586,False,002475,立讯精密
2021-12-08,1409.59,1498.49,1381.87,1490.38,127202000.0,5449433170.0,0.06005487915993677,False,002475,立讯精密
2021-12-09,1490.72,1580.97,1475.17,1541.76,141326263.0,6449809820.0,0.03389350000542933,False,002475,立讯精密
2021-12-10,1516.41,1550.55,1512.69,1531.96,68168209.0,3085637204.0,-0.006376659687352701,False,002475,立讯精密
2021-12-13,1531.96,1588.75,1528.58,1577.26,81295238.0,3787744880.0,0.029141203080714686,False,002475,立讯精密
2021-12-14,1575.23,1587.4,1551.57,1566.78,54704238.0,2538941182.0,-0.0066666065406839605,False,002475,立讯精密
2021-12-15,1559.0,1577.26,1524.52,1533.65,55691552.0,2542784494.0,-0.021372042613601313,False,002475,立讯精密
2021-12-16,1551.9,1581.31,1536.35,1573.88,51777043.0,2392758635.0,0.025893392963659022,False,002475,立讯精密
2021-12-17,1554.95,1580.97,1543.11,1547.51,39077016.0,1802560121.0,-0.016896720615774158,False,002475,立讯精密
2021-12-20,1538.04,1570.83,1483.28,1499.85,58466809.0,2616827957.0,-0.03128208448344544,False,002475,立讯精密
2021-12-21,1493.42,1568.47,1493.09,1538.38,52356448.0,2384098773.0,0.025364811580073757,False,002475,立讯精密
2021-12-22,1538.72,1661.76,1538.72,1615.79,112857310.0,5392390911.0,0.049094086471652296,False,002475,立讯精密
2021-12-23,1639.45,1666.5,1597.2,1656.35,70412659.0,3421805702.0,0.02479238512868951,False,002475,立讯精密
2021-12-24,1640.13,1693.54,1640.13,1674.61,63864285.0,3165356971.0,0.010963916057419667,False,002475,立讯精密
2021-12-27,1666.5,1719.9,1636.41,1646.21,58720559.0,2890982302.0,-0.017104626211670516,False,002475,立讯精密
2021-12-28,1650.27,1666.5,1602.61,1628.64,51961671.0,2501066530.0,-0.010730365412102883,False,002475,立讯精密
2021-12-29,1638.78,1638.78,1589.42,1612.75,39897502.0,1901397008.0,-0.009804514291678697,False,002475,立讯精密
2021-12-30,1588.75,1659.74,1580.97,1639.79,64092036.0,3093128783.0,0.016627388426460277,False,002475,立讯精密
2021-12-31,1641.14,1675.96,1615.12,1663.12,54164381.0,2651785712.0,0.014127171500047369,False,002475,立讯精密
2022-01-04,1696.92,1734.78,1650.27,1723.96,88469975.0,4442153958.0,0.035928613759464,False,002475,立讯精密
2022-01-05,1693.54,1705.37,1577.26,1629.65,101360115.0,4861484266.0,-0.05625870228037786,False,002475,立讯精密
2022-01-06,1588.75,1638.78,1575.23,1583.68,67872217.0,3208550065.0,-0.028614015054423583,False,002475,立讯精密
2022-01-07,1588.75,1631.0,1545.48,1575.57,56094463.0,2618795348.0,-0.0051341412136155905,False,002475,立讯精密
2022-01-10,1554.95,1686.1,1537.37,1642.83,72721548.0,3506114786.0,0.04180325287050658,False,002475,立讯精密
2022-01-11,1666.5,1666.5,1572.52,1580.97,55048944.0,2602080557.0,-0.03838178172304237,False,002475,立讯精密
2022-01-12,1597.2,1654.33,1585.37,1599.9,52355839.0,2498239120.0,0.01190254457729649,False,002475,立讯精密
2022-01-13,1615.79,1615.79,1526.21,1533.31,46583182.0,2139747178.0,-0.042512329972679716,False,002475,立讯精密
2022-01-14,1514.38,1581.65,1504.58,1565.09,48852821.0,2242659739.0,0.020514533005966427,False,002475,立讯精密
2022-01-17,1554.61,1631.0,1550.89,1585.37,47309831.0,2225462422.0,0.012874488246708426,False,002475,立讯精密
2022-01-18,1574.21,1651.28,1572.86,1620.19,51613938.0,2474772306.0,0.021725607745160747,False,002475,立讯精密
2022-01-19,1598.89,1639.12,1587.06,1604.3,34132406.0,1622243416.0,-0.009855901942792128,False,002475,立讯精密
2022-01-20,1592.13,1670.55,1581.31,1656.02,67456869.0,3286982442.0,0.0317296088099309,False,002475,立讯精密
2022-01-21,1638.78,1667.85,1587.4,1595.17,52596401.0,2516425649.0,-0.037436819555487784,False,002475,立讯精密
2022-01-24,1583.68,1696.24,1578.61,1666.16,74583662.0,3657342614.0,0.04354126391928751,False,002475,立讯精密
2022-01-25,1664.81,1710.1,1632.69,1635.73,44862999.0,2198796970.0,-0.018432389662935613,False,002475,立讯精密
2022-01-26,1634.72,1661.43,1586.04,1622.21,45220882.0,2170292893.0,-0.008299770782574675,False,002475,立讯精密
2022-01-27,1615.79,1636.07,1560.02,1564.75,53446321.0,2522121872.0,-0.03606335028043968,False,002475,立讯精密
2022-01-28,1586.72,1629.31,1543.45,1577.26,54735697.0,2577842342.0,0.00796309757500286,False,002475,立讯精密
2022-02-07,1602.27,1605.31,1509.65,1571.85,53584302.0,2470849045.0,-0.003435894790753401,False,002475,立讯精密
2022-02-08,1561.37,1568.47,1414.66,1461.99,114974276.0,4935569920.0,-0.07245474824800952,False,002475,立讯精密
2022-02-09,1460.3,1495.45,1438.66,1481.59,57974930.0,2524768245.0,0.01331731406804303,False,002475,立讯精密
2022-02-10,1480.58,1527.9,1468.41,1477.54,42486103.0,1877566991.0,-0.002737292737264038,False,002475,立讯精密
2022-02-11,1466.04,1466.04,1382.89,1387.62,82735383.0,3458274314.0,-0.0627884933044945,False,002475,立讯精密
2022-02-14,1413.65,1477.2,1399.45,1416.35,87745290.0,3730040283.0,0.020493090484830077,False,002475,立讯精密
2022-02-15,1417.03,1534.33,1415.68,1533.65,86057292.0,3824428329.0,0.07956737537336299,False,002475,立讯精密
2022-02-16,1541.42,1548.18,1483.96,1489.37,57223952.0,2546173773.0,-0.029297303491040018,False,002475,立讯精密
2022-02-17,1485.65,1509.31,1460.63,1497.14,42253374.0,1863177679.0,0.005203409686463973,False,002475,立讯精密
2022-02-18,1483.28,1490.04,1456.92,1472.13,28820721.0,1251922849.0,-0.016846289814298605,False,002475,立讯精密
2022-02-21,1458.94,1468.75,1436.63,1450.49,34781997.0,1490337741.0,-0.014808901243382517,False,002475,立讯精密
2022-02-22,1392.69,1410.94,1335.9,1406.55,90350265.0,3687237907.0,-0.030761532829527354,False,002475,立讯精密
2022-02-23,1412.3,1464.69,1412.3,1453.54,48217961.0,2062516634.0,0.032862062866366275,False,002475,立讯精密
2022-02-24,1457.59,1473.48,1416.35,1440.35,43080191.0,1841649775.0,-0.009115820807724473,False,002475,立讯精密
2022-02-25,1453.54,1497.48,1453.54,1462.66,42993502.0,1877171125.0,0.015370556239097175,False,002475,立讯精密
2022-02-28,1451.51,1484.63,1444.07,1468.07,30323756.0,1309472909.0,0.0036919171298417826,False,002475,立讯精密
2022-03-01,1451.17,1468.75,1424.13,1453.54,33649679.0,1438814676.0,-0.009946652561214296,False,002475,立讯精密
2022-03-02,1446.1,1448.8,1369.03,1382.21,68014090.0,2793589651.0,-0.05031829292598356,False,002475,立讯精密
2022-03-03,1387.62,1391.0,1302.1,1319.34,85364301.0,3344824431.0,-0.04655205593539242,False,002475,立讯精密
2022-03-04,1301.42,1330.49,1276.75,1293.65,66822429.0,2562826001.0,-0.019663931198433435,False,002475,立讯精密
2022-03-07,1260.86,1266.27,1212.86,1222.32,78286718.0,2865992719.0,-0.056716988095841976,False,002475,立讯精密
2022-03-08,1228.74,1277.76,1201.03,1248.01,88541432.0,3255845587.0,0.020799590473324425,False,002475,立讯精密
2022-03-09,1249.36,1275.39,1196.97,1265.93,72920651.0,2695890858.0,0.014256747198581193,False,002475,立讯精密
2022-03-10,1300.75,1314.94,1254.77,1256.13,76795479.0,2905309283.0,-0.007771464059592155,False,002475,立讯精密
2022-03-11,1222.66,1228.74,1166.21,1210.15,108974158.0,3844937476.0,-0.03729124700710323,False,002475,立讯精密
2022-03-14,1203.73,1206.77,1158.77,1159.45,59446204.0,2074905718.0,-0.04279856411922464,False,002475,立讯精密
2022-03-15,1159.79,1186.49,1118.88,1139.17,85118500.0,2903290728.0,-0.017645827689149084,False,002475,立讯精密
2022-03-16,1164.86,1169.59,1074.26,1153.36,131899185.0,4392113769.0,0.012379494462352756,False,002475,立讯精密
2022-03-17,1183.11,1200.01,1154.38,1172.97,94583223.0,3299889658.0,0.016859572375199628,False,002475,立讯精密
2022-03-18,1165.19,1206.43,1156.41,1179.73,56519780.0,1977068691.0,0.005746604839724289,False,002475,立讯精密
2022-03-21,1224.01,1226.38,1176.69,1186.15,59739714.0,2119151318.0,0.0054271693898015885,False,002475,立讯精密
2022-03-22,1186.15,1200.01,1173.65,1180.41,37436764.0,1312526311.0,-0.004850932370967066,False,002475,立讯精密
2022-03-23,1186.15,1195.62,1163.84,1189.53,39265144.0,1374670445.0,0.007696435368528096,False,002475,立讯精密
2022-03-24,1176.69,1181.42,1159.45,1162.49,37944335.0,1307474917.0,-0.022994014831959605,False,002475,立讯精密
2022-03-25,1172.97,1176.35,1133.08,1135.45,42832443.0,1457460647.0,-0.023535208163297117,False,002475,立讯精密
2022-03-28,1117.19,1137.81,1102.32,1107.05,45514581.0,1499204856.0,-0.02533022830370688,False,002475,立讯精密
2022-03-29,1120.57,1121.93,1029.31,1039.45,122681267.0,3842475559.0,-0.06300709271384794,False,002475,立讯精密
2022-03-30,1049.93,1098.6,1049.93,1095.9,82859610.0,2659781700.0,0.05288421637622348,False,002475,立讯精密
2022-03-31,1096.91,1099.28,1065.81,1071.56,48420677.0,1540344144.0,-0.022460412856531796,False,002475,立讯精密
2022-04-01,1071.22,1074.26,1051.62,1058.04,49113606.0,1541628765.0,-0.012697390725878867,False,002475,立讯精密
2022-04-06,1059.39,1060.74,1011.39,1021.53,75353395.0,2290681440.0,-0.03511663648488328,False,002475,立讯精密
2022-04-07,1017.48,1035.05,1011.39,1016.8,47429327.0,1435411372.0,-0.004641062526808354,False,002475,立讯精密
2022-04-08,1025.25,1026.94,983.67,991.78,61176166.0,1797615542.0,-0.02491441137945279,False,002475,立讯精密
2022-04-11,989.76,994.49,939.73,941.42,73595734.0,2071080415.0,-0.05211193480009706,False,002475,立讯精密
2022-04-12,960.35,977.93,941.42,976.24,68562843.0,1947835081.0,0.03631908412788967,False,002475,立讯精密
2022-04-13,969.14,972.18,947.16,954.26,38658384.0,1097877442.0,-0.022772286819043364,False,002475,立讯精密
2022-04-14,968.12,979.95,952.24,970.15,48046839.0,1373653665.0,0.016514527712740687,False,002475,立讯精密
2022-04-15,956.63,996.52,952.57,987.73,51660581.0,1501485725.0,0.017958682330753182,False,002475,立讯精密
2022-04-18,984.35,1022.55,973.53,1016.12,51102670.0,1524068243.0,0.028337350352148225,False,002475,立讯精密
2022-04-19,1010.71,1010.71,974.21,981.98,57844237.0,1690636639.0,-0.034175789851896975,False,002475,立讯精密
2022-04-20,983.67,991.45,967.11,970.15,37559514.0,1089481147.0,-0.012120242831004513,False,002475,立讯精密
2022-04-21,967.78,1013.76,962.71,986.71,79413438.0,2346070089.0,0.016925477887226335,False,002475,立讯精密
2022-04-22,987.39,994.49,957.64,980.29,58916664.0,1704233352.0,-0.0065277303477477054,False,002475,立讯精密
2022-04-25,962.38,963.39,898.49,906.94,70137849.0,1919939331.0,-0.0777721504797183,False,002475,立讯精密
2022-04-26,907.61,928.57,874.83,880.57,65118674.0,1729263290.0,-0.02950687071683144,False,002475,立讯精密
2022-04-27,872.8,939.73,865.7,937.7,74237171.0,2004841488.0,0.06286064336536917,False,002475,立讯精密
2022-04-28,976.24,1003.95,944.12,993.47,93765923.0,2713866004.0,0.057773796834582614,False,002475,立讯精密
2022-04-29,994.49,1054.32,977.59,1043.84,95745143.0,2891651588.0,0.04945763473243206,False,002475,立讯精密
2022-05-05,1064.8,1064.8,1006.66,1009.02,64734656.0,1963377993.0,-0.03392665822988068,False,002475,立讯精密
2022-05-06,981.98,1001.25,970.15,986.38,36287110.0,1055316569.0,-0.022693165868337622,False,002475,立讯精密
2022-05-09,977.59,983.33,948.18,956.29,48790499.0,1388524777.0,-0.03098046156312369,False,002475,立讯精密
2022-05-10,938.38,986.71,919.45,980.29,60390332.0,1730364419.0,0.02478723192550787,False,002475,立讯精密
2022-05-11,992.46,1078.32,992.46,1034.71,112987548.0,3488354761.0,0.05402802694453541,False,002475,立讯精密
2022-05-12,1024.24,1040.8,1010.71,1025.59,53164142.0,1610081533.0,-0.008853137472441012,False,002475,立讯精密
2022-05-13,1031.0,1036.4,1005.64,1021.87,38044089.0,1145754063.0,-0.003633774621567805,False,002475,立讯精密
2022-05-16,1034.71,1056.35,997.19,1005.64,50491145.0,1520939998.0,-0.01601012737492831,False,002475,立讯精密
2022-05-17,1007.33,1033.02,1000.57,1030.32,48541331.0,1463437965.0,0.02424527885205631,False,002475,立讯精密
2022-05-18,1031.0,1039.79,1010.71,1025.25,41063693.0,1244772347.0,-0.004932948312246167,False,002475,立讯精密
2022-05-19,1004.29,1028.29,1002.6,1026.94,35394501.0,1065844654.0,0.0016470213596555734,False,002475,立讯精密
2022-05-20,1047.22,1058.04,1020.18,1047.56,63346122.0,1955812375.0,0.019880143760352596,False,002475,立讯精密
2022-05-23,1042.83,1052.29,1013.08,1025.93,51969850.0,1575978686.0,-0.020864132109827235,False,002475,立讯精密
2022-05-24,1024.91,1047.22,980.29,982.32,64974559.0,1942727601.0,-0.0434376764300922,False,002475,立讯精密
2022-05-25,982.32,996.86,971.5,989.42,39672102.0,1151994319.0,0.007201792008320703,False,002475,立讯精密
2022-05-26,989.42,1066.49,964.4,1034.38,100780817.0,3061831458.0,0.04443857953002489,False,002475,立讯精密
2022-05-27,1060.41,1069.87,1040.12,1049.93,70110014.0,2190509483.0,0.014921281871978526,False,002475,立讯精密
2022-05-30,1052.63,1061.08,1031.0,1047.9,37937063.0,1173305205.0,-0.0019353337816853942,False,002475,立讯精密
2022-05-31,1057.7,1149.31,1038.1,1142.88,124083746.0,4082647526.0,0.08676323092576639,False,002475,立讯精密
2022-06-01,1132.41,1142.55,1101.98,1108.41,74697424.0,2466518205.0,-0.03062483644482371,False,002475,立讯精密
2022-06-02,1101.31,1138.49,1096.57,1132.41,65121764.0,2167676820.0,0.02142154903875139,False,002475,立讯精密
2022-06-06,1183.45,1235.84,1177.03,1210.15,127915918.0,4562465539.0,0.066396213849079,False,002475,立讯精密
2022-06-07,1188.52,1216.91,1169.93,1181.08,73145832.0,2569737753.0,-0.024315044742438934,False,002475,立讯精密
2022-06-08,1175.34,1209.14,1167.9,1191.22,62229848.0,2189040316.0,0.008548717913428644,False,002475,立讯精密
2022-06-09,1189.87,1189.87,1132.41,1136.46,81704054.0,2779719089.0,-0.04705982412395358,False,002475,立讯精密
2022-06-10,1132.41,1159.79,1109.76,1155.39,55468967.0,1874907813.0,0.016519781401753694,False,002475,立讯精密
2022-06-13,1136.12,1152.69,1117.19,1127.34,55100679.0,1836027363.0,-0.024577073864972813,False,002475,立讯精密
2022-06-14,1122.26,1122.26,1077.98,1117.19,67797378.0,2194200199.0,-0.00904427135132493,False,002475,立讯精密
2022-06-15,1118.88,1153.36,1102.66,1118.21,71598325.0,2384782665.0,0.0009125884144131666,False,002475,立讯精密
2022-06-16,1126.66,1145.25,1118.55,1124.97,50361030.0,1686339138.0,0.0060271761197177535,False,002475,立讯精密
2022-06-17,1110.77,1141.87,1105.7,1124.63,70259023.0,2339778471.0,-0.00030227596247218665,False,002475,立讯精密
2022-06-20,1129.03,1139.84,1099.28,1121.93,72604985.0,2401590694.0,-0.0024036761092275385,False,002475,立讯精密
2022-06-21,1125.98,1165.53,1120.91,1145.25,80540653.0,2732917593.0,0.020572537222259303,False,002475,立讯精密
2022-06-22,1145.59,1150.66,1055.0,1086.1,142087226.0,4567269955.0,-0.053029655480861235,False,002475,立讯精密
2022-06-23,1081.7,1089.14,1059.73,1086.77,93692472.0,2980189726.0,0.0006166959102333372,False,002475,立讯精密
2022-06-24,1092.86,1115.5,1087.11,1095.56,79755357.0,2592745213.0,0.00805565385114115,False,002475,立讯精密
2022-06-27,1095.22,1120.91,1081.03,1113.14,91985003.0,2996901379.0,0.01591920248128607,False,002475,立讯精密
2022-06-28,1109.08,1154.38,1099.28,1152.69,95919817.0,3190650575.0,0.03491349075657011,False,002475,立讯精密
2022-06-29,1152.01,1158.1,1104.69,1106.04,77786074.0,2596823695.0,-0.041312272491647796,False,002475,立讯精密
2022-06-30,1101.98,1152.35,1101.65,1142.21,70764791.0,2372040971.0,0.03217891343300895,False,002475,立讯精密
2022-07-01,1146.27,1182.1,1139.5,1153.03,77827149.0,2669508933.0,0.00942827778464563,False,002475,立讯精密
2022-07-04,1132.41,1133.42,1095.56,1101.98,104700242.0,3429975794.0,-0.04528469828338645,False,002475,立讯精密
2022-07-05,1098.26,1098.26,1041.14,1051.62,157946233.0,4934890292.0,-0.0467767294147018,False,002475,立讯精密
2022-07-06,1051.62,1061.42,1037.08,1043.17,76728745.0,2377586998.0,-0.008067678222972292,False,002475,立讯精密
2022-07-07,1041.14,1106.38,1010.71,1093.87,135498586.0,4296353360.0,0.047457712849199044,False,002475,立讯精密
2022-07-08,1098.6,1185.81,1098.6,1170.94,188385268.0,6518988498.0,0.0680849780877274,False,002475,立讯精密
2022-07-11,1165.19,1168.91,1125.65,1136.12,78984766.0,2668239573.0,-0.03018789652203762,False,002475,立讯精密
2022-07-12,1136.46,1143.9,1118.88,1129.03,57696898.0,1930055908.0,-0.006260091520651689,False,002475,立讯精密
2022-07-13,1125.29,1142.25,1095.11,1104.61,59188923.0,1933452460.0,-0.021866525507417814,False,002475,立讯精密
2022-07-14,1101.21,1122.92,1080.19,1107.32,44688059.0,1459753630.0,0.0024503500164578446,False,002475,立讯精密
2022-07-15,1107.66,1154.8,1087.31,1119.19,66692537.0,2222294331.0,0.010662527864371765,False,002475,立讯精密
2022-07-18,1119.87,1131.06,1068.32,1102.23,74720045.0,2411136612.0,-0.01526980898840087,False,002475,立讯精密
2022-07-19,1081.54,1105.62,1075.1,1099.52,62051183.0,1990652161.0,-0.0024616794536341797,False,002475,立讯精密
2022-07-20,1106.64,1123.26,1078.83,1083.92,58487142.0,1890094470.0,-0.014289621377605439,False,002475,立讯精密
2022-07-21,1077.14,1104.61,1068.32,1082.22,50939959.0,1636365038.0,-0.0015696126280128305,False,002475,立讯精密
2022-07-22,1084.6,1085.27,1043.56,1057.13,63174794.0,1973507410.0,-0.023456798009336755,False,002475,立讯精密
2022-07-25,1057.13,1061.53,1041.19,1044.58,30377596.0,936910388.0,-0.011942798166542088,False,002475,立讯精密
2022-07-26,1051.7,1055.77,1031.69,1053.39,36664504.0,1131516153.0,0.008398644199886722,False,002475,立讯精密
2022-07-27,1047.97,1063.57,1044.24,1046.61,30749431.0,951186248.0,-0.006457165292999559,False,002475,立讯精密
2022-07-28,1049.66,1151.07,1049.66,1137.16,177689231.0,5869650977.0,0.08297755640519634,False,002475,立讯精密
2022-07-29,1133.09,1172.44,1121.9,1151.41,114451438.0,3896869616.0,0.012453352236660855,False,002475,立讯精密
2022-08-01,1151.75,1235.52,1125.97,1219.24,136913820.0,4874906244.0,0.05724043551011979,False,002475,立讯精密
2022-08-02,1194.82,1207.37,1170.06,1176.17,88481363.0,3095057422.0,-0.035964316958921966,False,002475,立讯精密
2022-08-03,1176.51,1199.91,1132.76,1141.91,70427436.0,2419355234.0,-0.02956109783070157,False,002475,立讯精密
2022-08-04,1154.46,1187.36,1147.0,1172.78,56950316.0,1961552788.0,0.02667469977745204,False,002475,立讯精密
2022-08-05,1172.1,1192.11,1151.75,1177.52,61701916.0,2137491694.0,0.004033533103354538,False,002475,立讯精密
2022-08-08,1171.42,1231.11,1171.42,1204.32,76523411.0,2718643649.0,0.02250456040189053,False,002475,立讯精密
2022-08-09,1187.02,1209.74,1181.25,1199.91,48489372.0,1708301369.0,-0.0036685383227706625,False,002475,立讯精密
2022-08-10,1188.72,1209.06,1169.38,1176.51,40757692.0,1425698244.0,-0.019694125044651584,False,002475,立讯精密
2022-08-11,1203.3,1294.19,1194.48,1294.19,148539249.0,5515564568.0,0.09533258789349147,False,002475,立讯精密
2022-08-12,1278.59,1298.26,1251.46,1253.49,90115535.0,3376003908.0,-0.03195335590830949,False,002475,立讯精密
2022-08-15,1260.28,1306.4,1248.07,1264.68,90229084.0,3409527897.0,0.008887464829864218,False,002475,立讯精密
2022-08-16,1252.14,1278.93,1229.41,1242.3,79539759.0,2921371063.0,-0.017854625514214465,False,002475,立讯精密
2022-08-17,1250.1,1326.07,1222.29,1303.01,103890793.0,3946662671.0,0.04771247247284791,False,002475,立讯精密
2022-08-18,1292.16,1319.29,1279.95,1296.56,63225938.0,2419328248.0,-0.004962369342615084,False,002475,立讯精密
2022-08-19,1296.23,1315.9,1266.04,1268.41,48664462.0,1841054678.0,-0.021950455768468678,False,002475,立讯精密
2022-08-22,1261.63,1354.9,1253.15,1301.65,94584029.0,3663496747.0,0.025868542844996928,False,002475,立讯精密
2022-08-23,1301.65,1318.27,1281.98,1301.31,58353611.0,2228988731.0,-0.00026124105013820907,False,002475,立讯精密
2022-08-24,1291.82,1298.6,1237.55,1242.98,65139344.0,2414163596.0,-0.045859727099575906,False,002475,立讯精密
2022-08-25,1256.88,1288.76,1240.94,1278.59,61512423.0,2298835980.0,0.02824618597108533,False,002475,立讯精密
2022-08-26,1352.52,1363.38,1305.04,1312.5,147325632.0,5806570578.0,0.02617580721801511,False,002475,立讯精密
2022-08-29,1290.46,1343.37,1282.66,1310.13,64145277.0,2484184646.0,-0.001807346552989858,False,002475,立讯精密
2022-08-30,1310.81,1311.15,1254.85,1283.0,54698813.0,2063400821.0,-0.02092528329715256,False,002475,立讯精密
2022-08-31,1271.81,1291.48,1251.46,1272.48,53105207.0,1993519213.0,-0.008233333406811268,False,002475,立讯精密
2022-09-01,1268.41,1284.02,1217.54,1217.54,57200523.0,2088163638.0,-0.04413532258232237,False,002475,立讯精密
2022-09-02,1227.38,1307.42,1218.9,1285.37,65944856.0,2469619210.0,0.05421418499989178,False,002475,立讯精密
2022-09-05,1281.3,1298.26,1247.05,1287.07,42898755.0,1619278129.0,0.0013217025450367205,False,002475,立讯精密
2022-09-06,1283.0,1288.42,1238.23,1249.42,66566741.0,2458648205.0,-0.029688873556395177,False,002475,立讯精密
2022-09-07,1246.71,1253.83,1224.33,1232.13,75199565.0,2738722218.0,-0.013935064607840287,False,002475,立讯精密
2022-09-08,1241.28,1257.9,1212.79,1230.43,55071976.0,1996457723.0,-0.0013806772383657192,False,002475,立讯精密
2022-09-09,1227.04,1237.89,1196.85,1229.07,44446820.0,1602313086.0,-0.0011059159492680997,False,002475,立讯精密
2022-09-13,1258.24,1295.55,1245.01,1247.05,75475252.0,2823968551.0,0.014522976287596231,False,002475,立讯精密
2022-09-14,1219.24,1227.04,1200.59,1202.62,52227633.0,1865408122.0,-0.03627825200635048,False,002475,立讯精密
2022-09-15,1203.98,1209.06,1162.6,1183.97,45801468.0,1595518058.0,-0.015629311815703147,False,002475,立讯精密
2022-09-16,1170.06,1191.09,1153.44,1159.21,43067331.0,1484574138.0,-0.02113445967677989,False,002475,立讯精密
2022-09-19,1146.32,1152.77,1108.34,1147.0,69658082.0,2327419859.0,-0.010588900478954192,False,002475,立讯精密
2022-09-20,1159.89,1167.35,1102.23,1136.15,55169703.0,1835410237.0,-0.009504484311563848,False,002475,立讯精密
2022-09-21,1124.96,1140.22,1102.23,1112.41,60170926.0,1976826229.0,-0.02111652092630658,False,002475,立讯精密
2022-09-22,1099.86,1112.07,1086.29,1091.04,53083132.0,1714009100.0,-0.019397463119157562,False,002475,立讯精密
2022-09-23,1093.41,1107.66,1069.33,1081.54,45858593.0,1467247944.0,-0.008745418395128613,False,002475,立讯精密
2022-09-26,1070.01,1098.16,1068.32,1074.42,39616975.0,1260423625.0,-0.006604970300490817,False,002475,立讯精密
2022-09-27,1074.42,1082.56,1054.41,1081.88,50085008.0,1583383149.0,0.006919287449078972,False,002475,立讯精密
2022-09-28,1068.32,1073.07,1035.08,1036.44,58867709.0,1819122285.0,-0.04290850444560778,False,002475,立讯精密
2022-09-29,1054.75,1055.77,1019.14,1027.96,49153096.0,1494639157.0,-0.008215508327954086,False,002475,立讯精密
2022-09-30,1014.05,1024.91,987.6,997.1,65709531.0,1942384190.0,-0.030480468917493286,False,002475,立讯精密
2022-10-10,997.1,1000.49,947.92,949.62,61602451.0,1749510558.0,-0.04878916126150042,False,002475,立讯精密
2022-10-11,949.62,956.4,929.27,941.14,49226740.0,1367309413.0,-0.008969998158345191,False,002475,立讯精密
2022-10-12,942.83,971.32,932.66,970.64,57522675.0,1612529134.0,0.03086374132871599,False,002475,立讯精密
2022-10-13,962.16,986.24,957.76,967.59,61441562.0,1760857990.0,-0.0031472039102614638,False,002475,立讯精密
2022-10-14,980.14,1012.02,970.98,1003.54,68446783.0,2003397505.0,0.036480584096919594,False,002475,立讯精密
2022-10-17,987.6,1038.47,985.57,1034.4,50453255.0,1515650080.0,0.030287799527372174,False,002475,立讯精密
2022-10-18,1044.58,1055.77,1008.29,1009.64,47714893.0,1434073991.0,-0.02422771680418971,False,002475,立讯精密
2022-10-19,999.47,1011.0,983.53,989.97,42417517.0,1244448154.0,-0.01967447101427157,False,002475,立讯精密
2022-10-20,988.96,1006.25,965.89,986.92,52601289.0,1532639782.0,-0.0030856571888084427,False,002475,立讯精密
2022-10-21,986.92,989.3,958.09,962.84,50161434.0,1431398355.0,-0.02470173191213719,False,002475,立讯精密
2022-10-24,962.84,981.83,922.82,936.05,67021419.0,1874898712.0,-0.028218356683963598,False,002475,立讯精密
2022-10-25,949.62,954.7,929.61,935.37,48842707.0,1356437528.0,-0.0007267209177276331,False,002475,立讯精密
2022-10-26,939.44,964.88,926.55,949.62,48911708.0,1368930134.0,0.015119731636697078,False,002475,立讯精密
2022-10-27,950.29,966.57,941.14,946.56,44697443.0,1254918399.0,-0.0032275444908665993,False,002475,立讯精密
2022-10-28,929.61,942.49,898.4,903.15,63754276.0,1719442708.0,-0.04694570750381372,False,002475,立讯精密
2022-10-31,955.04,993.03,941.14,966.57,129880394.0,3710962841.0,0.06786506972755581,False,002475,立讯精密
2022-11-01,968.27,1002.52,952.67,999.81,96311830.0,2783123220.0,0.0338115386237279,False,002475,立讯精密
2022-11-02,1033.72,1054.75,1024.23,1034.4,103697227.0,3187421885.0,0.03401156652779743,False,002475,立讯精密
2022-11-03,1015.41,1049.66,1010.66,1034.4,69816348.0,2131449139.0,0.0,False,002475,立讯精密
2022-11-04,1037.79,1093.75,1034.4,1077.81,74941156.0,2371825937.0,0.04110965615791973,False,002475,立讯精密
2022-11-07,1119.53,1123.26,1081.88,1098.5,68645218.0,2229004951.0,0.019014408209097295,False,002475,立讯精密
2022-11-08,1092.74,1111.39,1071.71,1085.61,59010832.0,1889355491.0,-0.011803571850484248,False,002475,立讯精密
2022-11-09,1135.81,1135.81,1078.49,1087.99,110196761.0,3575789001.0,0.002189916222997463,False,002475,立讯精密
2022-11-10,1068.32,1068.32,1002.86,1032.03,133679262.0,4056213731.0,-0.052804220810745914,False,002475,立讯精密
2022-11-11,1068.32,1078.15,1055.43,1065.94,86743711.0,2732133840.0,0.03232930257705109,False,002475,立讯精密
2022-11-14,1075.44,1098.84,1070.69,1076.46,62898930.0,2011954076.0,0.009820840695864657,False,002475,立讯精密
2022-11-15,1071.71,1168.37,1068.32,1158.87,113933572.0,3799950721.0,0.07376751272931378,False,002475,立讯精密
2022-11-16,1153.1,1155.14,1125.29,1138.86,60350548.0,2026582003.0,-0.01741763033370423,False,002475,立讯精密
2022-11-17,1136.15,1136.15,1096.13,1127.67,48946098.0,1607918062.0,-0.009874204990475713,False,002475,立讯精密
2022-11-18,1132.42,1132.42,1102.23,1106.3,59086603.0,1937120936.0,-0.01913244302361677,False,002475,立讯精密
2022-11-21,1092.74,1111.73,1080.19,1108.0,38812454.0,1255301987.0,0.0015354742663639485,False,002475,立讯精密
2022-11-22,1103.59,1120.89,1092.4,1104.61,31896135.0,1039771316.0,-0.003064256830242506,False,002475,立讯精密
2022-11-23,1096.13,1106.98,1075.78,1089.68,33219508.0,1066316627.0,-0.01360825633790034,False,002475,立讯精密
2022-11-24,1100.54,1112.41,1069.0,1074.08,36096492.0,1149834819.0,-0.014419593948644909,False,002475,立讯精密
2022-11-25,1074.08,1097.15,1064.59,1064.59,45177881.0,1435658560.0,-0.008874732695224504,False,002475,立讯精密
2022-11-28,1024.23,1054.07,1017.45,1042.2,42832244.0,1312826510.0,-0.021255885020102634,False,002475,立讯精密
2022-11-29,1050.34,1065.6,1041.19,1063.23,44090518.0,1370488446.0,0.01997758123012654,False,002475,立讯精密
2022-11-30,1052.04,1062.89,1035.08,1048.31,55943047.0,1724251622.0,-0.014132101038181934,False,002475,立讯精密
2022-12-01,1068.32,1088.33,1047.29,1053.06,65869228.0,2069793393.0,0.004520867900594952,False,002475,立讯精密
2022-12-02,1053.06,1058.14,1038.13,1039.49,42040801.0,1297346981.0,-0.012970003325478718,False,002475,立讯精密
2022-12-05,1029.99,1044.24,1010.66,1022.87,99715413.0,3001313390.0,-0.01611780658939445,False,002475,立讯精密
2022-12-06,1022.19,1090.02,1016.09,1072.39,110264370.0,3452048168.0,0.04727740078677034,False,002475,立讯精密
2022-12-07,1072.73,1102.23,1068.32,1086.97,61526982.0,1967178081.0,0.013504206404757989,False,002475,立讯精密
2022-12-08,1086.97,1093.75,1068.66,1073.07,36924273.0,1171918944.0,-0.012870309690048896,False,002475,立讯精密
2022-12-09,1074.08,1085.27,1061.87,1083.58,36996133.0,1174150869.0,0.009746674891146547,False,002475,立讯精密
2022-12-12,1074.08,1121.22,1065.27,1112.41,68819866.0,2244024920.0,0.026258458846093798,False,002475,立讯精密
2022-12-13,1105.62,1109.69,1075.1,1077.14,39436560.0,1266540123.0,-0.03221945246822355,False,002475,立讯精密
2022-12-14,1083.58,1090.36,1068.32,1069.33,31802778.0,1011549609.0,-0.007277096316822437,False,002475,立讯精密
2022-12-15,1069.67,1105.62,1067.64,1077.47,32051398.0,1025556053.0,0.007583416256468286,False,002475,立讯精密
2022-12-16,1069.0,1077.14,1048.99,1075.44,33392146.0,1048378241.0,-0.0018858202169253172,False,002475,立讯精密
2022-12-19,1067.98,1084.6,1046.27,1048.65,28606154.0,894886583.0,-0.02522625751989339,False,002475,立讯精密
2022-12-20,1047.29,1059.84,1027.28,1031.35,44641352.0,1366409057.0,-0.01663499898150075,False,002475,立讯精密
2022-12-21,1035.08,1055.09,1031.01,1035.08,27390596.0,840815704.0,0.003610094753776138,False,002475,立讯精密
2022-12-22,1045.26,1088.67,1031.35,1072.39,63817442.0,2016941921.0,0.03541108404117143,False,002475,立讯精密
2022-12-23,1064.93,1079.51,1055.43,1066.96,23879119.0,751981308.0,-0.005076319125411694,False,002475,立讯精密
2022-12-26,1066.96,1112.07,1065.27,1081.54,36959037.0,1189507444.0,0.013572468063075003,False,002475,立讯精密
2022-12-27,1092.4,1102.23,1072.39,1095.45,30802835.0,987985887.0,0.012779286357014301,False,002475,立讯精密
2022-12-28,1087.31,1103.93,1079.85,1080.53,31994579.0,1025738616.0,-0.013713576249079758,False,002475,立讯精密
2022-12-29,1075.1,1102.23,1072.05,1087.65,34099624.0,1096063901.0,0.006567744000562693,False,002475,立讯精密
2022-12-30,1096.13,1099.86,1075.78,1076.8,29132127.0,930866795.0,-0.010025725595248192,False,002475,立讯精密
2023-01-03,1072.73,1089.34,1050.0,1069.0,42583625.0,1343981752.0,-0.007270047865418107,False,002475,立讯精密
2023-01-04,1058.14,1058.82,962.16,962.16,182030574.0,5267043589.0,-0.10529815402268408,False,002475,立讯精密
2023-01-05,985.57,997.77,962.16,997.1,147581393.0,4280210207.0,0.03567030883238615,False,002475,立讯精密
2023-01-06,975.05,989.97,962.16,978.44,91100438.0,2621224436.0,-0.018891599223067494,False,002475,立讯精密
2023-01-09,977.76,993.03,977.76,986.58,57421456.0,1669552658.0,0.00828495034251,False,002475,立讯精密
2023-01-10,988.62,1014.39,973.7,1005.57,61175602.0,1797812206.0,0.019065406941276185,False,002475,立讯精密
2023-01-11,1005.91,1020.84,995.74,995.74,39790521.0,1177362625.0,-0.009823644565536315,False,002475,立讯精密
2023-01-12,1000.15,1007.61,987.94,999.13,29387862.0,863995294.0,0.003398720982563033,False,002475,立讯精密
2023-01-13,998.11,1003.2,981.5,991.67,36166631.0,1055345418.0,-0.007494509661983763,False,002475,立讯精密
2023-01-16,985.57,1023.55,984.55,1009.98,70538556.0,2097452010.0,0.018295417008536437,False,002475,立讯精密
2023-01-17,1010.32,1061.53,1006.25,1052.72,75035306.0,2320152768.0,0.041446762182839755,False,002475,立讯精密
2023-01-18,1051.02,1056.79,1041.86,1044.58,33701760.0,1041884366.0,-0.007762400107601233,False,002475,立讯精密
2023-01-19,1044.58,1054.41,1035.08,1051.36,28039415.0,865731785.0,0.0064696734152736085,False,002475,立讯精密
2023-01-20,1053.73,1065.94,1047.97,1054.41,30586823.0,951760939.0,0.0028968046204796045,False,002475,立讯精密
2023-01-30,1086.29,1129.02,1081.88,1106.98,96629607.0,3156136460.0,0.04865421792805708,False,002475,立讯精密
2023-01-31,1107.66,1118.51,1092.4,1101.55,35712673.0,1162534725.0,-0.004917307839520269,False,002475,立讯精密
2023-02-01,1101.89,1126.31,1094.09,1122.92,48989587.0,1605961375.0,0.01921415658632894,False,002475,立讯精密
2023-02-02,1123.6,1135.47,1105.96,1106.64,39514599.0,1298848210.0,-0.014604037878343197,False,002475,立讯精密
2023-02-03,1102.57,1121.56,1081.54,1111.73,48332291.0,1568488779.0,0.004588963006482429,False,002475,立讯精密
2023-02-06,1094.77,1104.27,1073.4,1082.56,56937923.0,1820977251.0,-0.02658875398069866,False,002475,立讯精密
2023-02-07,1088.33,1093.08,1071.71,1076.46,35235395.0,1120617698.0,-0.005650726932995539,False,002475,立讯精密
2023-02-08,1078.83,1090.36,1066.62,1072.05,33620930.0,1064595805.0,-0.004105176325250552,False,002475,立讯精密
2023-02-09,1067.64,1101.55,1065.94,1100.2,44329759.0,1427874207.0,0.0259192781072602,False,002475,立讯精密
2023-02-10,1095.45,1103.93,1084.6,1089.68,30056808.0,967718330.0,-0.009607906302271544,False,002475,立讯精密
2023-02-13,1077.47,1119.87,1076.12,1117.83,55097698.0,1799988142.0,0.02550523076900268,False,002475,立讯精密
2023-02-14,1117.83,1122.58,1108.68,1118.51,32635530.0,1073433696.0,0.0006081365275020656,False,002475,立讯精密
2023-02-15,1120.21,1139.54,1115.12,1126.99,35209202.0,1169086275.0,0.007552919450355599,False,002475,立讯精密
2023-02-16,1126.31,1153.1,1111.39,1120.21,56823264.0,1902036708.0,-0.006034194172734593,False,002475,立讯精密
2023-02-17,1120.21,1132.08,1074.42,1076.8,46261068.0,1496019421.0,-0.03952248782274892,False,002475,立讯精密
2023-02-20,1071.71,1076.8,1028.64,1061.53,72295634.0,2243960417.0,-0.014282416252965441,False,002475,立讯精密
2023-02-21,1060.52,1078.49,1056.11,1066.96,34513345.0,1083399604.0,0.005102219676641182,False,002475,立讯精密
2023-02-22,1055.09,1058.14,1029.65,1043.22,50228304.0,1541871539.0,-0.022501399546385678,False,002475,立讯精密
2023-02-23,1043.9,1095.45,1040.51,1075.44,72418403.0,2291784243.0,0.03041779637824389,False,002475,立讯精密
2023-02-24,1077.81,1077.81,1046.27,1051.36,43673896.0,1359347216.0,-0.02264531599643965,False,002475,立讯精密
2023-02-27,1051.02,1056.79,1010.66,1017.45,78645155.0,2371225006.0,-0.03278506708935932,False,002475,立讯精密
2023-02-28,1016.77,1034.4,1008.97,1015.41,45971647.0,1380752213.0,-0.0020070252597675625,False,002475,立讯精密
2023-03-01,1018.12,1048.99,1015.75,1047.97,61036588.0,1868432208.0,0.031562487716627854,False,002475,立讯精密
2023-03-02,1044.58,1049.66,1033.05,1034.74,31817692.0,974643529.0,-0.012704772105004593,False,002475,立讯精密
2023-03-03,1039.49,1043.9,1017.45,1025.92,38698398.0,1169336592.0,-0.008560416430920478,False,002475,立讯精密
2023-03-06,1025.92,1028.3,1010.66,1017.78,35000307.0,1049562871.0,-0.007965986245447042,False,002475,立讯精密
2023-03-07,1014.73,1016.43,990.31,994.72,40845941.0,1207538295.0,-0.022917773214659,False,002475,立讯精密
2023-03-08,987.26,992.01,981.83,987.94,34728239.0,1010086200.0,-0.006839323362163769,False,002475,立讯精密
2023-03-09,990.31,997.77,981.16,993.03,30362550.0,887301114.0,0.0051389079103138545,False,002475,立讯精密
2023-03-10,983.53,990.31,975.05,976.75,34635287.0,1000956368.0,-0.016530141133997533,False,002475,立讯精密
2023-03-13,972.68,981.16,964.2,976.75,34155660.0,979840338.0,0.0,False,002475,立讯精密
2023-03-14,976.75,978.1,942.83,960.81,56423009.0,1591612182.0,-0.01645405523023009,False,002475,立讯精密
2023-03-15,966.57,993.03,964.2,974.71,46008327.0,1328237466.0,0.014363312152631803,False,002475,立讯精密
2023-03-16,964.88,971.66,938.76,940.12,52927147.0,1482057452.0,-0.03613246416685404,False,002475,立讯精密
2023-03-17,949.95,960.47,932.66,935.71,44719431.0,1246831835.0,-0.00470192727990392,False,002475,立讯精密
2023-03-20,936.05,959.45,922.48,946.22,65925939.0,1837050925.0,0.011169500743137193,False,002475,立讯精密
2023-03-21,949.62,957.76,939.78,957.76,36474283.0,1023531146.0,0.012122124510373247,False,002475,立讯精密
2023-03-22,958.09,982.17,953.35,978.78,49779626.0,1429756584.0,0.02170967351193211,False,002475,立讯精密
2023-03-23,976.75,1012.36,971.66,994.72,77009087.0,2264227049.0,0.016154392344761168,False,002475,立讯精密
2023-03-24,1013.38,1068.66,1011.68,1061.53,178939932.0,5549377089.0,0.06500525211647035,False,002475,立讯精密
2023-03-27,1061.53,1081.88,1034.4,1051.36,102554393.0,3196310534.0,-0.009626699487940153,False,002475,立讯精密
2023-03-28,1047.63,1050.68,1004.9,1009.64,81846188.0,2467551590.0,-0.04049073249609955,False,002475,立讯精密
2023-03-29,1022.87,1039.49,1017.45,1024.23,52126517.0,1579515102.0,0.014347279100085878,False,002475,立讯精密
2023-03-30,1042.54,1051.02,1012.36,1032.71,48236586.0,1463980199.0,0.008245304231245048,False,002475,立讯精密
2023-03-31,1017.45,1035.76,1010.66,1027.96,41466970.0,1255259238.0,-0.004610159232548428,False,002475,立讯精密
2023-04-03,1027.96,1041.86,1023.89,1037.12,51652955.0,1573829488.0,0.00887138520094204,False,002475,立讯精密
2023-04-04,1037.79,1053.73,1032.71,1043.56,66931935.0,2057747172.0,0.0061903037131884895,False,002475,立讯精密
2023-04-06,1031.01,1083.58,1026.6,1061.53,83632969.0,2603834023.0,0.017073318971126853,False,002475,立讯精密
2023-04-07,1055.77,1073.4,1047.97,1054.75,46884107.0,1461850645.0,-0.006407491633049827,False,002475,立讯精密
2023-04-10,1054.75,1083.92,1034.74,1042.2,62084313.0,1939299568.0,-0.0119699085293338,False,002475,立讯精密
2023-04-11,1024.57,1046.27,1020.16,1033.05,43822431.0,1334579505.0,-0.008818271816297442,False,002475,立讯精密
2023-04-12,1053.39,1088.67,1053.39,1085.95,120619408.0,3838895426.0,0.04993958825951297,False,002475,立讯精密
2023-04-13,1077.14,1084.26,1032.03,1035.42,75410575.0,2338427016.0,-0.047648038430787264,False,002475,立讯精密
2023-04-14,1038.13,1042.88,1023.21,1036.78,41788319.0,1271956856.0,0.0013126148009539613,False,002475,立讯精密
2023-04-17,1031.01,1031.01,999.81,1006.93,72851507.0,2165731387.0,-0.029213658392260103,False,002475,立讯精密
2023-04-18,993.7,1008.97,986.58,1001.51,41243979.0,1213885094.0,-0.005397236817747338,False,002475,立讯精密
2023-04-19,1000.49,1002.86,974.03,979.12,55095752.0,1598894250.0,-0.02260993100440618,False,002475,立讯精密
2023-04-20,980.82,989.97,962.84,970.64,50549073.0,1449773835.0,-0.008698561330465515,False,002475,立讯精密
2023-04-21,979.8,992.01,936.73,940.12,75759346.0,2130821183.0,-0.03194812105288996,False,002475,立讯精密
2023-04-24,940.12,944.19,909.94,915.7,82220066.0,2243541318.0,-0.02631872657704113,False,002475,立讯精密
2023-04-25,912.31,917.4,873.65,882.46,82043574.0,2143373764.0,-0.0369753381125156,False,002475,立讯精密
2023-04-26,883.48,925.2,882.8,903.49,72671744.0,1928541084.0,0.023551579901238805,False,002475,立讯精密
2023-04-27,894.33,894.67,847.87,852.96,140127870.0,3557987821.0,-0.0575523888279587,False,002475,立讯精密
2023-04-28,888.57,906.88,874.32,885.18,107272065.0,2807247071.0,0.03707836108307962,False,002475,立讯精密
2023-05-04,883.48,884.16,864.49,868.9,58950401.0,1511944170.0,-0.018562970312370242,False,002475,立讯精密
2023-05-05,868.9,878.73,860.76,876.36,53480969.0,1372848062.0,0.008548921574858448,False,002475,立讯精密
2023-05-08,881.79,883.14,863.47,868.22,50652277.0,1299730137.0,-0.009331826653072032,False,002475,立讯精密
2023-05-09,868.56,911.63,857.03,895.01,97037768.0,2553638576.0,0.030389752629846778,False,002475,立讯精密
2023-05-10,886.87,903.83,878.39,902.13,65214842.0,1714785501.0,0.007923742449454523,False,002475,立讯精密
2023-05-11,902.13,914.68,894.67,899.76,48851384.0,1303248280.0,-0.0026305727504815734,False,002475,立讯精密
2023-05-12,895.01,899.76,886.87,894.67,38044793.0,1002049048.0,-0.005673125896830019,False,002475,立讯精密
2023-05-15,896.03,910.61,886.87,908.92,53980041.0,1433526689.0,0.015802146304660612,False,002475,立讯精密
2023-05-16,928.59,932.66,904.17,910.95,64127707.0,1732748690.0,0.0022309295080971854,False,002475,立讯精密
2023-05-17,915.36,942.83,911.63,938.42,83929067.0,2306203166.0,0.02970959897343076,False,002475,立讯精密
2023-05-18,938.08,954.36,929.61,932.66,68120744.0,1887691293.0,-0.0061568914161855256,False,002475,立讯精密
2023-05-19,959.79,967.59,942.15,953.69,96738168.0,2726628896.0,0.02229795248334101,False,002475,立讯精密
2023-05-22,953.01,964.2,937.41,944.53,50307828.0,1405825422.0,-0.009651221777664126,False,002475,立讯精密
2023-05-23,942.15,953.69,933.68,938.08,37006559.0,1029441730.0,-0.0068522160587111665,False,002475,立讯精密
2023-05-24,930.62,955.72,926.55,944.19,44226302.0,1228687279.0,0.006492183863708666,False,002475,立讯精密
2023-05-25,940.8,948.26,929.27,938.76,33423023.0,923412146.0,-0.0057675615946240705,False,002475,立讯精密
2023-05-26,937.07,938.42,918.07,930.96,34547899.0,945119937.0,-0.00834354368516812,False,002475,立讯精密
2023-05-29,936.05,942.49,922.48,927.57,32551244.0,893284636.0,-0.0036480484679632624,False,002475,立讯精密
2023-05-30,924.52,938.08,910.61,937.75,46957979.0,1279682125.0,0.010915125630138547,False,002475,立讯精密
2023-05-31,935.71,944.19,920.79,925.88,47560752.0,1304723226.0,-0.01273875234610869,False,002475,立讯精密
2023-06-01,926.21,979.46,924.86,966.57,120197793.0,3409847553.0,0.04300908569023431,False,002475,立讯精密
2023-06-02,983.19,990.99,962.5,976.41,94942253.0,2730744865.0,0.010128857864456354,False,002475,立讯精密
2023-06-05,976.07,976.75,956.74,961.49,56034452.0,1588795791.0,-0.015398415611845566,False,002475,立讯精密
2023-06-06,939.78,942.49,886.87,890.94,140328774.0,3739193183.0,-0.07620707942270791,False,002475,立讯精密
2023-06-07,893.66,941.14,893.66,921.13,108675864.0,2966631520.0,0.033324092081337346,False,002475,立讯精密
2023-06-08,921.81,935.03,908.24,929.61,57765789.0,1572717666.0,0.009163966137398992,False,002475,立讯精密
2023-06-09,925.54,931.98,900.1,921.81,59389481.0,1604610773.0,-0.008426014786992496,False,002475,立讯精密
2023-06-12,924.18,945.55,921.81,932.32,67019753.0,1851458731.0,0.01133697482699511,False,002475,立讯精密
2023-06-13,931.64,979.46,931.3,975.39,93738175.0,2648929590.0,0.04516128762441004,False,002475,立讯精密
2023-06-14,980.82,1000.15,965.56,971.32,69816936.0,2016667836.0,-0.004181419862311816,False,002475,立讯精密
2023-06-15,976.09,979.84,954.97,967.57,48026379.0,1362376866.0,-0.003868197448974618,False,002475,立讯精密
2023-06-16,968.25,1013.23,964.51,1009.82,118649259.0,3473898201.0,0.042739602422952175,False,002475,立讯精密
2023-06-19,1007.09,1025.49,1000.96,1018.34,78032600.0,2320365209.0,0.008401753430161384,False,002475,立讯精密
2023-06-20,1045.25,1092.95,1042.87,1075.91,226956843.0,7154680435.0,0.05499296453977073,False,002475,立讯精密
2023-06-21,1083.41,1087.84,1035.71,1035.71,96394178.0,2995535999.0,-0.03807963324696075,False,002475,立讯精密
2023-06-26,1022.08,1062.97,1010.84,1034.01,84499610.0,2576616448.0,-0.0016427346523186328,False,002475,立讯精密
2023-06-27,1031.62,1080.68,1012.54,1071.82,109838146.0,3406357382.0,0.035913690882955755,False,002475,立讯精密
2023-06-28,1069.44,1069.44,1022.08,1038.44,87905214.0,2680994867.0,-0.03163855107529733,False,002475,立讯精密
2023-06-29,1029.24,1120.88,1029.24,1104.19,144123872.0,4581219561.0,0.06139244746940921,False,002475,立讯精密
2023-06-30,1118.5,1155.98,1100.44,1105.55,120342772.0,3948270608.0,0.0012309141996043349,False,002475,立讯精密
2023-07-03,1122.59,1176.42,1122.59,1147.46,201650552.0,6819137230.0,0.03720785526116814,False,002475,立讯精密
2023-07-04,1128.38,1170.97,1120.54,1158.7,97004476.0,3288509284.0,0.009747883063683644,False,002475,立讯精密
2023-07-05,1158.36,1165.17,1137.58,1147.8,62726268.0,2118216766.0,-0.009451620328754535,False,002475,立讯精密
2023-07-06,1137.24,1149.5,1114.41,1132.81,86829863.0,2878623770.0,-0.01314579509015488,False,002475,立讯精密
2023-07-07,1132.81,1144.39,1113.73,1134.85,44579232.0,1478959731.0,0.0017992120073713142,False,002475,立讯精密
2023-07-10,1131.45,1141.33,1106.58,1112.37,58155225.0,1907192526.0,-0.02000760931162043,False,002475,立讯精密
2023-07-11,1117.82,1140.3,1114.07,1132.47,48394601.0,1605051509.0,0.017908213660237746,False,002475,立讯精密
2023-07-12,1128.72,1142.69,1111.69,1115.77,41870909.0,1383017985.0,-0.014856338428923737,False,002475,立讯精密
2023-07-13,1122.59,1181.87,1121.23,1172.67,89363886.0,3043283616.0,0.049738450638342986,False,002475,立讯精密
2023-07-14,1170.29,1186.64,1158.36,1164.15,53069973.0,1822575143.0,-0.007291993181257773,False,002475,立讯精密
2023-07-17,1164.83,1199.24,1158.36,1160.41,71549761.0,2476979933.0,-0.0032178160401125783,False,002475,立讯精密
2023-07-18,1171.99,1203.33,1155.98,1169.94,71988594.0,2488542060.0,0.008179074497405433,False,002475,立讯精密
2023-07-19,1154.95,1171.99,1132.13,1143.37,63282889.0,2122759899.0,-0.022972423477059713,False,002475,立讯精密
2023-07-20,1149.84,1156.32,1098.4,1102.83,74544600.0,2441432083.0,-0.036100438686811495,False,002475,立讯精密
2023-07-21,1102.49,1107.26,1080.0,1090.56,57125139.0,1829495915.0,-0.01118827750083785,False,002475,立讯精密
2023-07-24,1085.11,1112.03,1075.57,1091.24,35711005.0,1149487810.0,0.0006233385480042827,False,002475,立讯精密
2023-07-25,1112.37,1120.88,1087.5,1092.27,54752377.0,1765608318.0,0.0009434351813344159,False,002475,立讯精密
2023-07-26,1083.41,1099.76,1069.78,1092.61,41985166.0,1339344924.0,0.00031122990987549927,False,002475,立讯精密
2023-07-27,1091.93,1097.72,1063.31,1068.42,58780734.0,1851412560.0,-0.02238840775877758,False,002475,立讯精密
2023-07-28,1067.05,1091.58,1061.26,1084.09,50915697.0,1611712019.0,0.014560003742118154,False,002475,立讯精密
2023-07-31,1078.3,1117.48,1078.3,1101.12,68780458.0,2219041702.0,0.015586918225719303,False,002475,立讯精密
2023-08-01,1102.15,1149.84,1088.18,1132.81,86763095.0,2869497196.0,0.028373427974991868,False,002475,立讯精密
2023-08-02,1125.31,1150.53,1121.57,1136.22,41519239.0,1386553978.0,0.0030056919187613444,False,002475,立讯精密
2023-08-03,1126.0,1188.68,1126.0,1152.57,74095959.0,2526765257.0,0.014287268050600885,False,002475,立讯精密
2023-08-04,1151.89,1174.71,1144.05,1149.5,38377406.0,1299698434.0,-0.0026671663502333544,False,002475,立讯精密
2023-08-07,1136.9,1171.31,1121.91,1162.79,49821142.0,1687684145.0,0.011495224513304337,False,002475,立讯精密
2023-08-08,1160.75,1212.19,1160.41,1186.3,75784522.0,2642767649.0,0.020016929950517015,False,002475,立讯精密
2023-08-09,1178.8,1182.89,1151.55,1164.49,37449532.0,1280822663.0,-0.01855599675609001,False,002475,立讯精密
2023-08-10,1159.38,1170.97,1149.16,1158.02,34524640.0,1171896100.0,-0.005571572770004099,False,002475,立讯精密
2023-08-11,1166.88,1168.58,1124.29,1127.7,49359786.0,1652252575.0,-0.026531489902721344,False,002475,立讯精密
2023-08-14,1113.05,1124.29,1086.82,1108.96,70165577.0,2270142220.0,-0.01675752106856749,False,002475,立讯精密
2023-08-15,1124.29,1136.22,1093.63,1107.26,42218508.0,1377674103.0,-0.0015341440230901718,False,002475,立讯精密
2023-08-16,1101.12,1106.58,1080.34,1084.77,43318674.0,1382530716.0,-0.020520512210112866,False,002475,立讯精密
2023-08-17,1079.66,1089.2,1064.67,1085.45,43366150.0,1371932960.0,0.0006266645982927828,False,002475,立讯精密
2023-08-18,1084.77,1086.13,1056.15,1056.49,43675057.0,1370024265.0,-0.02704255473878212,False,002475,立讯精密
2023-08-21,1056.83,1061.26,1032.64,1033.33,41548152.0,1271154508.0,-0.022165495802508994,False,002475,立讯精密
2023-08-22,1042.52,1093.63,1029.58,1080.34,58193694.0,1812296292.0,0.04448920939582087,False,002475,立讯精密
2023-08-23,1074.89,1080.0,1056.15,1060.92,39744539.0,1244168012.0,-0.018139350183580663,False,002475,立讯精密
2023-08-24,1071.82,1092.27,1063.31,1071.48,52626514.0,1668216277.0,0.009904414111412064,False,002475,立讯精密
2023-08-25,1059.9,1071.48,1043.55,1056.15,31907835.0,989199899.0,-0.01441064968387336,False,002475,立讯精密
2023-08-28,1144.39,1144.39,1082.73,1092.27,62866013.0,2033021852.0,0.03362787885692821,False,002475,立讯精密
2023-08-29,1084.43,1123.61,1078.64,1103.51,76747838.0,2486578805.0,0.010237909240765767,False,002475,立讯精密
2023-08-30,1114.07,1144.73,1114.07,1120.88,61280304.0,2031951229.0,0.01561808233203026,False,002475,立讯精密
2023-08-31,1120.88,1127.7,1107.26,1124.29,39628290.0,1301641366.0,0.00303763422998546,False,002475,立讯精密
2023-09-01,1128.72,1132.47,1107.26,1114.07,25219991.0,828312340.0,-0.009131749155094732,False,002475,立讯精密
2023-09-04,1120.2,1135.19,1114.07,1128.72,38897009.0,1284768350.0,0.013064271167035403,False,002475,立讯精密
2023-09-05,1125.65,1127.7,1060.24,1067.05,91597522.0,2901934089.0,-0.056186415744922454,False,002475,立讯精密
2023-09-06,1065.35,1069.1,1046.27,1064.33,39771086.0,1237450810.0,-0.0025523383691356807,False,002475,立讯精密
2023-09-07,1045.93,1045.93,981.2,1020.04,125971813.0,3740235683.0,-0.04250365099516784,False,002475,立讯精密
2023-09-08,1005.05,1015.27,984.27,999.94,65188500.0,1902536216.0,-0.01990184401361122,False,002475,立讯精密
2023-09-11,993.81,1025.49,970.98,1016.97,77118443.0,2276264135.0,0.0168876199063311,False,002475,立讯精密
2023-09-12,1014.59,1034.01,1007.43,1030.6,50320540.0,1512891233.0,0.013313538805727665,False,002475,立讯精密
2023-09-13,1008.46,1019.02,983.24,988.01,68996163.0,2015768247.0,-0.042203616739987716,False,002475,立讯精密
2023-09-14,997.89,1000.28,977.11,977.45,49421078.0,1429823582.0,-0.010745679498007471,False,002475,立讯精密
2023-09-15,977.79,986.31,961.44,970.98,52678735.0,1500284750.0,-0.0066412688992794795,False,002475,立讯精密
2023-09-18,964.51,1015.61,962.46,996.53,62047778.0,1820066005.0,0.02597337381163365,False,002475,立讯精密
2023-09-19,996.53,1006.75,988.7,996.53,31931203.0,933816178.0,0.0,False,002475,立讯精密
2023-09-20,996.19,1005.39,991.42,995.17,23972755.0,703008140.0,-0.0013656677324618532,False,002475,立讯精密
2023-09-21,988.35,997.89,981.54,984.61,26629785.0,771662330.0,-0.010667953154802606,False,002475,立讯精密
2023-09-22,989.04,1028.9,976.43,1027.19,61965517.0,1846289253.0,0.042336574004599066,False,002475,立讯精密
2023-09-25,1027.19,1039.12,1016.97,1019.36,30974484.0,932896819.0,-0.007651939317639091,False,002475,立讯精密
2023-09-26,1019.7,1028.22,1008.46,1011.52,28269672.0,842595285.0,-0.00772082934092521,False,002475,立讯精密
2023-09-27,1005.39,1027.19,1005.05,1019.7,30031913.0,898080729.0,0.008054316342927196,False,002475,立讯精密
2023-09-28,1026.85,1030.6,1009.82,1015.95,29161102.0,869976883.0,-0.0036843310411576735,False,002475,立讯精密
2023-10-09,1014.59,1075.91,998.23,1063.31,65072303.0,1992239149.0,0.04556254896732662,False,002475,立讯精密
2023-10-10,1063.31,1073.19,1052.06,1054.79,38217229.0,1188594522.0,-0.008044989332388695,False,002475,立讯精密
2023-10-11,1056.15,1086.82,1056.15,1084.09,55629843.0,1759988779.0,0.027399230419435924,False,002475,立讯精密
2023-10-12,1097.04,1100.44,1085.11,1093.63,36150069.0,1158660263.0,0.008761512983661129,False,002475,立讯精密
2023-10-13,1093.63,1113.39,1078.64,1088.52,38753915.0,1243743785.0,-0.0046834629522043945,False,002475,立讯精密
2023-10-16,1089.2,1091.24,1062.63,1084.09,38156831.0,1211127382.0,-0.00407805003145678,False,002475,立讯精密
2023-10-17,1083.07,1087.84,1069.78,1078.3,36870564.0,1165668022.0,-0.005355198495369596,False,002475,立讯精密
2023-10-18,1087.5,1090.22,1059.56,1080.0,28479927.0,900465024.0,0.0015753142302387547,False,002475,立讯精密
2023-10-19,1071.14,1083.75,1053.77,1056.49,42308154.0,1323251547.0,-0.022008948322283013,False,002475,立讯精密
2023-10-20,1049.0,1068.08,1040.48,1046.27,26233866.0,809457495.0,-0.009720634284919899,False,002475,立讯精密
2023-10-23,1086.82,1097.72,1028.9,1077.28,72228776.0,2274398493.0,0.029207887285908254,False,002475,立讯精密
2023-10-24,1095.67,1097.72,1038.78,1067.74,64979522.0,2029341964.0,-0.008895080607427386,False,002475,立讯精密
2023-10-25,1076.59,1086.47,1059.22,1061.6,46601324.0,1461234604.0,-0.005767061171545693,False,002475,立讯精密
2023-10-26,1061.6,1066.37,1039.8,1063.65,39629322.0,1226116018.0,0.0019291854001177262,False,002475,立讯精密
2023-10-27,1059.56,1097.72,1049.34,1090.22,55019264.0,1748141932.0,0.024673121301543834,False,002475,立讯精密
2023-10-30,1090.22,1173.01,1087.5,1150.87,106000719.0,3543995572.0,0.05413866735843969,False,002475,立讯精密
2023-10-31,1150.87,1155.64,1109.98,1116.46,65928196.0,2178889779.0,-0.030355212682384183,False,002475,立讯精密
2023-11-01,1116.11,1120.2,1091.93,1098.4,46803522.0,1512923498.0,-0.016308389941953275,False,002475,立讯精密
2023-11-02,1102.83,1104.87,1073.19,1073.87,46989612.0,1496646582.0,-0.022585629541766128,False,002475,立讯精密
2023-11-03,1072.51,1105.89,1061.6,1090.22,60830167.0,1946215477.0,0.015110564807664036,False,002475,立讯精密
2023-11-06,1107.26,1154.95,1106.58,1134.51,93073248.0,3091646818.0,0.03982132891709752,False,002475,立讯精密
2023-11-07,1130.42,1142.01,1108.96,1119.18,74514867.0,2444559440.0,-0.013604565352230385,False,002475,立讯精密
2023-11-08,1116.46,1120.2,1100.78,1110.66,62117582.0,2023443978.0,-0.0076418410848774826,False,002475,立讯精密
2023-11-09,1106.58,1110.32,1082.73,1087.5,61543504.0,1970399125.0,-0.02107294923680964,False,002475,立讯精密
2023-11-10,1089.88,1107.26,1080.34,1104.19,52254392.0,1681882973.0,0.015230550515721435,False,002475,立讯精密
2023-11-13,1107.94,1117.48,1087.16,1090.9,43383761.0,1392150902.0,-0.012108990874849403,False,002475,立讯精密
2023-11-14,1093.63,1096.35,1078.3,1086.47,44106886.0,1405186275.0,-0.004069134885304671,False,002475,立讯精密
2023-11-15,1100.1,1113.05,1090.22,1113.05,61930570.0,2005621270.0,0.024170086177931434,False,002475,立讯精密
2023-11-16,1106.58,1115.09,1098.4,1100.78,46262168.0,1500274609.0,-0.011084975486961142,False,002475,立讯精密
2023-11-17,1098.4,1107.26,1076.94,1086.82,49733212.0,1586325469.0,-0.01276301837652937,False,002475,立讯精密
2023-11-20,1086.47,1086.82,1056.15,1061.26,75977953.0,2380148876.0,-0.023799119601273042,False,002475,立讯精密
2023-11-21,1062.29,1066.37,1043.55,1046.27,60225979.0,1864001620.0,-0.014225422920512099,False,002475,立讯精密
2023-11-22,1046.61,1048.32,1023.11,1028.22,58797886.0,1780282069.0,-0.01740230661024961,False,002475,立讯精密
2023-11-23,1025.49,1056.49,1015.95,1052.41,62393127.0,1903571958.0,0.023253620310640346,False,002475,立讯精密
2023-11-24,1046.95,1063.99,1033.33,1058.2,48993346.0,1510203705.0,0.005486579258578428,False,002475,立讯精密
2023-11-27,1072.17,1086.82,1060.92,1079.66,69871231.0,2205796250.0,0.02007682526883265,False,002475,立讯精密
2023-11-28,1079.32,1088.52,1069.78,1081.36,41855021.0,1326495105.0,0.0015733314367081558,False,002475,立讯精密
2023-11-29,1085.11,1089.54,1076.59,1083.41,32668976.0,1039652637.0,0.0018939662068466901,False,002475,立讯精密
2023-11-30,1078.3,1087.84,1066.37,1084.43,33152484.0,1052938214.0,0.0009410289276612718,False,002475,立讯精密
2023-12-01,1078.64,1084.09,1060.58,1068.42,37640594.0,1182195788.0,-0.014873581668801964,False,002475,立讯精密
2023-12-04,1071.14,1071.48,1041.16,1055.81,34765586.0,1077716756.0,-0.011872676805803901,False,002475,立讯精密
2023-12-05,1047.64,1055.81,1034.69,1035.71,35032780.0,1072489555.0,-0.019221062981662762,False,002475,立讯精密
2023-12-06,1032.3,1040.82,1019.02,1031.96,46601180.0,1406142087.0,-0.0036272752534020395,False,002475,立讯精密
2023-12-07,1025.49,1029.92,1011.86,1019.02,41080860.0,1229911883.0,-0.012618525484915502,False,002475,立讯精密
2023-12-08,1019.02,1063.31,1019.02,1052.41,55884829.0,1716984752.0,0.032241391095959145,False,002475,立讯精密
2023-12-11,1043.55,1074.21,1039.46,1070.8,42496142.0,1316841301.0,0.01732326043474437,False,002475,立讯精密
2023-12-12,1066.71,1095.33,1063.65,1090.22,54764173.0,1747130712.0,0.017973478073461818,False,002475,立讯精密
2023-12-13,1086.82,1100.78,1082.05,1082.73,35884954.0,1149019050.0,-0.006893881280168754,False,002475,立讯精密
2023-12-14,1090.22,1094.65,1070.12,1072.85,32631672.0,1035244483.0,-0.009166970548400506,False,002475,立讯精密
2023-12-15,1079.32,1108.96,1077.28,1081.02,49878085.0,1596585134.0,0.007586380964573677,False,002475,立讯精密
2023-12-18,1081.02,1097.72,1076.25,1088.52,43898025.0,1404492591.0,0.006913935559189367,False,002475,立讯精密
2023-12-19,1090.22,1116.11,1062.29,1107.26,50691406.0,1636253411.0,0.01706951973173135,False,002475,立讯精密
2023-12-20,1107.26,1126.0,1101.47,1113.05,54991879.0,1804514364.0,0.005215499749753628,False,002475,立讯精密
2023-12-21,1107.26,1118.16,1094.99,1109.98,43435458.0,1410450754.0,-0.0027619977703026454,False,002475,立讯精密
2023-12-22,1107.26,1122.25,1096.7,1102.15,33180853.0,1078313739.0,-0.00707917952368838,False,002475,立讯精密
2023-12-25,1098.74,1119.18,1096.7,1117.14,27364752.0,894426793.0,0.01350903033366885,False,002475,立讯精密
2023-12-26,1114.75,1114.75,1085.45,1098.74,26943133.0,866548717.0,-0.016607779229467982,False,002475,立讯精密
2023-12-27,1097.04,1115.43,1093.63,1111.0,31640983.0,1028648310.0,0.011096441933081914,False,002475,立讯精密
2023-12-28,1115.77,1146.78,1112.03,1131.11,49446331.0,1645968951.0,0.01793894080991072,False,002475,立讯精密
2023-12-29,1131.11,1187.32,1129.06,1173.69,80296593.0,2760421409.0,0.036953180555489226,False,002475,立讯精密
2024-01-02,1173.35,1191.07,1156.66,1157.68,47135341.0,1615427568.0,-0.013734629575292567,False,002475,立讯精密
2024-01-03,1147.8,1155.98,1104.19,1113.05,77036854.0,2534226473.0,-0.03931400753339929,False,002475,立讯精密
2024-01-04,1110.66,1117.48,1096.01,1107.26,37764767.0,1223579711.0,-0.005215499749753525,False,002475,立讯精密
2024-01-05,1117.48,1135.53,1097.04,1107.26,38630291.0,1265820915.0,0.0,False,002475,立讯精密
2024-01-08,1105.89,1112.37,1066.37,1067.4,42717314.0,1352044405.0,-0.03666271024673996,False,002475,立讯精密
2024-01-09,1074.89,1100.44,1065.35,1071.82,37069356.0,1174568318.0,0.004132353184604098,False,002475,立讯精密
2024-01-10,1071.82,1073.87,1055.13,1063.65,38505387.0,1200801470.0,-0.007651748666333094,False,002475,立讯精密
2024-01-11,1056.15,1071.82,1043.55,1066.37,52965789.0,1647592779.0,0.00255396801766202,False,002475,立讯精密
2024-01-12,1056.49,1059.22,1032.99,1042.52,56166163.0,1719490146.0,-0.022619498294565863,False,002475,立讯精密
2024-01-15,1034.01,1052.75,1023.11,1045.25,37287390.0,1137104937.0,0.002615232095462699,False,002475,立讯精密
2024-01-16,1035.71,1042.52,1019.7,1031.96,47749127.0,1442796232.0,-0.012796184636265013,False,002475,立讯精密
2024-01-17,1028.9,1028.9,967.57,967.57,98052204.0,2836256308.0,-0.06442741189252164,False,002475,立讯精密
2024-01-18,960.76,981.2,945.43,978.47,64972329.0,1828744329.0,0.011202353486038905,False,002475,立讯精密
2024-01-19,972.0,1007.77,971.32,999.6,55332145.0,1620327537.0,0.021365071766870677,False,002475,立讯精密
2024-01-22,1012.88,1020.04,973.7,985.63,54209205.0,1589908870.0,-0.014074168333089762,False,002475,立讯精密
2024-01-23,985.29,1004.37,973.02,997.21,55257836.0,1603952894.0,0.011680349050034525,False,002475,立讯精密
2024-01-24,997.89,1004.71,962.12,989.72,49589962.0,1422758883.0,-0.007539304835396471,False,002475,立讯精密
2024-01-25,988.01,997.89,974.73,992.44,51852423.0,1504726631.0,0.0027444824911156632,False,002475,立讯精密
2024-01-26,988.01,990.06,940.32,947.81,91775202.0,2572233224.0,-0.04601249710652898,False,002475,立讯精密
2024-01-29,947.81,951.22,922.6,925.33,58346279.0,1596066872.0,-0.02400362958031067,False,002475,立讯精密
2024-01-30,920.56,930.1,901.14,903.52,41576574.0,1112621828.0,-0.023852184722095097,False,002475,立讯精密
2024-01-31,901.14,901.14,858.55,868.43,84855353.0,2171478153.0,-0.03961126222506786,False,002475,立讯精密
2024-02-01,867.75,893.98,853.78,880.7,54342080.0,1397901938.0,0.014030062111955188,False,002475,立讯精密
2024-02-02,879.67,901.14,847.65,873.2,61710704.0,1590845567.0,-0.008552421135624972,False,002475,立讯精密
2024-02-05,873.54,942.36,861.96,919.19,95097387.0,2507389708.0,0.05132822277434065,False,002475,立讯精密
2024-02-06,904.2,962.8,902.84,961.44,80515312.0,2236373340.0,0.04493931313548814,False,002475,立讯精密
2024-02-07,962.12,976.09,952.58,961.78,63385176.0,1791035762.0,0.0003535736978004588,False,002475,立讯精密
2024-02-08,970.98,1001.64,967.57,985.97,61329176.0,1781272198.0,0.024840193892849225,False,002475,立讯精密
2024-02-19,981.2,987.33,920.22,936.57,128291954.0,3545870084.0,-0.05140166268934113,False,002475,立讯精密
2024-02-20,926.35,929.76,895.34,919.19,111635211.0,2980169056.0,-0.018731418036796912,False,002475,立讯精密
2024-02-21,908.29,949.86,902.84,935.89,86538829.0,2372792197.0,0.018005100753764033,False,002475,立讯精密
2024-02-22,936.23,942.36,922.6,940.32,60572042.0,1659768550.0,0.00472229466044663,False,002475,立讯精密
2024-02-23,936.91,939.64,911.02,925.33,104489905.0,2824126847.0,-0.01606981221771874,False,002475,立讯精密
2024-02-26,922.26,949.17,909.99,934.52,102153957.0,2778574239.0,0.009882597839134845,False,002475,立讯精密
2024-02-27,924.99,957.69,921.58,957.69,110904231.0,3064076548.0,0.024491106304103203,False,002475,立讯精密
2024-02-28,958.03,974.05,925.67,925.67,128868824.0,3577996983.0,-0.03400633514937106,False,002475,立讯精密
2024-02-29,916.47,942.36,911.7,939.64,121373622.0,3316658334.0,0.014979023545076041,False,002475,立讯精密
2024-03-01,935.21,968.93,930.1,965.53,137896433.0,3858537359.0,0.027180350183708773,False,002475,立讯精密
2024-03-04,973.7,981.88,942.36,954.29,116590007.0,3272789949.0,-0.011709564886015749,False,002475,立讯精密
2024-03-05,942.36,970.64,935.21,960.42,121381544.0,3400763491.0,0.006403080303403604,False,002475,立讯精密
2024-03-06,945.43,977.11,930.1,952.58,124821301.0,3481125658.0,-0.008196595811413429,False,002475,立讯精密
2024-03-07,945.09,954.63,926.01,926.01,97554058.0,2684561497.0,-0.028289059251309517,False,002475,立讯精密
2024-03-08,931.12,943.04,921.58,938.95,85690500.0,2347920404.0,0.013877195930277206,False,002475,立讯精密
2024-03-11,932.14,964.17,922.26,962.8,127592919.0,3558325671.0,0.025083476254701555,False,002475,立讯精密
2024-03-12,962.12,979.84,958.03,970.64,103177865.0,2932752551.0,0.00810994183470071,False,002475,立讯精密
2024-03-13,970.64,975.75,960.42,962.46,61453704.0,1743565052.0,-0.008463140886812647,False,002475,立讯精密
2024-03-14,959.4,960.08,931.12,938.95,88645752.0,2453006387.0,-0.0247302772025895,False,002475,立讯精密
2024-03-15,935.21,946.45,931.8,946.11,57163998.0,1575093637.0,0.007596611707543349,False,002475,立讯精密
2024-03-18,947.13,960.08,940.66,955.31,91010663.0,2539839820.0,0.009677053775253604,False,002475,立讯精密
2024-03-19,957.35,1018.68,952.24,1003.69,228672617.0,6701403148.0,0.049402592496714706,False,002475,立讯精密
2024-03-20,1006.41,1041.5,1003.35,1010.16,177707139.0,5320563308.0,0.006425525496697844,False,002475,立讯精密
2024-03-21,1024.13,1034.01,1008.46,1012.88,113120000.0,3383200424.0,0.0026890240815728556,False,002475,立讯精密
2024-03-22,1020.72,1099.76,1016.97,1084.77,239235815.0,7459121640.0,0.06857022472447392,False,002475,立讯精密
2024-03-25,1073.19,1076.59,1034.35,1038.1,157434103.0,4852813285.0,-0.04397586373727197,False,002475,立讯精密
2024-03-26,1022.08,1066.03,1021.74,1054.45,117003425.0,3602634666.0,0.01562718475857391,False,002475,立讯精密
2024-03-27,1037.41,1043.89,1001.98,1001.98,93305065.0,2790902241.0,-0.05104126159200868,False,002475,立讯精密
2024-03-28,1001.64,1028.9,994.83,1013.57,72942948.0,2170592445.0,0.011500709728801739,False,002475,立讯精密
2024-03-29,1005.39,1013.91,983.93,1001.98,68843016.0,2013985449.0,-0.011500709728801883,False,002475,立讯精密
2024-04-01,1015.27,1022.08,1002.32,1010.84,62494581.0,1856919377.0,0.008803625981049097,False,002475,立讯精密
2024-04-02,1010.84,1013.57,967.23,975.75,100655975.0,2896339356.0,-0.03533054128608948,False,002475,立讯精密
2024-04-03,976.09,995.51,969.28,979.84,68825783.0,1984368703.0,0.0041828869685398345,False,002475,立讯精密
2024-04-08,973.7,974.39,947.13,955.31,79831166.0,2246027916.0,-0.025353397892251946,False,002475,立讯精密
2024-04-09,957.35,973.02,952.92,969.28,44640675.0,1262310289.0,0.0145176327018601,False,002475,立讯精密
2024-04-10,966.55,966.89,935.21,943.38,61341963.0,1702273476.0,-0.027084357128632896,False,002475,立讯精密
2024-04-11,935.21,960.08,933.5,941.34,48540225.0,1349239803.0,-0.002164778637320394,False,002475,立讯精密
2024-04-12,947.81,970.98,943.72,947.81,62005888.0,1744261717.0,0.0068496681540130945,False,002475,立讯精密
2024-04-15,948.15,956.67,937.25,947.13,57402917.0,1596636434.0,-0.0007177008551074777,False,002475,立讯精密
2024-04-16,938.61,943.04,909.99,914.76,79544584.0,2154982859.0,-0.034774623583642125,False,002475,立讯精密
2024-04-17,918.85,932.14,914.76,929.41,63563527.0,1724587974.0,0.01588824043467948,False,002475,立讯精密
2024-04-18,922.6,932.14,903.86,921.58,70081220.0,1888643493.0,-0.008460387905602853,False,002475,立讯精密
2024-04-19,913.06,913.74,889.21,899.09,66995287.0,1770229115.0,-0.024706447621729116,False,002475,立讯精密
2024-04-22,889.21,932.14,883.08,928.39,73706838.0,1979564502.0,0.03206876242743961,False,002475,立讯精密
2024-04-23,920.56,946.79,920.56,939.98,60469334.0,1661766671.0,0.012406695318985113,False,002475,立讯精密
2024-04-24,943.38,955.99,926.69,942.7,78469021.0,2166209970.0,0.002889499960149789,False,002475,立讯精密
2024-04-25,958.71,995.51,958.71,972.34,123113698.0,3532718835.0,0.030957439133275557,False,002475,立讯精密
2024-04-26,972.34,991.08,967.57,980.86,83063450.0,2386161535.0,0.00872420032686676,False,002475,立讯精密
2024-04-29,995.17,1027.53,989.72,1016.29,121044632.0,3595607198.0,0.03548428261877727,False,002475,立讯精密
2024-04-30,1013.91,1020.38,992.78,994.83,63759996.0,1877974569.0,-0.02134215219104199,False,002475,立讯精密
2024-05-06,1032.3,1061.94,1032.3,1055.81,141580671.0,4362093786.0,0.059491655545491816,False,002475,立讯精密
2024-05-07,1045.59,1065.01,1041.16,1051.38,58136777.0,1797858075.0,-0.004204657887091346,False,002475,立讯精密
2024-05-08,1039.12,1039.12,1007.77,1008.46,79533024.0,2372896262.0,-0.04167917220635062,False,002475,立讯精密
2024-05-09,1008.8,1028.9,1008.8,1015.95,49408990.0,1476124916.0,0.007399720586990136,False,002475,立讯精密
2024-05-10,1016.97,1020.72,993.81,1005.05,51489926.0,1515276800.0,-0.010786843829617256,False,002475,立讯精密
2024-05-13,1001.3,1054.45,998.23,1041.84,87320975.0,2657530498.0,0.03595108916004256,False,002475,立讯精密
2024-05-14,1088.52,1097.04,1056.49,1058.88,107402519.0,3383702906.0,0.016223365073799793,False,002475,立讯精密
2024-05-15,1056.15,1066.03,1042.52,1044.57,41907108.0,1293998461.0,-0.01360642827038966,False,002475,立讯精密
2024-05-16,1062.97,1091.93,1054.79,1082.05,101764044.0,3222156377.0,0.03525207259677374,False,002475,立讯精密
2024-05-17,1074.55,1088.52,1069.78,1077.96,52585866.0,1665148626.0,-0.003787024030515968,False,002475,立讯精密
2024-05-20,1070.46,1090.22,1066.71,1077.28,47529836.0,1502283358.0,-0.0006310202321448645,False,002475,立讯精密
2024-05-21,1073.19,1100.1,1067.74,1085.79,57889521.0,1850377742.0,0.007868486832743203,False,002475,立讯精密
2024-05-22,1083.41,1124.29,1080.0,1119.52,84265286.0,2748987218.0,0.030592189367872728,False,002475,立讯精密
2024-05-23,1110.66,1122.59,1097.38,1107.6,49572096.0,1612873100.0,-0.010704509700779841,False,002475,立讯精密
2024-05-24,1102.49,1119.18,1069.78,1073.53,81032670.0,2589338578.0,-0.031243228397329847,False,002475,立讯精密
2024-05-27,1083.75,1104.87,1072.51,1086.47,55784571.0,1773904806.0,0.01198162481892962,False,002475,立讯精密
2024-05-28,1081.7,1082.05,1056.15,1059.9,61610249.0,1926962938.0,-0.024759344685197193,False,002475,立讯精密
2024-05-29,1065.35,1072.85,1049.0,1062.29,43161349.0,1342584228.0,0.0022523911717851606,False,002475,立讯精密
2024-05-30,1056.83,1115.77,1050.36,1099.08,77273319.0,2487336940.0,0.034046510997902076,False,002475,立讯精密
2024-05-31,1097.04,1115.43,1080.0,1083.07,56636132.0,1821116748.0,-0.014673865018283576,False,002475,立讯精密
2024-06-03,1077.96,1127.7,1076.94,1107.6,82983440.0,2699177158.0,0.022395911112193904,False,002475,立讯精密
2024-06-04,1103.85,1119.18,1095.33,1115.09,48444111.0,1575657990.0,0.00673960682872041,False,002475,立讯精密
2024-06-05,1109.98,1140.99,1107.26,1120.2,69564774.0,2303493634.0,0.0045721216502049794,False,002475,立讯精密
2024-06-06,1131.11,1149.84,1123.95,1127.7,68692722.0,2290997652.0,0.006672919462509999,False,002475,立讯精密
2024-06-07,1126.34,1127.7,1085.11,1097.04,77733824.0,2507079748.0,-0.02756451654664341,False,002475,立讯精密
2024-06-11,1056.15,1088.18,1052.06,1082.73,67357208.0,2120334751.0,-0.01313001425210803,False,002475,立讯精密
2024-06-12,1144.05,1158.36,1130.76,1138.6,130909933.0,4394573914.0,0.050313808077490876,False,002475,立讯精密
2024-06-13,1156.66,1171.31,1125.65,1132.13,89348348.0,3010452013.0,-0.005698623358175416,False,002475,立讯精密
2024-06-14,1131.11,1181.87,1129.74,1170.29,101763049.0,3473393693.0,0.03315076716783912,False,002475,立讯精密
2024-06-17,1177.1,1284.42,1173.01,1260.57,161677724.0,5878248630.0,0.07431241827784563,False,002475,立讯精密
2024-06-18,1286.8,1304.18,1254.44,1294.3,160707602.0,6048554178.0,0.026406008843901745,False,002475,立讯精密
2024-06-19,1290.21,1311.67,1274.2,1297.02,96946397.0,3678586917.0,0.0020993169496239463,False,002475,立讯精密
2024-06-20,1291.23,1307.24,1265.68,1269.43,78078057.0,2935429678.0,-0.021501344592365274,False,002475,立讯精密
2024-06-21,1248.99,1294.64,1245.92,1285.1,67055863.0,2513337692.0,0.012268555507444188,False,002475,立讯精密
2024-06-24,1279.31,1326.32,1276.92,1290.55,103828100.0,3971924083.0,0.004231947767625095,False,002475,立讯精密
2024-06-25,1278.29,1289.19,1253.41,1266.02,82936164.0,3083180797.0,-0.019190362713073186,False,002475,立讯精密
2024-06-26,1269.09,1311.67,1267.72,1301.45,79007294.0,2989094129.0,0.027600906118102342,False,002475,立讯精密
2024-06-27,1298.05,1370.27,1294.98,1323.6,124871233.0,4902288044.0,0.016876269561707437,False,002475,立讯精密
2024-06-28,1311.67,1358.35,1303.16,1339.27,93374949.0,3667487400.0,0.01176939233367173,False,002475,立讯精密
2024-07-01,1335.52,1345.74,1292.25,1325.64,66548863.0,2575664847.0,-0.010229327708944663,False,002475,立讯精密
2024-07-02,1345.4,1358.01,1322.58,1331.77,69065252.0,2716509617.0,0.004613522845835314,False,002475,立讯精密
2024-07-03,1331.77,1355.28,1315.76,1324.96,52607251.0,2051170080.0,-0.005126614232629529,False,002475,立讯精密
2024-07-04,1324.62,1347.79,1317.81,1323.94,54728067.0,2141164150.0,-0.0007701310358364408,False,002475,立讯精密
2024-07-05,1328.71,1330.75,1290.89,1319.51,67356616.0,2583811836.0,-0.0033516837066240607,False,002475,立讯精密
2024-07-08,1320.19,1351.19,1311.67,1341.31,78229655.0,3064039456.0,0.01638629279098789,False,002475,立讯精密
2024-07-09,1341.31,1417.63,1330.75,1410.13,114299394.0,4665735421.0,0.05003515036982923,False,002475,立讯精密
2024-07-10,1410.13,1421.72,1390.71,1399.57,74875260.0,3085524886.0,-0.007516852135567066,False,002475,立讯精密
2024-07-11,1408.8,1473.67,1393.02,1433.86,105249414.0,4391554900.0,0.0242050618156015,False,002475,立讯精密
2024-07-12,1386.5,1417.04,1379.29,1404.34,68089326.0,2772799718.0,-0.020802666873128324,False,002475,立讯精密
2024-07-15,1409.15,1420.13,1384.78,1406.74,47474505.0,1942358326.0,0.0017075291938551918,False,002475,立讯精密
2024-07-16,1418.41,1486.02,1417.38,1481.56,91165556.0,3874989350.0,0.05182061598278634,False,002475,立讯精密
2024-07-17,1475.73,1481.56,1424.25,1443.12,70718199.0,2996429462.0,-0.026288150287871064,False,002475,立讯精密
2024-07-18,1402.97,1428.02,1360.41,1405.37,104068538.0,4211742716.0,-0.026506823105106783,False,002475,立讯精密
2024-07-19,1363.16,1405.71,1362.13,1377.92,91800284.0,3684921261.0,-0.019725497558372468,False,002475,立讯精密
2024-07-22,1374.83,1374.83,1325.75,1363.16,83778097.0,3306643348.0,-0.010769581814403028,False,002475,立讯精密
2024-07-23,1363.84,1368.65,1313.74,1318.89,70356038.0,2726808397.0,-0.03301506019441789,False,002475,立讯精密
2024-07-24,1317.86,1335.02,1283.88,1300.01,70153192.0,2660422227.0,-0.014418516999387915,False,002475,立讯精密
2024-07-25,1280.11,1295.89,1239.61,1272.9,76151560.0,2803169140.0,-0.021074194851345856,False,002475,立讯精密
2024-07-26,1265.35,1307.56,1256.08,1301.38,73427917.0,2758321201.0,0.022127478001244254,False,002475,立讯精密
2024-07-29,1301.38,1351.49,1284.91,1317.17,74061425.0,2851512370.0,0.012060255780635127,False,002475,立讯精密
2024-07-30,1308.93,1316.83,1274.27,1285.6,59510817.0,2229260996.0,-0.024259960234965662,False,002475,立讯精密
2024-07-31,1283.54,1321.29,1277.36,1312.02,77101523.0,2935218917.0,0.02034239886698351,False,002475,立讯精密
2024-08-01,1338.11,1341.88,1297.27,1298.29,50157070.0,1915660369.0,-0.010519920333777494,False,002475,立讯精密
2024-08-02,1273.24,1313.74,1269.81,1276.33,50303135.0,1882352287.0,-0.017059241798684264,False,002475,立讯精密
2024-08-05,1201.17,1236.52,1178.52,1184.36,131097835.0,4589180290.0,-0.07478622787488583,False,002475,立讯精密
2024-08-06,1218.33,1234.46,1195.34,1214.56,60047568.0,2121263051.0,0.02517932698551932,False,002475,立讯精密
2024-08-07,1208.04,1223.48,1195.68,1203.92,33397531.0,1175636337.0,-0.008798971789994796,False,002475,立讯精密
2024-08-08,1198.08,1235.15,1180.92,1219.02,50770196.0,1796470399.0,0.012464357759110919,False,002475,立讯精密
2024-08-09,1230.69,1265.69,1228.28,1246.82,52899059.0,1927040758.0,0.022549052592078095,False,002475,立讯精密
2024-08-12,1242.35,1268.44,1238.24,1250.25,32336494.0,1180919203.0,0.002747221469360838,False,002475,立讯精密
2024-08-13,1245.79,1280.79,1245.79,1269.81,38124101.0,1404964639.0,0.015523751662272586,False,002475,立讯精密
2024-08-14,1269.47,1280.45,1249.22,1255.05,29233796.0,1076515366.0,-0.0116918705515683,False,002475,立讯精密
2024-08-15,1250.25,1284.91,1248.19,1259.86,44894654.0,1657492618.0,0.0038251912513984463,False,002475,立讯精密
2024-08-16,1268.44,1284.91,1265.35,1271.18,38596955.0,1431879105.0,0.008944999272110149,False,002475,立讯精密
2024-08-19,1285.6,1295.89,1256.08,1260.2,35662385.0,1319697290.0,-0.008675164425270651,False,002475,立讯精密
2024-08-20,1259.51,1272.9,1248.53,1257.11,28854946.0,1056238431.0,-0.0024550028021677454,False,002475,立讯精密
2024-08-21,1246.13,1315.45,1242.35,1283.54,57936482.0,2170789722.0,0.020806449903590298,False,002475,立讯精密
2024-08-22,1290.4,1306.19,1259.51,1297.27,51112243.0,1914992682.0,0.010640170748380364,False,002475,立讯精密
2024-08-23,1288.0,1302.07,1278.73,1300.35,34066567.0,1284706434.0,0.0023714026250011198,False,002475,立讯精密
2024-08-26,1301.38,1304.13,1253.34,1281.82,71316219.0,2655200552.0,-0.014352515976159651,False,002475,立讯精密
2024-08-27,1271.18,1286.28,1250.93,1254.02,43929070.0,1618481514.0,-0.021926551977599327,False,002475,立讯精密
2024-08-28,1252.65,1277.36,1247.5,1256.08,36117885.0,1325186415.0,0.0016413692382660757,False,002475,立讯精密
2024-08-29,1252.65,1290.4,1221.76,1277.7,50789140.0,1870534741.0,0.017065826330011507,False,002475,立讯精密
2024-08-30,1271.87,1376.2,1271.87,1352.86,110454923.0,4332383271.0,0.05715928345772106,False,002475,立讯精密
2024-09-02,1346.0,1351.49,1310.99,1323.0,55486913.0,2148528240.0,-0.022318984940042943,False,002475,立讯精密
2024-09-03,1315.8,1343.94,1309.62,1325.75,37163998.0,1437278502.0,0.0020764519022837347,False,002475,立讯精密
2024-09-04,1297.27,1304.13,1252.65,1298.64,65136532.0,2430239364.0,-0.020660774014649802,False,002475,立讯精密
2024-09-05,1288.69,1302.07,1269.81,1277.7,48329744.0,1806366229.0,-0.016255976405312032,False,002475,立讯精密
2024-09-06,1277.02,1277.7,1232.06,1232.06,54216550.0,1966184557.0,-0.036374021390980955,False,002475,立讯精密
2024-09-09,1228.63,1254.02,1222.45,1231.72,44537791.0,1606088449.0,-0.00027599867046430106,False,002475,立讯精密
2024-09-10,1224.51,1265.69,1204.6,1252.99,51234751.0,1853396929.0,0.01712112848241928,False,002475,立讯精密
2024-09-11,1248.53,1258.83,1228.97,1240.3,31646457.0,1144664790.0,-0.010179409196967694,False,002475,立讯精密
2024-09-12,1242.7,1262.26,1228.97,1252.31,37511638.0,1362558039.0,0.009636560023855571,False,002475,立讯精密
2024-09-13,1251.96,1300.01,1246.82,1274.96,48331329.0,1802034491.0,0.01792495970623885,False,002475,立讯精密
2024-09-18,1256.08,1262.95,1195.68,1232.06,61762617.0,2202235564.0,-0.03422724034508166,False,002475,立讯精密
2024-09-19,1232.4,1240.98,1216.62,1227.94,44188739.0,1584574839.0,-0.0033495966277477134,False,002475,立讯精密
2024-09-20,1240.98,1269.47,1236.18,1256.08,60453449.0,2213207426.0,0.02265779168871728,False,002475,立讯精密
2024-09-23,1240.98,1284.22,1236.18,1251.96,31380333.0,1153690715.0,-0.0032854369993878334,False,002475,立讯精密
2024-09-24,1269.81,1331.24,1245.44,1330.55,71238103.0,2692513679.0,0.060882067300956966,False,002475,立讯精密
2024-09-25,1349.77,1362.13,1313.74,1319.92,67874566.0,2654197117.0,-0.008021261885646206,False,002475,立讯精密
2024-09-26,1317.86,1328.15,1281.82,1318.54,100399439.0,3816399171.0,-0.0010460648452802661,False,002475,立讯精密
2024-09-27,1318.89,1413.61,1317.86,1389.24,120514394.0,4810204420.0,0.05223177116772851,False,002475,立讯精密
2024-09-30,1441.41,1508.33,1407.43,1491.51,160489237.0,6841666996.0,0.07103219458642818,False,002475,立讯精密
2024-10-08,1640.8,1640.8,1483.62,1590.01,204655351.0,9363148071.0,0.0639512759106101,False,002475,立讯精密
2024-10-09,1544.36,1547.8,1434.2,1444.15,150181120.0,6533912050.0,-0.09621939232851852,False,002475,立讯精密
2024-10-10,1444.84,1533.72,1444.84,1491.17,117036667.0,5121025720.0,0.03204013352904839,False,002475,立讯精密
2024-10-11,1489.11,1491.17,1424.59,1448.27,71084276.0,3008618404.0,-0.0291913060514135,False,002475,立讯精密
2024-10-14,1436.26,1511.76,1436.26,1509.7,82799109.0,3593805899.0,0.04154121492189827,False,002475,立讯精密
2024-10-15,1509.7,1544.36,1486.02,1496.32,72966286.0,3228800891.0,-0.008902195170096222,False,002475,立讯精密
2024-10-16,1471.61,1475.73,1433.86,1452.04,65647769.0,2779632344.0,-0.030039296188931357,False,002475,立讯精密
2024-10-17,1452.39,1478.81,1439.69,1440.03,54229309.0,2303664924.0,-0.008305517528294112,False,002475,立讯精密
2024-10-18,1441.41,1551.57,1441.41,1525.49,122207404.0,5381693426.0,0.05765172322107589,False,002475,立讯精密
2024-10-21,1539.9,1618.15,1506.96,1558.78,126019307.0,5778409422.0,0.021587794092454225,False,002475,立讯精密
2024-10-22,1558.78,1612.66,1524.46,1580.4,66556801.0,3045018325.0,0.01377451553733706,False,002475,立讯精密
2024-10-23,1570.79,1590.01,1541.96,1551.57,53475365.0,2437777062.0,-0.01841065803846859,False,002475,立讯精密
2024-10-24,1527.2,1529.26,1497.0,1508.33,73218121.0,3219872263.0,-0.028264242980043684,False,002475,立讯精密
2024-10-25,1508.33,1515.19,1462.0,1487.74,78582374.0,3392614768.0,-0.0137448885757535,False,002475,立讯精密
2024-10-28,1496.32,1509.01,1452.73,1497.35,60362218.0,2613416856.0,0.006438689084682738,False,002475,立讯精密
2024-10-29,1497.35,1523.77,1483.28,1490.14,65641108.0,2873779548.0,-0.004826803770543302,False,002475,立讯精密
2024-10-30,1479.16,1505.24,1468.86,1475.04,58656295.0,2536235915.0,-0.010184967206825192,False,002475,立讯精密
2024-10-31,1475.04,1482.25,1438.32,1448.96,75889926.0,3220955107.0,-0.017839050355630128,False,002475,立讯精密
2024-11-01,1449.3,1486.02,1444.15,1447.93,59438846.0,2533553743.0,-0.0007111074589670824,False,002475,立讯精密
2024-11-04,1447.93,1484.3,1445.18,1469.2,49086963.0,2096422340.0,0.01458308470982542,False,002475,立讯精密
2024-11-05,1465.77,1494.6,1445.52,1482.59,85913683.0,3698184436.0,0.00907252334676538,False,002475,立讯精密
2024-11-06,1482.93,1484.3,1410.18,1418.41,187046952.0,7817062352.0,-0.044254032359726365,False,002475,立讯精密
2024-11-07,1391.64,1405.37,1372.77,1404.68,145996560.0,5888382814.0,-0.009727007112616272,False,002475,立讯精密
2024-11-08,1424.25,1425.96,1377.57,1383.06,127029815.0,5178888519.0,-0.015511083148293808,False,002475,立讯精密
2024-11-11,1373.45,1400.91,1355.95,1396.79,137219615.0,5520264021.0,0.009878311166992388,False,002475,立讯精密
2024-11-12,1398.51,1465.09,1376.2,1425.62,199168114.0,8259616975.0,0.020430059960198903,False,002475,立讯精密
2024-11-13,1407.09,1430.42,1389.93,1427.34,104325052.0,4287516984.0,0.0012057653863973975,False,002475,立讯精密
2024-11-14,1426.99,1426.99,1372.77,1376.2,82870623.0,3378252845.0,-0.03648649441685043,False,002475,立讯精密
2024-11-15,1369.34,1383.75,1348.74,1348.74,77059914.0,3071696125.0,-0.020155254495995412,False,002475,立讯精密
2024-11-18,1348.74,1366.25,1315.11,1321.63,80179234.0,3125441187.0,-0.020305000005436728,False,002475,立讯精密
2024-11-19,1324.72,1334.67,1295.21,1322.32,86837859.0,3319633660.0,0.0005219463421504964,False,002475,立讯精密
2024-11-20,1322.66,1328.84,1310.31,1324.38,80278112.0,3085803304.0,0.0015566557720776645,False,002475,立讯精密
2024-11-21,1321.63,1360.07,1304.13,1346.34,97058882.0,3767308387.0,0.016445374222590767,False,002475,立讯精密
2024-11-22,1338.45,1360.07,1290.4,1292.12,90272285.0,3483981190.0,-0.04110551931726449,False,002475,立讯精密
2024-11-25,1292.46,1297.27,1246.13,1258.14,98755019.0,3640404674.0,-0.026649840459792535,False,002475,立讯精密
2024-11-26,1263.29,1300.01,1258.14,1275.3,75555362.0,2826202314.0,0.013547005206144682,False,002475,立讯精密
2024-11-27,1270.84,1355.61,1266.38,1342.91,149536528.0,5771038359.0,0.051657456097404145,False,002475,立讯精密
2024-11-28,1333.64,1336.39,1308.93,1310.99,72952300.0,2804772468.0,-0.0240563241607148,False,002475,立讯精密
2024-11-29,1305.85,1348.06,1305.85,1327.47,90114601.0,3495824651.0,0.0124922980211356,False,002475,立讯精密
2024-12-02,1344.97,1401.94,1344.63,1391.99,136620360.0,5524834213.0,0.047459502969835546,False,002475,立讯精密
2024-12-03,1391.99,1398.16,1370.02,1383.41,70054661.0,2828060681.0,-0.006182912252858145,False,002475,立讯精密
2024-12-04,1384.78,1389.93,1349.77,1358.7,57137971.0,2269379055.0,-0.018023105477378468,False,002475,立讯精密
2024-12-05,1355.61,1365.9,1335.36,1351.15,52403894.0,2060728937.0,-0.005572278565822001,False,002475,立讯精密
2024-12-06,1362.47,1389.93,1355.61,1379.97,88541042.0,3558019205.0,0.021105678120061398,False,002475,立讯精密
2024-12-09,1379.97,1393.02,1360.76,1368.65,42567215.0,1705033838.0,-0.008236907249402015,False,002475,立讯精密
2024-12-10,1415.67,1435.57,1395.08,1403.31,131004166.0,5402388325.0,0.02500887925658588,False,002475,立讯精密
2024-12-11,1404.0,1443.81,1379.63,1415.67,95806317.0,3948090977.0,0.008769185453937633,False,002475,立讯精密
2024-12-12,1420.47,1448.27,1404.68,1419.78,70657387.0,2925719292.0,0.002899012769376058,False,002475,立讯精密
2024-12-13,1407.09,1409.83,1386.5,1392.67,66249573.0,2695769596.0,-0.01927916207976985,False,002475,立讯精密
2024-12-16,1386.5,1395.42,1360.76,1365.22,52391558.0,2094235045.0,-0.019907180141850184,False,002475,立讯精密
2024-12-17,1365.22,1419.1,1362.13,1383.06,72002397.0,2924980197.0,0.012982847878246244,False,002475,立讯精密
2024-12-18,1390.96,1396.45,1371.39,1374.83,45473497.0,1824141818.0,-0.005968348578211113,False,002475,立讯精密
2024-12-19,1360.76,1436.26,1350.12,1430.08,108465775.0,4462268150.0,0.039400299651656555,False,002475,立讯精密
2024-12-20,1431.8,1439.69,1413.26,1416.7,61438712.0,2548121264.0,-0.009400163359781345,False,002475,立讯精密
2024-12-23,1416.7,1435.57,1383.06,1388.55,56971925.0,2328081978.0,-0.020070186203975413,False,002475,立讯精密
2024-12-24,1391.99,1422.53,1381.35,1420.81,59517513.0,2443465108.0,0.022967094320095322,False,002475,立讯精密
2024-12-25,1420.81,1440.72,1404.34,1409.49,46893438.0,1944421155.0,-0.00799919468686339,False,002475,立讯精密
2024-12-26,1405.71,1454.45,1394.39,1452.39,90524293.0,3803538747.0,0.02998253854631156,False,002475,立讯精密
2024-12-27,1451.02,1451.36,1414.98,1419.1,82637027.0,3444499184.0,-0.023187607520381757,False,002475,立讯精密
2024-12-30,1419.1,1444.84,1412.23,1429.39,58529459.0,2441348732.0,0.007224911978561604,False,002475,立讯精密
2024-12-31,1444.84,1444.84,1388.21,1398.85,64087258.0,2629811164.0,-0.021597309344446498,False,002475,立讯精密
2025-01-02,1393.02,1398.85,1332.61,1345.66,69199878.0,2745078822.0,-0.03876587147593919,False,002475,立讯精密
2025-01-03,1345.66,1385.81,1327.47,1346.34,75841360.0,2999349151.0,0.0005052006050986642,False,002475,立讯精密
2025-01-06,1346.68,1372.42,1328.84,1338.11,47753489.0,1872510846.0,-0.006131629037734875,False,002475,立讯精密
2025-01-07,1344.97,1407.77,1341.88,1388.55,85922232.0,3474460650.0,0.037001866615298536,False,002475,立讯精密
2025-01-08,1377.57,1379.63,1333.3,1343.6,79378319.0,3121740431.0,-0.0329074584431923,False,002475,立讯精密
2025-01-09,1341.54,1355.26,1326.78,1338.79,51304803.0,2006498055.0,-0.0035863578044222086,False,002475,立讯精密
2025-01-10,1335.02,1338.79,1297.27,1309.62,69849104.0,2667795342.0,-0.022029202154674275,False,002475,立讯精密
2025-01-13,1293.83,1328.15,1290.74,1299.32,41423127.0,1578515755.0,-0.007895968104948657,False,002475,立讯精密
2025-01-14,1308.93,1359.73,1283.54,1359.38,84003361.0,3247577928.0,0.045187662757111675,False,002475,立讯精密
2025-01-15,1343.6,1354.24,1322.66,1340.85,54012770.0,2106706097.0,-0.013724972229232905,False,002475,立讯精密
2025-01-16,1354.58,1363.84,1331.58,1346.0,42670600.0,1674538754.0,0.0038334900027019456,False,002475,立讯精密
2025-01-17,1329.53,1362.82,1325.75,1343.94,43459256.0,1703744563.0,-0.0015316329752430515,False,002475,立讯精密
2025-01-20,1367.96,1412.92,1367.62,1399.88,89874838.0,3663689664.0,0.04078092041452651,False,002475,立讯精密
2025-01-21,1404.34,1461.31,1401.25,1437.63,84934605.0,3536767857.0,0.026609405721179466,False,002475,立讯精密
2025-01-22,1424.25,1437.63,1362.47,1375.86,119390461.0,4822425427.0,-0.043916934234184246,False,002475,立讯精密
2025-01-23,1396.79,1398.85,1358.35,1359.73,69816032.0,2799986341.0,-0.011792839522190937,False,002475,立讯精密
2025-01-24,1361.79,1416.7,1361.79,1406.06,88692895.0,3603808742.0,0.033505316104530024,False,002475,立讯精密
2025-01-27,1398.51,1414.64,1376.2,1379.29,47324827.0,1915915319.0,-0.019222592712473667,False,002475,立讯精密
2025-02-05,1396.79,1419.44,1369.68,1387.18,71598541.0,2915141629.0,0.005704035389808322,False,002475,立讯精密
2025-02-06,1365.9,1428.71,1365.22,1426.99,87679481.0,3600238475.0,0.028294421353177696,False,002475,立讯精密
2025-02-07,1426.99,1482.59,1424.25,1462.0,109034598.0,4633013766.0,0.02423803056592092,False,002475,立讯精密
2025-02-10,1475.73,1484.65,1454.45,1464.06,59180009.0,2531358791.0,0.001408036978285353,False,002475,立讯精密
2025-02-11,1464.74,1474.7,1437.29,1449.3,43863664.0,1855163678.0,-0.010132717059538505,False,002475,立讯精密
2025-02-12,1475.04,1522.4,1462.68,1522.06,108024465.0,4727512281.0,0.04898399922954462,False,002475,立讯精密
2025-02-13,1522.4,1525.14,1486.02,1489.8,66262456.0,2900819047.0,-0.021422797715839336,False,002475,立讯精密
2025-02-14,1489.45,1509.7,1482.59,1493.91,42474759.0,1849179114.0,0.0027549611721717,False,002475,立讯精密
2025-02-17,1503.18,1509.01,1455.82,1467.83,72270346.0,3102003920.0,-0.017611724260380008,False,002475,立讯精密
2025-02-18,1465.77,1481.9,1439.0,1444.49,56875206.0,2425228794.0,-0.016028801582301484,False,002475,立讯精密
2025-02-19,1445.18,1471.26,1440.72,1467.15,58122373.0,2462531718.0,0.015565425332945677,False,002475,立讯精密
2025-02-20,1462.0,1521.37,1459.6,1508.33,83503583.0,3660808374.0,0.02768133511411185,False,002475,立讯精密
2025-02-21,1508.67,1557.4,1502.15,1543.68,98727100.0,4402765057.0,0.02316609769993307,False,002475,立讯精密
2025-02-24,1543.68,1583.49,1522.06,1540.93,63477699.0,2867210759.0,-0.0017830459789592618,False,002475,立讯精密
2025-02-25,1516.91,1613.0,1509.7,1584.86,91192687.0,4187616242.0,0.028109945094819594,False,002475,立讯精密
2025-02-26,1580.06,1584.86,1533.38,1542.65,67023369.0,3031406284.0,-0.026994358550359556,False,002475,立讯精密
2025-02-27,1544.71,1551.23,1512.79,1529.95,55001425.0,2453864638.0,-0.008266661670232647,False,002475,立讯精密
2025-02-28,1521.03,1525.49,1475.73,1480.87,53568391.0,2339938727.0,-0.03260530222690819,False,002475,立讯精密
2025-03-03,1509.36,1509.36,1437.97,1452.04,53295292.0,2274783985.0,-0.01966028867235384,False,002475,立讯精密
2025-03-04,1439.0,1448.96,1423.22,1436.26,46619624.0,1951184570.0,-0.010926951499782773,False,002475,立讯精密
2025-03-05,1440.38,1458.22,1422.19,1438.32,49178050.0,2061881286.0,0.0014332531031594478,False,002475,立讯精密
2025-03-06,1446.55,1474.01,1446.55,1454.1,65533785.0,2784636589.0,0.010911386701400433,False,002475,立讯精密
2025-03-07,1455.48,1461.31,1418.07,1425.28,66511576.0,2786193023.0,-0.02001886689049179,False,002475,立讯精密
2025-03-10,1417.38,1429.05,1392.33,1409.83,72141563.0,2947723362.0,-0.01089915590145099,False,002475,立讯精密
2025-03-11,1389.93,1395.08,1362.47,1382.03,79944368.0,3205706431.0,-0.01991569696544652,False,002475,立讯精密
2025-03-12,1380.66,1405.71,1357.67,1391.64,83744329.0,3374346260.0,0.0069294749945616905,False,002475,立讯精密
2025-03-13,1393.36,1402.28,1381.0,1385.47,54042239.0,2188742250.0,-0.004443475520917462,False,002475,立讯精密
2025-03-14,1379.63,1415.32,1373.11,1407.09,85991245.0,3515359694.0,0.015484309717825601,False,002475,立讯精密
2025-03-17,1417.38,1419.78,1390.96,1395.76,58908430.0,2400289271.0,-0.008084672181874045,False,002475,立讯精密
2025-03-18,1397.13,1406.74,1385.81,1402.28,59891173.0,2440209990.0,0.004660413575859918,False,002475,立讯精密
2025-03-19,1394.05,1402.97,1372.77,1397.82,58447257.0,2363325242.0,-0.003185603208241124,False,002475,立讯精密
2025-03-20,1402.28,1402.63,1383.75,1387.18,37680052.0,1530040598.0,-0.00764097074863984,False,002475,立讯精密
2025-03-21,1395.08,1413.61,1359.04,1367.96,64442157.0,2592809767.0,-0.01395233040170168,False,002475,立讯精密
2025-03-24,1370.71,1418.76,1368.65,1409.15,90318338.0,3693446598.0,0.029666106724646982,False,002475,立讯精密
2025-03-25,1407.43,1413.95,1388.55,1399.54,41623439.0,1695844789.0,-0.006843074530210949,False,002475,立讯精密
2025-03-26,1399.54,1409.49,1395.08,1398.85,30331420.0,1238959999.0,-0.0004931407087528112,False,002475,立讯精密
2025-03-27,1396.1,1410.52,1384.09,1399.54,29203780.0,1191469512.0,0.000493140708752736,False,002475,立讯精密
2025-03-28,1400.22,1424.25,1390.61,1414.29,49787332.0,2045454663.0,0.010484027182447175,False,002475,立讯精密
2025-03-31,1407.09,1420.47,1386.84,1403.31,41213435.0,1684704254.0,-0.0077939065741057705,False,002475,立讯精密
2025-04-01,1403.31,1412.23,1386.84,1387.87,38061001.0,1546945685.0,-0.011063534053680888,False,002475,立讯精密
2025-04-02,1387.18,1396.79,1328.15,1350.46,102838106.0,4058599131.0,-0.02732492260374689,False,002475,立讯精密
2025-04-03,1277.7,1284.57,1215.59,1215.59,223302734.0,8003539896.0,-0.10521571951573241,False,002475,立讯精密
2025-04-07,1094.1,1094.1,1094.1,1094.1,45487000.0,1450125560.0,-0.10529744813579689,False,002475,立讯精密
2025-04-08,1001.78,1029.58,984.62,995.26,282376468.0,8156305835.0,-0.09468337692609385,False,002475,立讯精密
2025-04-09,955.45,1011.04,930.39,984.27,263513235.0,7469385701.0,-0.011103759898612647,False,002475,立讯精密
2025-04-10,1082.77,1082.77,1041.59,1054.63,289876902.0,9030336180.0,0.06904502383820464,False,002475,立讯精密
2025-04-11,1029.92,1132.53,1017.22,1104.39,276209891.0,8623901340.0,0.04610315182843353,False,002475,立讯精密
2025-04-14,1163.76,1181.61,1080.71,1105.08,352863107.0,11506239054.0,0.0006245841965999391,False,002475,立讯精密
2025-04-15,1084.49,1085.17,1046.74,1057.37,196604382.0,6077454172.0,-0.04413303759961235,False,002475,立讯精密
2025-04-16,1031.63,1035.41,1003.84,1015.5,181417827.0,5385566086.0,-0.04040359090122413,False,002475,立讯精密
2025-04-17,1012.07,1025.46,1007.27,1011.04,100329318.0,2967875217.0,-0.00440159799529429,False,002475,立讯精密
2025-04-18,1011.04,1031.29,1011.04,1027.86,99219909.0,2961451144.0,0.016499466945276885,False,002475,立讯精密
2025-04-21,1029.23,1063.55,1021.68,1059.43,119343647.0,3632231354.0,0.030252056654861026,False,002475,立讯精密
2025-04-22,1051.2,1066.3,1035.41,1039.87,103146009.0,3139583730.0,-0.01863532230301598,False,002475,立讯精密
2025-04-23,1094.78,1104.39,1062.52,1082.08,201335409.0,6343222065.0,0.039789409504362536,False,002475,立讯精密
2025-04-24,1081.05,1081.4,1054.29,1055.66,107500103.0,3333508538.0,-0.024718951100763758,False,002475,立讯精密
2025-04-25,1063.89,1098.21,1063.89,1084.83,162430397.0,5144752380.0,0.027257128945132873,False,002475,立讯精密
2025-04-28,1091.69,1095.81,1060.46,1062.18,100914629.0,3151247228.0,-0.021099892705756792,False,002475,立讯精密
2025-04-29,1057.03,1062.18,1042.96,1047.76,88706625.0,2716087535.0,-0.013668847944094686,False,002475,立讯精密
2025-04-30,1049.82,1067.33,1042.96,1058.75,123844275.0,3812272580.0,0.010434414945116642,False,002475,立讯精密
2025-05-06,1063.55,1093.07,1060.46,1091.69,137657726.0,4326017981.0,0.030637987252358473,False,002475,立讯精密
2025-05-07,1113.66,1138.02,1071.45,1081.74,163862696.0,5223223649.0,-0.009156098436458603,False,002475,立讯精密
2025-05-08,1077.97,1132.53,1074.88,1123.61,210253628.0,6843239366.0,0.03797586037272043,False,002475,立讯精密
2025-05-09,1115.72,1116.06,1087.92,1100.96,131228032.0,4206692095.0,-0.020364189700714394,False,002475,立讯精密
2025-05-12,1144.54,1182.98,1128.41,1170.97,275246598.0,9200878069.0,0.06164993868642259,False,002475,立讯精密
2025-05-13,1217.99,1217.99,1154.15,1159.99,286919563.0,9870473584.0,-0.009421080766995403,False,002475,立讯精密
2025-05-14,1154.84,1164.79,1133.56,1150.38,182208017.0,6094580543.0,-0.008319061815241613,False,002475,立讯精密
2025-05-15,1151.41,1151.41,1119.49,1120.86,119460056.0,3927343842.0,-0.025996074777830013,False,002475,立讯精密
2025-05-16,1115.37,1124.98,1112.28,1115.37,83902847.0,2734254058.0,-0.004910059367523021,False,002475,立讯精密
2025-05-19,1111.6,1111.6,1087.92,1106.11,103206077.0,3296746780.0,-0.008336832771770972,False,002475,立讯精密
2025-05-20,1100.96,1120.52,1093.41,1118.81,95218088.0,3077663929.0,0.011416264794644164,False,002475,立讯精密
2025-05-21,1111.94,1112.63,1100.27,1102.33,95979441.0,3086281303.0,-0.014839499015485149,False,002475,立讯精密
2025-05-22,1093.07,1100.62,1089.29,1090.32,67868291.0,2161876192.0,-0.01095489030113265,False,002475,立讯精密
2025-05-23,1087.92,1099.24,1074.19,1074.19,94013492.0,2970257974.0,-0.014904341944627681,False,002475,立讯精密
2025-05-26,1046.74,1073.5,1042.62,1072.13,110267907.0,3404917098.0,-0.0019195652396151088,False,002475,立讯精密
2025-05-27,1064.92,1067.67,1044.33,1047.42,98797805.0,3027491578.0,-0.023317326370271396,False,002475,立讯精密
2025-05-28,1053.94,1060.12,1040.21,1042.96,66241302.0,2024475646.0,-0.00426717321021999,False,002475,立讯精密
2025-05-29,1064.24,1081.74,1064.24,1077.97,148791273.0,4661225819.0,0.033016818413632916,False,002475,立讯精密
2025-05-30,1060.12,1060.12,1041.59,1043.3,110852081.0,3382102389.0,-0.03269087629423271,False,002475,立讯精密
2025-06-03,1036.1,1045.36,1033.69,1040.56,58999291.0,1789426646.0,-0.002629736718438347,False,002475,立讯精密
2025-06-04,1042.62,1063.21,1039.87,1057.03,83923933.0,2579308768.0,0.015704058925797633,False,002475,立讯精密
2025-06-05,1058.75,1093.41,1058.06,1085.52,142089309.0,4455372111.0,0.026596046156414484,False,002475,立讯精密
2025-06-06,1077.97,1082.77,1069.73,1074.88,85342289.0,2672851415.0,-0.009850107413769309,False,002475,立讯精密
2025-06-09,1087.92,1100.96,1082.08,1095.81,96008164.0,3058275406.0,0.019284788391622364,False,002475,立讯精密
2025-06-10,1091.01,1105.08,1075.91,1090.66,119822235.0,3810618393.0,-0.004710798249141303,False,002475,立讯精密
2025-06-11,1094.78,1116.75,1091.35,1097.18,98953985.0,3179019577.0,0.005960234113622733,False,002475,立讯精密
2025-06-12,1086.2,1103.71,1082.77,1092.72,71827337.0,2291824378.0,-0.004073250985395556,False,002475,立讯精密
2025-06-13,1084.49,1097.53,1070.76,1072.47,80057462.0,2517333047.0,-0.018705601311660845,False,002475,立讯精密
2025-06-16,1065.61,1099.93,1064.58,1095.13,96095757.0,3052267761.0,0.020908678281977906,False,002475,立讯精密
2025-06-17,1095.13,1125.67,1092.38,1121.21,153613079.0,4998428887.0,0.023535381601246245,False,002475,立讯精密
2025-06-18,1112.28,1134.25,1111.94,1130.47,118317520.0,3886671308.0,0.008225016169152428,False,002475,立讯精密
2025-06-19,1131.16,1144.2,1119.49,1122.92,106169164.0,3497212070.0,-0.0067010399904492,False,002475,立讯精密
2025-06-20,1120.52,1149.35,1118.46,1139.74,119142685.0,3949672870.0,0.014867730756241877,False,002475,立讯精密
2025-06-23,1132.19,1158.96,1128.41,1139.05,93648663.0,3121733432.0,-0.0006055845611812931,False,002475,立讯精密
2025-06-24,1142.83,1151.75,1132.88,1140.43,100540645.0,3337390355.0,0.0012108026116440017,False,002475,立讯精密
2025-06-25,1141.46,1142.14,1124.64,1140.77,104900759.0,3460741468.0,0.0002980887274395593,False,002475,立讯精密
2025-06-26,1140.77,1151.41,1130.82,1131.5,83772483.0,2786154335.0,-0.008159286905455067,False,002475,立讯精密
2025-06-27,1131.85,1170.28,1121.89,1162.39,154936383.0,5218421989.0,0.026934044254904865,False,002475,立讯精密
2025-06-30,1165.14,1193.62,1165.14,1190.53,126686312.0,4377077239.0,0.023920355776928547,False,002475,立讯精密
2025-07-01,1193.96,1199.8,1175.78,1191.22,78165837.0,2703071306.0,0.0005794059152332777,False,002475,立讯精密
2025-07-02,1187.1,1187.1,1161.7,1164.11,71185833.0,2419827416.0,-0.023021145476068854,False,002475,立讯精密
2025-07-03,1166.51,1241.67,1166.51,1227.6,191836317.0,6774927117.0,0.05310419720099096,False,002475,立讯精密
2025-07-04,1222.45,1224.17,1209.75,1211.12,86384591.0,3057264304.0,-0.013515492441957806,False,002475,立讯精密
2025-07-07,1210.78,1210.78,1175.43,1192.59,88363281.0,3056920478.0,-0.015418138690859206,False,002475,立讯精密
2025-07-08,1187.44,1217.3,1187.1,1213.53,88517185.0,3118524498.0,0.017406055127174226,False,002475,立讯精密
2025-07-09,1214.56,1233.77,1205.29,1211.47,84498679.0,2998487617.0,-0.0016989694808373357,False,002475,立讯精密
2025-07-10,1208.04,1235.15,1205.63,1227.25,83702372.0,2982205576.0,0.012941395679060986,False,002475,立讯精密
2025-07-11,1231.37,1235.49,1215.24,1227.25,80263494.0,2870070347.0,0.0,False,002475,立讯精密
2025-07-14,1227.94,1231.05,1204.82,1220.35,50633138.0,1789863007.0,-0.005638191108661429,False,002475,立讯精密
2025-07-15,1221.73,1273.5,1219.66,1269.35,145528729.0,5279131620.0,0.03936725557954558,False,002475,立讯精密
2025-07-16,1263.49,1300.76,1259.69,1278.67,118652484.0,4422970732.0,0.007315516804944149,False,002475,立讯精密
2025-07-17,1276.95,1367.37,1273.15,1359.78,169445288.0,6562532358.0,0.06150244672490378,False,002475,立讯精密
2025-07-18,1358.05,1374.62,1330.1,1336.65,135944065.0,5315102285.0,-0.017156438212055557,False,002475,立讯精密
2025-07-21,1337.34,1345.28,1305.25,1334.24,102689902.0,3932374605.0,-0.0018046423881633578,False,002475,立讯精密
2025-07-22,1318.02,1326.99,1303.87,1314.57,91418826.0,3481265540.0,-0.014852225399443314,False,002475,立讯精密
2025-07-23,1308.35,1328.72,1300.42,1310.08,68221901.0,2601928803.0,-0.0034214119063619235,False,002475,立讯精密
2025-07-24,1304.56,1311.46,1287.3,1306.97,98031544.0,3684466150.0,-0.0023767230003123095,False,002475,立讯精密
2025-07-25,1307.66,1330.44,1304.21,1322.85,81962679.0,3137604862.0,0.01207701896974165,False,002475,立讯精密
2025-07-28,1325.26,1327.68,1291.1,1303.18,93740755.0,3540657759.0,-0.014981068670779227,False,002475,立讯精密
2025-07-29,1295.93,1298.0,1271.08,1296.62,95293958.0,3548773907.0,-0.005046552752007144,False,002475,立讯精密
2025-07-30,1287.3,1325.26,1273.84,1302.49,92427309.0,3487636330.0,0.00451693847535028,False,002475,立讯精密
2025-07-31,1291.79,1311.46,1258.31,1264.18,100622208.0,3740230941.0,-0.029854126423407967,False,002475,立讯精密
2025-08-01,1267.28,1289.72,1252.1,1264.52,75000417.0,2757967414.0,0.0002689128817564072,False,002475,立讯精密
2025-08-04,1246.58,1255.89,1235.53,1250.72,80242555.0,2891254070.0,-0.010973218041191574,False,002475,立讯精密
2025-08-05,1255.55,1263.49,1246.92,1258.66,56864800.0,2069672759.0,0.006328277501064736,False,002475,立讯精密
2025-08-06,1255.55,1255.55,1238.29,1249.68,63985419.0,2310885966.0,-0.007160144450331768,False,002475,立讯精密
2025-08-07,1311.46,1334.24,1276.95,1277.64,183170454.0,6922956076.0,0.02212710759176174,False,002475,立讯精密
2025-08-08,1276.95,1276.95,1257.28,1257.62,74280423.0,2722198489.0,-0.015793580258141354,False,002475,立讯精密
2025-08-11,1259.35,1318.36,1259.35,1311.8,141479671.0,5351015630.0,0.042179194003261394,False,002475,立讯精密
2025-08-12,1310.08,1332.86,1302.49,1317.33,76452626.0,2921966269.0,0.004206720972439741,False,002475,立讯精密
2025-08-13,1323.19,1345.28,1305.25,1323.54,105807028.0,4068295554.0,0.004703004272220722,False,002475,立讯精密
2025-08-14,1328.72,1347.7,1318.71,1328.03,97923455.0,3779698853.0,0.0033866760383710654,False,002475,立讯精密
2025-08-15,1314.91,1339.76,1310.77,1331.82,87417002.0,3363990014.0,0.002849786690957703,False,002475,立讯精密
2025-08-18,1332.17,1392.91,1321.47,1366.33,153895921.0,6098343355.0,0.025581885380208266,False,002475,立讯精密
2025-08-19,1366.68,1371.86,1332.51,1349.42,108849590.0,4259042373.0,-0.012453442728238751,False,002475,立讯精密
2025-08-20,1345.63,1406.37,1319.05,1382.21,132784734.0,5282232776.0,0.024008796988532848,False,002475,立讯精密
2025-08-21,1383.93,1464.35,1373.93,1456.06,200684428.0,8301490958.0,0.0520504902246545,False,002475,立讯精密
2025-08-22,1430.87,1479.88,1426.38,1473.67,140167282.0,5900362776.0,0.012021730388483831,False,002475,立讯精密
2025-08-25,1497.13,1528.54,1453.99,1482.29,152354512.0,6570702104.0,0.005832301137108388,False,002475,立讯精密
2025-08-26,1490.92,1615.17,1490.92,1573.75,222321982.0,10000629712.0,0.05987311713418353,False,002475,立讯精密
2025-08-27,1553.73,1627.94,1549.59,1552.35,200969020.0,9278340405.0,-0.013691394576265201,False,002475,立讯精密
2025-08-28,1552.7,1591.01,1530.61,1591.01,165324126.0,7484800174.0,0.024599122890864994,False,002475,立讯精密
2025-08-29,1590.66,1634.49,1558.91,1586.87,173029403.0,7971168566.0,-0.002605512065967835,False,002475,立讯精密
2025-09-01,1591.01,1615.17,1549.59,1562.36,140621009.0,6401671201.0,-0.01556602401095212,False,002475,立讯精密
2025-09-02,1555.8,1573.41,1501.28,1511.63,148018338.0,6557335184.0,-0.03300895979759882,False,002475,立讯精密
2025-09-03,1518.88,1533.37,1483.67,1491.61,100889947.0,4402641695.0,-0.013332465306201212,False,002475,立讯精密
2025-09-04,1508.52,1576.86,1501.28,1531.99,200637662.0,8941490727.0,0.026711470371652845,False,002475,立讯精密
2025-09-05,1530.96,1628.97,1508.18,1628.97,228191530.0,10489291676.0,0.06138036936211392,False,002475,立讯精密
2025-09-08,1694.2,1791.87,1683.5,1716.98,289125512.0,14557101684.0,0.05261902037978542,False,002475,立讯精密
2025-09-09,1718.01,1751.49,1638.63,1646.57,188129323.0,9103502528.0,-0.04187259726874523,False,002475,立讯精密
2025-09-10,1597.22,1690.06,1581.34,1659.69,201877336.0,9549391987.0,0.007936501586003997,False,002475,立讯精密
2025-09-11,1628.97,1825.69,1605.16,1825.69,284214404.0,14306453448.0,0.09532715983006373,False,002475,立讯精密
2025-09-12,1870.56,1920.94,1810.5,1819.13,425849206.0,23093057572.0,-0.0035996329494207397,False,002475,立讯精密
2025-09-15,1799.46,1871.59,1797.04,1820.17,249499806.0,13237384440.0,0.0005715384982333116,False,002475,立讯精密
2025-09-16,1817.41,1870.56,1799.81,1808.09,200349016.0,10610989503.0,-0.006658863827861187,False,002475,立讯精密
2025-09-17,1816.37,1828.8,1777.37,1794.97,194955234.0,10192389842.0,-0.007282730783470324,False,002475,立讯精密
2025-09-18,1777.37,1896.09,1763.57,1832.94,315536216.0,16692440412.0,0.02093292638894687,False,002475,立讯精密
2025-09-19,1874.35,1998.59,1864.69,1912.31,319703998.0,17827566857.0,0.04239070028054228,False,002475,立讯精密
2025-09-22,2103.51,2103.51,2075.21,2103.51,90279351.0,5501600825.0,0.09529544264045393,False,002475,立讯精密
2025-09-23,2314.04,2314.04,2197.04,2267.44,554123874.0,36353840908.0,0.075044063778484,False,002475,立讯精密
2025-09-24,2216.71,2491.77,2198.42,2422.75,451635559.0,29906689611.0,0.06625181683544039,False,002475,立讯精密
2025-09-25,2408.94,2470.38,2353.72,2372.36,331771538.0,22988862615.0,-0.02101801835537157,False,002475,立讯精密
2025-09-26,2371.67,2373.74,2214.3,2217.4,332090893.0,21965504720.0,-0.06754990192103655,False,002475,立讯精密
2025-09-29,2217.4,2255.71,2163.22,2236.38,262852479.0,16918393242.0,0.00852314883023341,False,002475,立讯精密
2025-09-30,2257.09,2290.91,2200.49,2232.59,229529053.0,14884453179.0,-0.0016961406805678441,False,002475,立讯精密
2025-10-09,2203.25,2282.97,2186.69,2253.64,261650982.0,17046509786.0,0.00938434029549919,False,002475,立讯精密
2025-10-10,2226.03,2241.56,2077.97,2098.33,260955086.0,16258524771.0,-0.07140489653669124,False,002475,立讯精密
2025-10-13,1902.31,2014.47,1902.31,1993.07,267290302.0,15306475401.0,-0.051465626720470094,False,002475,立讯精密
2025-10-14,2029.31,2069.69,1882.63,1898.51,248599086.0,14241316173.0,-0.04860679555196782,False,002475,立讯精密
2025-10-15,1899.55,2014.82,1859.51,2008.6,242527395.0,13673494569.0,0.05636859398495148,False,002475,立讯精密
2025-10-16,2003.08,2125.94,1992.38,2043.12,256325542.0,15334036992.0,0.017040089284672627,False,002475,立讯精密
2025-10-17,2044.84,2044.84,1911.97,1915.08,179240230.0,10165620025.0,-0.06471865404481601,False,002475,立讯精密
2025-10-20,1962.36,1996.52,1947.86,1972.37,162519564.0,9272508356.0,0.02947646813863129,False,002475,立讯精密
2025-10-21,2036.21,2169.77,2034.49,2110.41,292936570.0,17821150490.0,0.06764637605230785,False,002475,立讯精密
2025-10-22,2074.18,2110.41,2054.5,2074.52,132425023.0,7986543312.0,-0.017152439786265003,False,002475,立讯精密
2025-10-23,2046.57,2086.26,2011.36,2075.56,109740953.0,6524692837.0,0.00050119516817533,False,002475,立讯精密
2025-10-24,2101.44,2213.95,2093.5,2205.67,234445779.0,14736755293.0,0.06080032082974173,False,002475,立讯精密
2025-10-27,2273.66,2277.45,2192.55,2257.09,233992056.0,15195422274.0,0.02304505536234036,False,002475,立讯精密
2025-10-28,2232.93,2270.9,2208.77,2231.55,142632780.0,9262740420.0,-0.01137996169266449,False,002475,立讯精密
2025-10-29,2274.69,2328.88,2249.15,2321.97,180052783.0,11983703878.0,0.03971955200637102,False,002475,立讯精密
2025-10-30,2315.76,2322.32,2197.04,2244.67,178788411.0,11675786638.0,-0.03385744622444075,False,002475,立讯精密
2025-10-31,2284.7,2308.17,2174.26,2174.26,173415239.0,11158675824.0,-0.031870140306884065,False,002475,立讯精密
2025-11-03,2167.36,2172.88,2094.54,2171.5,140414271.0,8693261074.0,-0.0012702037715319396,False,002475,立讯精密
2025-11-04,2157.01,2168.74,2072.8,2089.36,128990576.0,7901104870.0,-0.03856037400666081,False,002475,立讯精密
2025-11-05,2022.41,2121.11,2014.13,2104.55,112172866.0,6760397261.0,0.0072438685726753434,False,002475,立讯精密
2025-11-06,2104.55,2134.92,2063.82,2128.02,132471322.0,8075585074.0,0.011090302372718859,False,002475,立讯精密
2025-11-07,2095.57,2105.24,2065.2,2067.27,105363369.0,6346313297.0,-0.0289630736695375,False,002475,立讯精密
2025-11-10,2053.47,2077.63,1974.44,2015.51,153527579.0,8911656168.0,-0.025356631151157563,False,002475,立讯精密
2025-11-11,2035.52,2041.39,1940.61,1949.59,108489718.0,6189292993.0,-0.033253171052356804,False,002475,立讯精密
2025-11-12,1947.86,2017.58,1945.45,1993.76,135717529.0,7815417070.0,0.022403209153999175,False,002475,立讯精密
2025-11-13,1974.09,2013.78,1963.05,1980.3,93995272.0,5397445322.0,-0.006773954831722697,False,002475,立讯精密
2025-11-14,1955.45,2009.64,1936.13,1950.28,101754426.0,5829324295.0,-0.015275396369473084,False,002475,立讯精密
2025-11-17,1949.59,1982.37,1936.82,1951.66,74185638.0,4205657010.0,0.0007073404806523174,False,002475,立讯精密
2025-11-18,1936.82,1993.07,1911.97,1953.73,105402888.0,5974063197.0,0.0010600734850285038,False,002475,立讯精密
2025-11-19,1967.19,1999.63,1946.83,1958.56,93532984.0,5330936920.0,0.0024691433681597913,False,002475,立讯精密
2025-11-20,2005.15,2008.6,1921.63,1924.05,95981221.0,5436030226.0,-0.01777716991323289,False,002475,立讯精密
2025-11-21,1863.65,1873.32,1822.24,1823.96,149999606.0,8020601930.0,-0.05342237784471619,False,002475,立讯精密
2025-11-24,1835.7,1858.48,1801.53,1837.77,95703000.0,5077293741.0,0.007542918498804197,False,002475,立讯精密
2025-11-25,1871.25,1946.14,1865.03,1922.32,145075983.0,8050188476.0,0.0449799098399319,False,002475,立讯精密
2025-11-26,1909.21,2031.04,1895.06,1987.9,159153919.0,9136365853.0,0.033546015232486306,False,002475,立讯精密
2025-11-27,1991.35,2040.7,1960.29,1965.81,126380424.0,7319810271.0,-0.011174431033399355,False,002475,立讯精密
2025-11-28,1960.98,2007.91,1958.56,1994.11,96257755.0,5543542167.0,0.014293461389636702,False,002475,立讯精密
2025-12-01,1996.52,2046.22,1946.48,2022.75,137736228.0,7969904521.0,0.014260136191236046,False,002475,立讯精密
2025-12-02,2021.37,2122.49,2007.91,2070.73,181396504.0,10920312512.0,0.02344323040743084,False,002475,立讯精密
2025-12-03,2073.49,2084.53,2017.23,2030.0,108086644.0,6408961263.0,-0.019865409059546944,False,002475,立讯精密
2025-12-04,2022.75,2061.41,1970.99,2057.96,103890858.0,6085818537.0,0.01367940782330676,False,002475,立讯精密
2025-12-05,2057.61,2059.68,2026.2,2044.84,71699567.0,4248662542.0,-0.006395654051917449,False,002475,立讯精密
2025-12-08,2039.66,2095.23,2027.24,2073.49,111448052.0,6690195483.0,0.013913631104140558,False,002475,立讯精密
2025-12-09,2073.14,2122.84,2056.92,2091.43,110658149.0,6714668917.0,0.008614864608502299,False,002475,立讯精密
2025-12-10,2067.27,2067.27,2002.39,2054.5,95668514.0,5632613696.0,-0.017815533196400783,False,002475,立讯精密
2025-12-11,2052.78,2115.59,2008.26,2010.33,87639849.0,5200843714.0,-0.021733621641779662,False,002475,立讯精密
2025-12-12,2009.64,2101.1,1987.9,2083.84,132191892.0,7900964056.0,0.035913457812326716,False,002475,立讯精密
2025-12-15,2055.19,2059.34,1977.2,1979.61,122673493.0,7143771178.0,-0.05131248990347869,False,002475,立讯精密
2025-12-16,1956.84,1997.9,1943.72,1978.58,72495956.0,4138588438.0,-0.000520439909781241,False,002475,立讯精密
2025-12-17,1972.37,2028.97,1969.95,2024.48,76178566.0,4427953757.0,0.022933461760202074,False,002475,立讯精密
2025-12-18,1995.83,2007.57,1965.81,1966.5,59964677.0,3442857271.0,-0.02905756456908929,False,002475,立讯精密
2025-12-19,1974.44,1997.21,1958.56,1959.6,61846149.0,3534311770.0,-0.003514942107444497,False,002475,立讯精密
2025-12-22,1970.64,2010.67,1966.84,1992.38,77726256.0,4485816559.0,0.016589533239375405,False,002475,立讯精密
2025-12-23,1986.17,2022.41,1982.03,2003.43,77505600.0,4507631681.0,0.005530807605027994,False,002475,立讯精密
2025-12-24,2007.91,2057.61,1988.24,2046.22,91859271.0,5404246113.0,0.021133477003868414,False,002475,立讯精密
2025-12-25,2036.21,2069.0,2010.33,2051.05,79411049.0,4697050390.0,0.002357668514565452,False,002475,立讯精密
2025-12-26,2042.43,2043.12,2014.47,2015.51,74266500.0,4354917584.0,-0.017479592034341875,False,002475,立讯精密
2025-12-29,2005.15,2048.64,1998.59,2009.29,93055053.0,5441701496.0,-0.003090839272404323,False,002475,立讯精密
2025-12-30,2001.01,2049.33,1973.4,2004.12,99164728.0,5783619694.0,-0.0025763641689842795,False,002475,立讯精密
2025-12-31,2020.68,2024.13,1946.48,1957.18,104905173.0,6003869905.0,-0.023700399968515487,False,002475,立讯精密
2026-01-05,1971.33,2053.12,1970.99,2020.68,159455283.0,9358442265.0,0.03192942672720711,False,002475,立讯精密
2026-01-06,2032.07,2053.47,1995.49,2043.81,141539975.0,8330556573.0,0.011381624602579025,False,002475,立讯精密
2026-01-07,2036.21,2039.66,1960.29,1986.17,187357397.0,10829848832.0,-0.028607551876720375,False,002475,立讯精密
2026-01-08,1967.88,1969.26,1890.23,1903.69,240111695.0,13264652378.0,-0.04241405316663769,False,002475,立讯精密
2026-01-09,1892.99,1943.03,1863.65,1920.6,154079007.0,8518973944.0,0.008843529234433668,False,002475,立讯精密
2026-01-12,1905.07,1918.87,1863.65,1913.0,188390485.0,10301185319.0,-0.003964946763619455,False,002475,立讯精密
2026-01-13,1920.6,1951.66,1875.39,1883.67,133498244.0,7385100189.0,-0.015450688881783744,False,002475,立讯精密
2026-01-14,1870.56,1891.26,1845.02,1849.16,169913878.0,9190861212.0,-0.01849051965390863,False,002475,立讯精密
2026-01-15,1840.87,1986.86,1837.08,1979.96,262847130.0,14597266865.0,0.06834516055975477,False,002475,立讯精密
2026-01-16,2011.36,2067.62,1998.59,2004.46,259990309.0,15284928361.0,0.012298055318117835,False,002475,立讯精密
2026-01-19,2005.15,2087.29,1994.8,1996.87,195719959.0,11530425069.0,-0.0037937431320315806,False,002475,立讯精密
2026-01-20,1998.25,2013.09,1908.86,1983.06,177225955.0,10048349855.0,-0.00693984840226351,False,002475,立讯精密
2026-01-21,1955.11,2012.05,1953.38,1969.26,111719948.0,6424873922.0,-0.006983268602188528,False,002475,立讯精密
2026-01-22,1982.03,2013.78,1936.13,1946.83,149804210.0,8531018706.0,-0.011455428901950648,False,002475,立讯精密
2026-01-23,1954.42,1954.42,1898.16,1915.42,144925368.0,8052423541.0,-0.016265489027794806,False,002475,立讯精密
2026-01-26,1911.28,1911.97,1864.0,1866.76,127111156.0,6917918137.0,-0.025732611911031766,False,002475,立讯精密
2026-01-27,1874.7,1890.92,1824.31,1853.99,122784313.0,6608414372.0,-0.00686423443717618,False,002475,立讯精密
2026-01-28,1853.3,1896.44,1822.93,1838.8,151194870.0,8124725548.0,-0.008226888435923414,False,002475,立讯精密
2026-01-29,1829.14,1833.63,1785.31,1790.83,147260590.0,7686631742.0,-0.026433985416101,False,002475,立讯精密
2026-01-30,1781.17,1811.88,1760.81,1783.93,108558812.0,5631865241.0,-0.0038604038139961436,False,002475,立讯精密
2026-02-02,1794.28,1849.85,1794.28,1802.22,138486234.0,7315678565.0,0.01020044258482582,False,002475,立讯精密
2026-02-03,1823.27,1842.6,1768.74,1810.5,104663797.0,5464439702.0,0.004583811918894204,False,002475,立讯精密
2026-02-04,1794.97,1796.35,1748.04,1791.18,124442380.0,6390867495.0,-0.010728429682460398,False,002475,立讯精密
2026-02-05,1777.37,1814.65,1774.61,1784.27,75985941.0,3948087323.0,-0.003865252543344216,False,002475,立讯精密
2026-02-06,1772.89,1794.97,1749.76,1765.98,72491146.0,3723195003.0,-0.010303590908427097,False,002475,立讯精密
2026-02-09,1794.28,1794.63,1771.51,1784.97,77530036.0,4004057333.0,0.010695831278351622,False,002475,立讯精密
2026-02-10,1783.93,1793.94,1772.89,1783.93,74683050.0,3859138594.0,-0.000582812647839991,False,002475,立讯精密
2026-02-11,1773.58,1791.87,1760.81,1765.29,68945249.0,3542639012.0,-0.01050381288231425,False,002475,立讯精密
2026-02-12,1769.1,1777.06,1741.4,1745.9,97024007.0,4903262372.0,-0.011044800828932933,False,002475,立讯精密
2026-02-13,1727.9,1768.41,1705.4,1758.71,114492599.0,5776476638.0,0.007310403753505964,False,002475,立讯精密
2026-02-24,1779.83,1782.6,1748.67,1752.83,84415339.0,4300015328.0,-0.003348961137058982,False,002475,立讯精密
2026-02-25,1750.06,1797.83,1747.29,1785.72,124704783.0,6391742056.0,0.01859007062278351,False,002475,立讯精密
2026-02-26,1786.06,1787.45,1767.02,1771.18,106425064.0,5454795825.0,-0.008175704118923786,False,002475,立讯精密
2026-02-27,1753.52,1754.9,1707.47,1738.63,127271550.0,6349492767.0,-0.01854854435208653,False,002475,立讯精密
2026-03-02,1707.13,1721.32,1674.93,1700.2,128983380.0,6329687455.0,-0.02235155557569037,False,002475,立讯精密
2026-03-03,1701.94,1722.01,1634.08,1640.66,136026519.0,6548505878.0,-0.0356472912974889,False,002475,立讯精密
2026-03-04,1615.73,1630.27,1585.61,1602.23,119890568.0,5557272421.0,-0.023702191025899332,False,002475,立讯精密
2026-03-05,1627.16,1653.47,1623.0,1627.16,100873314.0,4765363060.0,0.015439755028052261,False,002475,立讯精密
2026-03-06,1612.96,1641.7,1608.81,1637.54,73249601.0,3447363241.0,0.0063589518040544435,False,002475,立讯精密
2026-03-09,1601.88,1614.0,1572.8,1609.85,97374939.0,4484441010.0,-0.01705410875571164,False,002475,立讯精密
2026-03-10,1634.08,1720.63,1634.08,1709.9,181409372.0,8875107862.0,0.06029388231828206,False,002475,立讯精密
2026-03-11,1711.97,1761.48,1706.09,1736.9,168648425.0,8476553856.0,0.01566702580541978,False,002475,立讯精密
2026-03-12,1727.55,1745.9,1706.09,1720.63,86041581.0,4282954480.0,-0.009411412246503716,False,002475,立讯精密
2026-03-13,1708.51,1740.71,1698.13,1707.82,81983337.0,4071284136.0,-0.007472799435348574,False,002475,立讯精密
2026-03-16,1696.74,1705.74,1644.81,1705.4,96527204.0,4675886931.0,-0.001418016070165476,False,002475,立讯精密
2026-03-17,1737.25,1791.95,1722.71,1725.13,185009493.0,9421830949.0,0.011502722636754595,False,002475,立讯精密
2026-03-18,1719.25,1727.21,1692.93,1708.17,86120488.0,4245300752.0,-0.009879787933206223,False,002475,立讯精密
2026-03-19,1674.93,1689.47,1656.58,1663.16,91805865.0,4422841914.0,-0.026703214780950953,False,002475,立讯精密
2026-03-20,1675.28,1720.63,1669.39,1669.39,100484471.0,4918969446.0,0.0037388829920372325,False,002475,立讯精密
2026-03-23,1645.5,1653.12,1590.8,1602.92,101744612.0,4757499917.0,-0.04063132428385038,False,002475,立讯精密
2026-03-24,1620.23,1625.08,1543.03,1604.31,110560688.0,5039460248.0,0.0008667916470153947,False,002475,立讯精密
2026-03-25,1640.31,1764.6,1627.16,1764.6,260886146.0,13043880637.0,0.09523027820225512,False,002475,立讯精密
2026-03-26,1790.22,1790.22,1729.63,1737.59,220019409.0,11164299113.0,-0.015424940129405245,False,002475,立讯精密
2026-03-27,1668.01,1775.68,1668.01,1752.13,174981118.0,8737181238.0,0.008333094998228196,False,002475,立讯精密
2026-03-30,1724.09,1731.02,1665.24,1688.09,159640570.0,7806460835.0,-0.037234478386709055,False,002475,立讯精密
2026-03-31,1675.62,1752.48,1661.78,1705.4,167150472.0,8302284090.0,0.010201975037831055,False,002475,立讯精密
2026-04-01,1747.63,1769.44,1724.09,1744.86,110977737.0,5578244766.0,0.022874635883680727,False,002475,立讯精密
2026-04-02,1734.48,1762.17,1716.13,1727.21,85965881.0,4306449474.0,-0.010166933290330882,False,002475,立讯精密
2026-04-03,1741.4,1744.17,1683.93,1689.47,74514475.0,3668426747.0,-0.022092519637368253,False,002475,立讯精密
2026-04-07,1696.4,1729.29,1665.58,1675.28,79987772.0,3915337449.0,-0.008434554796034072,False,002475,立讯精密
2026-04-08,1715.78,1819.99,1715.78,1809.6,201928715.0,10341801422.0,0.07712551089395919,False,002475,立讯精密
2026-04-09,1782.95,1931.12,1776.02,1907.23,299603070.0,16300584856.0,0.052546101251233365,False,002475,立讯精密
2026-04-10,1918.66,2048.83,1900.66,2014.21,386896937.0,22240373573.0,0.05457513133890362,False,002475,立讯精密
2026-04-13,2000.36,2060.6,1990.67,2028.75,238813216.0,13958472897.0,0.007192780876807984,False,002475,立讯精密
2026-04-14,2042.6,2099.72,2027.02,2047.45,243274497.0,14486703394.0,0.009175276575829911,False,002475,立讯精密
2026-04-15,2042.6,2111.15,2023.56,2034.98,198003810.0,11789558135.0,-0.006109125586058734,False,002475,立讯精密
2026-04-16,2034.29,2099.72,2007.98,2092.8,199642241.0,11903948272.0,0.028016891444307475,False,002475,立讯精密
2026-04-17,2072.03,2107.69,2051.25,2068.56,134342400.0,8048223623.0,-0.011650169255626164,False,002475,立讯精密
2026-04-20,2168.62,2275.59,2108.72,2275.59,392926863.0,25188235807.0,0.09538664641416238,False,002475,立讯精密
2026-04-21,2245.47,2284.94,2177.62,2276.29,262573277.0,16943576025.0,0.0003075652282212816,False,002475,立讯精密
2026-04-22,2263.82,2378.07,2236.47,2355.22,236665585.0,15963581222.0,0.03408721669669059,False,002475,立讯精密
2026-04-23,2388.8,2446.96,2329.95,2346.22,232237089.0,15938711239.0,-0.003828618888569997,False,002475,立讯精密
2026-04-24,2337.22,2347.26,2228.51,2284.94,262279111.0,17251346199.0,-0.02646575667989452,False,002475,立讯精密
2026-04-27,2353.49,2513.44,2336.87,2491.62,327349997.0,23372375964.0,0.0865933355405326,False,002475,立讯精密
2026-04-28,2458.74,2506.51,2387.07,2419.27,215990814.0,15245939862.0,-0.029467259566611125,False,002475,立讯精密
2026-04-29,2354.18,2415.46,2302.25,2376.34,210391849.0,14341701763.0,-0.017904352863642517,False,002475,立讯精密
2026-04-30,2405.42,2405.42,2312.64,2319.56,155047490.0,10467151556.0,-0.02418397638701682,False,002475,立讯精密
2026-05-06,2363.53,2458.04,2315.06,2322.33,213054399.0,14608440724.0,0.0011934795218315896,False,002475,立讯精密
2026-05-07,2336.87,2433.81,2294.98,2406.8,214188521.0,14678541091.0,0.0357270723232397,False,002475,立讯精密
2026-05-08,2358.68,2495.43,2323.37,2468.08,215071024.0,15166942308.0,0.02514245606458885,False,002475,立讯精密
2026-05-11,2613.83,2714.93,2577.83,2633.22,270015409.0,20583695884.0,0.06476691147537372,False,002475,立讯精密
2026-05-12,2679.27,2727.39,2613.83,2672.34,198024613.0,15270074423.0,0.014747061184335946,False,002475,立讯精密
2026-05-13,2622.49,2831.25,2600.33,2774.82,226366456.0,18021923742.0,0.037631387141358386,False,002475,立讯精密
2026-05-14,2745.05,2747.12,2604.14,2610.37,221670631.0,16975179746.0,-0.061093906490354344,False,002475,立讯精密
2026-05-15,2647.42,2658.84,2513.78,2561.9,198921177.0,14751129626.0,-0.018742803032833627,False,002475,立讯精密
2026-05-18,2530.05,2600.33,2481.24,2523.82,204511202.0,14953197726.0,-0.01497554394304886,False,002475,立讯精密
2026-05-19,2494.39,2517.24,2424.81,2506.51,143082046.0,10235474979.0,-0.006882279423047477,False,002475,立讯精密
2026-05-20,2493.7,2513.44,2399.19,2425.85,182380377.0,12861203395.0,-0.032709368903262544,False,002475,立讯精密
2026-05-21,2458.39,2526.94,2339.3,2349.68,194798584.0,13796884415.0,-0.03190282976587351,False,002475,立讯精密
2026-05-22,2406.11,2523.13,2385.34,2506.51,186637744.0,13302102231.0,0.06461219866913596,False,002475,立讯精密
